                         14  14  14  14  14  14  14  14  14  14  14  14  14  14  14  14  14  14  14 
                         14                                                                      14 
                         14              10  10  10  10  10  10  10  10  10  10  10  10  10      14 
                         14              10                                              10      14 
                         14      16  16  -1  15  15  15  15  15  15  15  15  15  15      10      14 
                         14      16      11                                      15      10      14 
                         14      16      11      17  17  17  17  17              15      10      14 
                         14      16      11      17              17              15      10      14 
                         14      16  16  -2  17  17       2   2  -2   3   3      15      10      14 
                         14              12               2      18       3      15      10      14 
  4   4   4   4   4      14              12               2      18       3      15      10      14 
  4               4      14              12               2      18       3      15      10      14 
  4      19  19  -1  20  -2   5   5   5  -1   6   6   6  -2   7  -1   8  -2   9  -1  10  10      14 
  4      19       1      13              13               1      19       4      14              14 
  4      19       1      13              13               1      19       4      14  14  14  14  14 
  4      19       1      13              13               1      19       4                         
  4      19       1      13  13  13  13  13               1      19       4                         
  4      19       1                                       1      19       4                         
  4      19       1   1   1   1   1   1   1   1   1   1   1      19       4                         
  4      19                                                      19       4                         
  4      19  19  19  19  19  19  19  19  19  19  19  19  19  19  19       4                         
  4                                                                       4                         
  4   4   4   4   4   4   4   4   4   4   4   4   4   4   4   4   4   4   4                         
