  1   1   1   1   1   1   1   1   1                                                                                         
  1                               1                                                                                         
  1                               1       3   3   3   3   3   3   3   3   3   3   3   3   3   3   3   3   3   3   3   3   3 
  1                               1       3                                                                               3 
  1                               1       3      13  13  13  13  13  13  13  13  13  13  13  13  13  13  13  13  13       3 
  1                               1       3      13                                                              13       3 
  1                               1       3      13      11  11  11  11  11  11  11  11  11  11  11  11  11      13       3 
  1                               1       3      13      11                                              11      13       3 
  1                               1       3      13      11      16  16  16  16  16  16  16  16  16      11      13       3 
  1                               1       3      13      11      16                              16      11      13       3 
  1                               1       3      13      11      16       6   6   6   6   6      16      11      13       3 
  1                               1       3      13      11      16       6               6      16      11      13       3 
  1      15  15  15  15  15       1       3      13      11      16       6               6      16      11      13       3 
  1      15              15       1       3      13      11      16       6               6      16      11      13       3 
  1      15      10  10  -1   9  -2   8  -1   7  -2  20  -1  19  -2  18  -1  17  17  17  -2  16  16      11      13       3 
  1      15      10      14       2       2      14      10      15       1               5              11      13       3 
  1      15      10      14       2   2   2      14      10      15       1               5              11      13       3 
  1      15      10      14                      14      10      15       1               5              11      13       3 
  1      15      10      14  14  14  14  14  14  14      10      15       1               5              11      13       3 
  1      15      10                                      10      15       1               5              11      13       3 
  1      15      10  10  10  10  10  10  10  10  10  10  10      15       1               5              11      13       3 
  1      15                                                      15       1               5              11      13       3 
  1      15  15  15  15  15  15  15  15  15  15  15  15  15  15  15       1               5              11      13       3 
  1                                                                       1               5              11      13       3 
  1   1   1   1   1   1   1   1   1   1   1   1   1   1   1   1   1   1   1               5              11      13       3 
                                                                                          5              11      13       3 
                                                                                 12  12  -1  11  11  11  11      13       3 
                                                                                 12       4                      13       3 
                                                                                 12  12  -2  13  13  13  13  13  13       3 
                                                                                          3                               3 
                                                                                          3   3   3   3   3   3   3   3   3 
