                         11  11  11  11  11  11  11  11  11  11  11  11  11  11  11  11  11  11  11  11  11  11  11 
                         11                                                                                      11 
                         11      13  13  13  13  13  13  13  13  13  13  13  13  13  13  13  13  13  13  13      11 
                         11      13                                                                      13      11 
                         11      13                      18  18  18  18  18  18  18  18  18  18  18      13      11 
                         11      13                      18                                      18      13      11 
                         11      13                      18              14  14  14  14  14      18      13      11 
                         11      13                      18              14              14      18      13      11 
                         11      13                      18      20  20  -1  19  19  19  -2  18  18      13      11 
                         11      13                      18      20      15              13              13      11 
                         11      13                      18      20      15              13  13  13  13  13      11 
                         11      13                      18      20      15                                      11 
                         11      13                      18      20  20  -2  11  11  11  11  11  11  11  11  11  11 
                         11      13                      18              16                                         
                         11      13       5   5   5      18              16                                         
                         11      13       5       5      18              16                                         
  7   7   7   7   7      11      13       5       5      18              16                                         
  7               7      11      13       5       5      18              16                                         
  7       4   4  -1   3  -2   2  -1   1  -2  10  -1   9  -2   8   8   8  -1   7   7                                 
  7       4       6      12      12       6       4      17              17       7                                 
  7       4       6      12      12       6       4      17  17  17  17  17       7                                 
  7       4       6      12      12       6       4                               7                                 
  7       4       6      12  12  12       6       4                               7                                 
  7       4       6                       6       4                               7                                 
  7       4       6   6   6   6   6   6   6       4                               7                                 
  7       4                                       4                               7                                 
  7       4   4   4   4   4   4   4   4   4   4   4                               7                                 
  7                                                                               7                                 
  7   7   7   7   7   7   7   7   7   7   7   7   7   7   7   7   7   7   7   7   7                                 
