                         13  13  13  13  13  13  13  13  13  13  13  13  13  13  13  13  13  13  13  13  13  13  13  13  13 
                         13                                                                                              13 
                         13      11  11  11  11  11  11  11  11  11  11  11  11  11  11  11  11  11  11  11  11  11      13 
                         13      11                                                                              11      13 
                         13      11                              19  19  19  19  19  19  19  19  19  19  19      11      13 
                         13      11                              19                                      19      11      13 
                         13      11                              19                      12  12  12      19      11      13 
                         13      11                              19                      12      12      19      11      13 
                         13      11                      16  16  -2  17  17  17  17  17  -1  18  -2  19  19      11      13 
                         13      11                      16      20                      13      11              11      13 
                         13      11                      16      20                      13      11  11  11  11  11      13 
                         13      11                      16      20                      13                              13 
                         13      11                      16      20                      13  13  13  13  13  13  13  13  13 
                         13      11                      16      20                                                         
                         13      11                      16  16  -1  15  15  15  15                                         
                         13      11                               7              15                                         
                         13      11       9   9   9               7              15                                         
                         13      11       9       9               7              15                                         
 15  15  15  15  15      13      11       9       9               7              15                                         
 15              15      13      11       9       9               7              15                                         
 15       6   6  -1   5  -2   4  -1   3  -2   2  -1   1   1   1  -2   6   6      15                                         
 15       6      14      14      10      10       8               8       6      15                                         
 15       6      14  14  14      10      10       8               8       6      15                                         
 15       6                      10      10       8               8       6      15                                         
 15       6                      10  10  10       8               8       6      15                                         
 15       6                                       8               8       6      15                                         
 15       6                                       8   8   8   8   8       6      15                                         
 15       6                                                               6      15                                         
 15       6   6   6   6   6   6   6   6   6   6   6   6   6   6   6   6   6      15                                         
 15                                                                              15                                         
 15  15  15  15  15  15  15  15  15  15  15  15  15  15  15  15  15  15  15  15  15                                         
