         17  17  17  17  17  17  17  17  17  17  17  17  17  17  17  17  17  17  17  17  17  17  17  17  17 
         17                                                                                              17 
         17      13  13  13  13  13  13  13  13  13  13  13  13  13  13  13  13  13  13  13  13  13      17 
         17      13                                                                              13      17 
         17      13                                      18  18  18  18  18  18  18  18  18      13      17 
         17      13                                      18                              18      13      17 
         17      13      11  11  11  11  11  11  11  11  -1  12  12  12  12  12  12  12  -2  13  13      17 
         17      13      11                              19                              17              17 
         17      13      11                              19                              17  17  17  17  17 
         17      13      11                              19                                                 
         17      13      11       9   9   9              19                                                 
         17      13      11       9       9              19                                                 
  6   6  -1   5  -2   4  -1   3  -2   2  -1   1   1   1  -2   6   6   6   6   6   6                         
  6      16      14      10      10       8              20                       6                         
  6      16      14      10  10  10       8              20                       6                         
  6      16      14                       8              20                       6                         
  6      16      14                       8      15  15  -1  16  16  16  16       6                         
  6      16      14                       8      15       7              16       6                         
  6      16      14                       8      15  15  -2  14  14      16       6                         
  6      16      14                       8               8      14      16       6                         
  6      16      14                       8   8   8   8   8      14      16       6                         
  6      16      14                                              14      16       6                         
  6      16      14  14  14  14  14  14  14  14  14  14  14  14  14      16       6                         
  6      16                                                              16       6                         
  6      16  16  16  16  16  16  16  16  16  16  16  16  16  16  16  16  16       6                         
  6                                                                               6                         
  6   6   6   6   6   6   6   6   6   6   6   6   6   6   6   6   6   6   6   6   6                         
