                         14  14  14  14  14  14  14  14  14  14  14  14  14  14  14  14  14  14  14  14  14 
                         14                                                                              14 
                         14       4   4   4   4   4   4   4   4   4   4   4   4   4   4   4   4   4      14 
                         14       4                                                               4      14 
                         14       4      13  13  13  13  13  13  13  13  13  13  13               4      14 
                         14       4      13                                      13               4      14 
                         14       4      13       6   6   6   6   6              13               4      14 
                         14       4      13       6               6              13               4      14 
                         14       4   4  -2   1  -1   2   2   2  -2   3   3   3  -1   4   4   4   4      14 
                         14              14       7               5              12                      14 
                         14  14  14  14  14       7               5              12                      14 
                                                  7               5              12                      14 
 16  16  16  16  16  16  16  16  16  16  16  16  -2  17  17       5      15  15  -2  14  14  14  14  14  14 
 16                                               8      17       5      15      11                         
 16              10  10  10  10  10  10  10       8      17       5      15      11                         
 16              10                      10       8      17       5      15      11                         
 16      20  20  -1  19  19  19  19  19  -2  18  -1  17  17       5      15  15  -1  16  16                 
 16      20       5                       9       9               5              20      16                 
 16      20       5                       9   9   9               5              20      16                 
 16      20       5                                               5              20      16                 
 16      20       5   5   5   5   5   5   5   5   5   5   5   5   5              20      16                 
 16      20                                                                      20      16                 
 16      20  20  20  20  20  20  20  20  20  20  20  20  20  20  20  20  20  20  20      16                 
 16                                                                                      16                 
 16  16  16  16  16  16  16  16  16  16  16  16  16  16  16  16  16  16  16  16  16  16  16                 
