                 10  10  10  10  10  10  10  10  10  10  10  10  10  10  10  10  10  10  10  10  10  10  10 
                 10                                                                                      10 
                 10       6   6   6   6   6   6   6   6   6   6   6   6   6   6   6   6   6   6   6      10 
                 10       6                                                                       6      10 
                 10       6      11  11  11  11  11  11  11  11  11  11  11  11  11  11  11       6      10 
                 10       6      11                                                      11       6      10 
                 10       6      11      18  18  18  18  18  18  18  18  18  18  18      11       6      10 
                 10       6      11      18                                      18      11       6      10 
                 10       6      11      18      12  12  12                      18      11       6      10 
                 10       6      11      18      12      12                      18      11       6      10 
                 10       6      11      18  18  -2  19  -1  20  20  20  20  20  -2   5  -1   6   6      10 
                 10       6      11              11      13                      17      10              10 
                 10       6      11  11  11  11  11      13                      17      10              10 
                 10       6                              13                      17      10              10 
                 10       6                              13                      17      10  10  10  10  10 
                 10       6                              13                      17                         
                 10       6                       2   2  -2   3   3   3   3      17                         
                 10       6                       2      14               3      17                         
                 10       6   6   6   6   6   6  -2   7  -1   8   8       3      17                         
                 10                               1      15       8       3      17                         
 17  17  17  17  -2  16  16  16  16  16  16  16  -1  15  15       8       3      17                         
 17               9                               4               8       3      17                         
 17       3   3  -1   4   4   4   4   4   4   4   4               8       3      17                         
 17       3       8                                               8       3      17                         
 17       3       8   8   8   8   8   8   8   8   8   8   8   8   8       3      17                         
 17       3                                                               3      17                         
 17       3   3   3   3   3   3   3   3   3   3   3   3   3   3   3   3   3      17                         
 17                                                                              17                         
 17  17  17  17  17  17  17  17  17  17  17  17  17  17  17  17  17  17  17  17  17                         
