                         10  10  10  10  10  10  10  10  10  10  10  10  10  10  10  10  10  10  10                         
                         10                                                                      10                         
                         10       3   3   3   3   3   3   3   3   3   3   3   3   3   3   3      10                         
                         10       3                                                       3      10                         
                         10       3                               6   6   6   6   6       3      10                         
                         10       3                               6               6       3      10                         
                         10       3      14  14  14  14  14       6               6       3      10                         
                         10       3      14              14       6               6       3      10                         
                         10       3   3  -1   4   4   4  -2   1  -1   2   2   2  -2   3   3      10                         
                         10              15              13       7               5              10                         
                         10  10  10  10  -2  11  11      13       7       9   9  -1  10  10  10  10                         
                                         16      11      13       7       9      20                                         
 18  18  18  18  18                      16      11      13       7       9      20                      18  18  18  18  18 
 18              18                      16      11      13       7       9      20                      18              18 
 18      13  13  -2  12  12  12  12  12  -1  11  11      13       7       9   9  -2   8   8   8   8   8  -1   7   7      18 
 18      13      17                      17              13       7              19                      19       7      18 
 18      13      17                      17              13       7              19  19  19  19  19  19  19       7      18 
 18      13      17                      17              13       7                                               7      18 
 18      13      17  17  17  17  17  17  17              13       7                                               7      18 
 18      13                                              13       7                                               7      18 
 18      13  13  13  13  13  13  13  13  13  13  13  13  13       7                                               7      18 
 18                                                               7                                               7      18 
 18                                                               7   7   7   7   7   7   7   7   7   7   7   7   7      18 
 18                                                                                                                      18 
 18  18  18  18  18  18  18  18  18  18  18  18  18  18  18  18  18  18  18  18  18  18  18  18  18  18  18  18  18  18  18 
