 10  10  10  10  10  10  10  10  10  10  10  10  10  10  10  10  10  10  10  10  10  10  10 
 10                                                                                      10 
 10      19  19  19  19  19  19  19  19  19  19  19  19  19  19  19                      10 
 10      19                                                      19                      10 
 10      19                       2   2   2   2   2   2   2      19                      10 
 10      19                       2                       2      19                      10 
 10      19                       2                       2      19      13  13  13      10 
 10      19                       2                       2      19      13      13      10 
 10      19                       2      16  16  16       2      19      13      13      10 
 10      19                       2      16      16       2      19      13      13      10 
 10  10  -2  11  11  11  11  11  -1  12  -2   5  -1   6  -2   7  -1   8  -2   9  -1  10  10 
         20                       3      15      17       1      18      14      20         
         20      14  14  14  14  -2  15  15      17       1      18      14      20         
         20      14               4              17       1      18      14      20         
         20      14      18  18  -1  17  17  17  17       1      18      14      20         
         20      14      18       1                       1      18      14      20         
         20      14      18       1   1   1   1   1   1   1      18      14      20         
         20      14      18                                      18      14      20         
         20      14      18  18  18  18  18  18  18  18  18  18  18      14      20         
         20      14                                                      14      20         
         20      14  14  14  14  14  14  14  14  14  14  14  14  14  14  14      20         
         20                                                                      20         
         20  20  20  20  20  20  20  20  20  20  20  20  20  20  20  20  20  20  20         
