                         14  14  14  14  14  14  14  14  14  14  14  14  14  14  14  14  14  14  14  14  14 
                         14                                                                              14 
  1   1   1   1   1   1  -2   4   4                                                                      14 
  1                      13       4                                                                      14 
  1       3   3   3   3  -1   4   4                                                                      14 
  1       3              12                                                                              14 
  1       3              12              10  10  10  10  10  10  10  10  10  10  10  10  10  10  10      14 
  1       3              12              10                                                      10      14 
  1       3              12              10      17  17  17  17  17  17  17  17  17  17  17      10      14 
  1       3              12              10      17                                      17      10      14 
  1       3              12              10      17       2   2   2                      17      10      14 
  1       3              12              10      17       2       2                      17      10      14 
  1       3              12              10      17       2       2      15  15  15      17      10      14 
  1       3              12              10      17       2       2      15      15      17      10      14 
  1       3      18  18  -2  19  19  19  -1  20  -2   5  -1   6  -2   7  -1   8  -2   9  -1  10  10      14 
  1       3      18      11              11      18       3       1      14      16      16              14 
  1       3      18      11              11      18       3       1      14      16  16  16              14 
  1       3      18      11              11      18       3       1      14                              14 
  1       3      18      11              11      18       3       1      14  14  14  14  14  14  14  14  14 
  1       3      18      11              11      18       3       1                                         
  1       3      18      11  11  11  11  11      18       3       1                                         
  1       3      18                              18       3       1                                         
  1       3      18  18  18  18  18  18  18  18  18       3       1                                         
  1       3                                               3       1                                         
  1       3   3   3   3   3   3   3   3   3   3   3   3   3       1                                         
  1                                                               1                                         
  1   1   1   1   1   1   1   1   1   1   1   1   1   1   1   1   1                                         
