                 18  18  18  18  18  18  18  18  18  18  18  18  18  18  18  18  18  18  18  18  18  18  18 
                 18                                                                                      18 
                 18      10  10  10  10  10                                                              18 
                 18      10              10                                                              18 
                 18  18  -2  19  19      10                                                              18 
                          9      19      10                                                              18 
                          9      19      10       3   3   3   3   3   3   3   3   3   3   3   3   3      18 
                          9      19      10       3                                               3      18 
                          9      19      10       3                       6   6   6   6   6       3      18 
                          9      19      10       3                       6               6       3      18 
                          9      19      10       3      13  13  13       6               6       3      18 
                          9      19      10       3      13      13       6               6       3      18 
 20  20  20  20  20  20  -1  19  19      10       3   3  -1   4  -2   1  -1   2   2   2  -2   3   3      18 
 20                       8              10              12      14       7               5              18 
 20      17  17  17  17  -2  16  16  16  -1  15  15  15  -2  14  14       7      17  17  -1  18  18  18  18 
 20      17               7              11              11               7      17      20                 
 20      17               7              11  11  11  11  11               7      17      20                 
 20      17               7                                               7      17      20                 
 20      17               7   7   7   7   7   7   7   7   7   7   7   7   7      17      20                 
 20      17                                                                      17      20                 
 20      17  17  17  17  17  17  17  17  17  17  17  17  17  17  17  17  17  17  17      20                 
 20                                                                                      20                 
 20  20  20  20  20  20  20  20  20  20  20  20  20  20  20  20  20  20  20  20  20  20  20                 
