                                         15  15  15  15  15  15  15  15  15  15  15  15  15  15  15  15  15  15  15  15  15 
                                         15                                                                              15 
                                         15               3   3   3   3   3   3   3   3   3   3   3   3   3   3   3      15 
                                         15               3                                                       3      15 
                                         15               3                               6   6   6   6   6       3      15 
                                         15               3                               6               6       3      15 
                                         15               3      10  10  10  10  10       6               6       3      15 
                                         15               3      10              10       6               6       3      15 
                                         15               3   3  -1   4   4   4  -2   1  -1   2   2   2  -2   3   3      15 
                                         15                      11               9       7               5              15 
  8   8   8   8   8                      15                      11               9       7               5              15 
  8               8                      15                      11               9       7               5              15 
  8      16  16  -2  17  17  17  17  17  -1  18  18  18  18  18  -2  19  19       9       7      16  16  -1  15  15  15  15 
  8      16       7                      14                      12      19       9       7      16       8                 
  8      16       7       9   9   9   9  -2  20  20              12      19       9       7      16       8                 
  8      16       7       9              13      20              12      19       9       7      16       8                 
  8      16       7       9      19  19  -1  20  20              12      19       9       7      16       8                 
  8      16       7       9      19      12                      12      19       9       7      16       8                 
  8      16       7       9      19      12  12  12  12  12  12  12      19       9       7      16       8                 
  8      16       7       9      19                                      19       9       7      16       8                 
  8      16       7       9      19  19  19  19  19  19  19  19  19  19  19       9       7      16       8                 
  8      16       7       9                                                       9       7      16       8                 
  8      16       7       9   9   9   9   9   9   9   9   9   9   9   9   9   9   9       7      16       8                 
  8      16       7                                                                       7      16       8                 
  8      16       7   7   7   7   7   7   7   7   7   7   7   7   7   7   7   7   7   7   7      16       8                 
  8      16                                                                                      16       8                 
  8      16  16  16  16  16  16  16  16  16  16  16  16  16  16  16  16  16  16  16  16  16  16  16       8                 
  8                                                                                                       8                 
  8   8   8   8   8   8   8   8   8   8   8   8   8   8   8   8   8   8   8   8   8   8   8   8   8   8   8                 
