                                         11  11  11  11  11  11  11  11  11  11  11  11  11  11  11  11  11  11  11  11  11 
                                         11                                                                              11 
                                         11                      13  13  13  13  13  13  13  13  13  13  13  13  13      11 
                                         11                      13                                              13      11 
                                         11                      13      20  20  20  20  20  20  20              13      11 
                                         11                      13      20                      20              13      11 
                                         11                      13      20              12  12  -2  13  13  13  13      11 
                                         11                      13      20              12      19                      11 
                                         11                      13      20              12  12  -1  11  11  11  11  11  11 
                                         11                      13      20                      18                         
                                         11                      13  13  -1  14  14  14  14  14  -2  15  15                 
                                         11                               7                      17      15                 
                                         11       9   9   9               7                      17      15                 
                                         11       9       9               7                      17      15                 
 15  15  15  15  15  15  15  15  15      11       9       9               7                      17      15                 
 15                              15      11       9       9               7                      17      15                 
 15      17  17  17  17  17      15      11       9       9               7                      17      15                 
 15      17              17      15      11       9       9               7                      17      15                 
 15      17       6   6  -1   5  -2   4  -1   3  -2   2  -1   1   1   1  -2   6   6              17      15                 
 15      17       6      16      16      10      10       8               8       6              17      15                 
 15      17       6      16  16  16      10      10       8               8       6              17      15                 
 15      17       6                      10      10       8               8       6              17      15                 
 15      17       6                      10  10  10       8               8       6              17      15                 
 15      17       6                                       8               8       6              17      15                 
 15      17       6                                       8   8   8   8   8       6              17      15                 
 15      17       6                                                               6              17      15                 
 15      17       6   6   6   6   6   6   6   6   6   6   6   6   6   6   6   6   6              17      15                 
 15      17                                                                                      17      15                 
 15      17  17  17  17  17  17  17  17  17  17  17  17  17  17  17  17  17  17  17  17  17  17  17      15                 
 15                                                                                                      15                 
 15  15  15  15  15  15  15  15  15  15  15  15  15  15  15  15  15  15  15  15  15  15  15  15  15  15  15                 
