  8   8   8   8   8   8   8   8   8   8   8   8   8   8   8   8   8   8   8   8   8 
  8                                                                               8 
  8      17  17  17  17  17  17  17  17  17  17  17  17  17  17  17  17  17       8 
  8      17                                                              17       8 
  8      17                                               2   2   2      17       8 
  8      17                                               2       2      17       8 
  8      17                      13  13  13  13  13       2       2      17       8 
  8      17                      13              13       2       2      17       8 
  8      17      19  19  19      13              13       2       2      17       8 
  8      17      19      19      13              13       2       2      17       8 
  8   8  -2   9  -1  10  -2  11  -1  12  12  12  -2   5  -1   6  -2   7  -1   8   8 
         18      18      20      20              14       3       1      16         
         18      18      20  20  20              14       3       1      16         
         18      18                              14       3       1      16         
         18  18  18                              14       3       1      16         
                                                 14       3       1      16         
                                          4   4  -1   3   3       1      16         
                                          4      15               1      16         
                                          4   4  -2   1   1   1   1      16         
                                                 16                      16         
                                                 16  16  16  16  16  16  16         
