  4   4   4   4   4   4   4   4   4   4   4   4   4   4   4   4   4   4   4                                         
  4                                                                       4                                         
  4       8   8   8   8   8   8   8   8   8   8   8   8   8   8   8       4                                         
  4       8                                                       8       4                                         
  4       8       3   3   3   3   3   3   3   3   3   3   3       8       4                                         
  4       8       3                                       3       8       4                                         
  4       8       3                                       3       8       4      15  15  15  15  15  15  15  15  15 
  4       8       3                                       3       8       4      15                              15 
  4       8       3                                       3       8       4      15      17  17  17  17  17      15 
  4       8       3                                       3       8       4      15      17              17      15 
  4       8       3              19  19  19               3       8       4      15      17              17      15 
  4       8       3              19      19               3       8       4      15      17              17      15 
  4       8   8  -2   9   9   9  -1  10  -2  11  11  11  -1  12  -2  13  -1  14  -2   5  -1   6   6      17      15 
  4               4              18      20               2       7       1      16      16       6      17      15 
  4               4              18      20               2       7       1      16  16  16       6      17      15 
  4               4              18      20               2       7       1                       6      17      15 
  4   4   4   4   4              18      20               2       7       1                       6      17      15 
                                 18      20               2       7       1                       6      17      15 
                         15  15  -2  20  20       6   6  -2   7   7       1                       6      17      15 
                         15      17               6       1               1                       6      17      15 
                         15      17               6       1   1   1   1   1                       6      17      15 
                         15      17               6                                               6      17      15 
                         15      17               6   6   6   6   6   6   6   6   6   6   6   6   6      17      15 
                         15      17                                                                      17      15 
                         15      17  17  17  17  17  17  17  17  17  17  17  17  17  17  17  17  17  17  17      15 
                         15                                                                                      15 
                         15  15  15  15  15  15  15  15  15  15  15  15  15  15  15  15  15  15  15  15  15  15  15 
