                         16  16  16  16  16  16  16  16  16  16  16  16  16  16  16  16  16  16  16  16  16 
                         16                                                                              16 
                         16      19  19  19  19  19  19  19  19  19  19  19  19  19  19  19  19  19      16 
                         16      19                                                              19      16 
                         16      19       7   7   7   7   7   7   7   7   7   7   7   7   7      19      16 
                         16      19       7                                               7      19      16 
                         16      19       7      11  11  11  11  11  11  11  11  11       7      19      16 
                         16      19       7      11                              11       7      19      16 
                         16      19       7      11       4   4   4   4   4      11       7      19      16 
                         16      19       7      11       4               4      11       7      19      16 
                         16      19       7      11  11  -1  12  12  12  -2  13  -1  14  -2  15  -1  16  16 
                         16      19       7               1               3      20       8      18         
                         16      19       7   7   7   7  -2   6   6       3      20       8      18         
                         16      19                       2       6       3      20       8      18         
 18  18  18  18  18      16      19                       2       6       3      20       8      18         
 18              18      16      19                       2       6       3      20       8      18         
 18       8   8  -2   9  -1  10  -2   5   5   5   5   5  -1   6   6       3      20       8      18         
 18       8      17      17      20                       3               3      20       8      18         
 18       8      17  17  17      20                       3               3      20       8      18         
 18       8                      20                       3               3      20       8      18         
 18       8                      20                       3   3   3   3   3      20       8      18         
 18       8                      20                                              20       8      18         
 18       8                      20  20  20  20  20  20  20  20  20  20  20  20  20       8      18         
 18       8                                                                               8      18         
 18       8   8   8   8   8   8   8   8   8   8   8   8   8   8   8   8   8   8   8   8   8      18         
 18                                                                                              18         
 18  18  18  18  18  18  18  18  18  18  18  18  18  18  18  18  18  18  18  18  18  18  18  18  18         
