                                          3   3   3   3   3   3   3   3   3   3   3   3   3   3   3   3   3         
                                          3                                                               3         
                                          3      15  15  15  15  15  15  15  15  15  15  15  15  15       3         
                                          3      15                                              15       3         
                                          3      15       9   9   9   9   9   9   9              15       3         
                                          3      15       9                       9              15       3         
                                          3      15       9      14  14  14  14  -2  15  15  15  15       3         
                                          3      15       9      14              10                       3         
                                          3      15       9      14       4   4  -1   3   3   3   3   3   3         
                                          3      15       9      14       4      11                                 
                                          3      15       9      14       4   4  -2   1   1   1   1   1   1   1   1 
                                          3      15       9      14              12                               1 
  1   1   1   1   1   1   1   1   1       3      15       9      14              12                               1 
  1                               1       3      15       9      14              12                               1 
  1      17  17  17  17  17       1       3      15       9      14              12                               1 
  1      17              17       1       3      15       9      14              12                               1 
  1      17       8   8  -1   7  -2   6  -1   5  -2  20  -1  19  -2  18  18  18  -1  17  17                       1 
  1      17       8      16       2       2      16       8      13              13      17                       1 
  1      17       8      16       2       2      16       8      13  13  13  13  13      17                       1 
  1      17       8      16       2       2      16       8                              17                       1 
  1      17       8      16       2   2   2      16       8                              17                       1 
  1      17       8      16                      16       8                              17                       1 
  1      17       8      16  16  16  16  16  16  16       8                              17                       1 
  1      17       8                                       8                              17                       1 
  1      17       8   8   8   8   8   8   8   8   8   8   8                              17                       1 
  1      17                                                                              17                       1 
  1      17  17  17  17  17  17  17  17  17  17  17  17  17  17  17  17  17  17  17  17  17                       1 
  1                                                                                                               1 
  1   1   1   1   1   1   1   1   1   1   1   1   1   1   1   1   1   1   1   1   1   1   1   1   1   1   1   1   1 
