                                 14  14  14  14  14  14  14  14  14  14  14                         
                                 14                                      14                         
                                 14       2   2   2   2   2   2   2      14                         
                                 14       2                       2      14                         
                                 14  14  -1  13  13  13  13       2      14                         
                                          3              13       2      14                         
 10  10  10  10  10  10  10  10  10  10  -2  11  11      13       2      14                         
 10                                       4      11      13       2      14                         
 10      16  16  16  16  16               4      11      13       2      14                         
 10      16              16               4      11      13       2      14                         
 10      16              16               4      11      13       2      14      17  17  17         
 10      16              16               4      11      13       2      14      17      17         
 10      16      18  18  -2  19  19  19  -1  20  -2   5  -1   6  -2   7  -1   8  -2   9  -1  10  10 
 10      16      18      15               1      12      12       1      15      18      16      10 
 10      16      18      15               1      12  12  12       1      15      18      16      10 
 10      16      18      15               1                       1      15      18      16      10 
 10      16      18      15               1   1   1   1   1   1   1      15      18      16      10 
 10      16      18      15                                              15      18      16      10 
 10      16      18      15  15  15  15  15  15  15  15  15  15  15  15  15      18      16      10 
 10      16      18                                                              18      16      10 
 10      16      18  18  18  18  18  18  18  18  18  18  18  18  18  18  18  18  18      16      10 
 10      16                                                                              16      10 
 10      16  16  16  16  16  16  16  16  16  16  16  16  16  16  16  16  16  16  16  16  16      10 
 10                                                                                              10 
 10  10  10  10  10  10  10  10  10  10  10  10  10  10  10  10  10  10  10  10  10  10  10  10  10 
