  3   3   3   3   3   3   3   3   3                                                                 
  3                               3                                                                 
  3       8   8   8   8   8   8  -1   7   7   7   7   7   7   7   7   7   7   7   7   7   7   7   7 
  3       8                       2                                                               7 
  3       8   8   8   8   8   8  -2   9   9   9   9   9   9   9   9   9   9   9   9   9   9       7 
  3                               1                                                       9       7 
  3              11  11  11  11  -1  12  12  12  12  12  12  12  12  12  12  12  12       9       7 
  3              11               6                                              12       9       7 
  3              11               6      18  18  18  18  18  18  18              12       9       7 
  3              11               6      18                      18              12       9       7 
  3              11      15  15  -2  14  -1  13  13  13  13  13  -2  12  12  12  12       9       7 
  3              11      15       5      19                      17                       9       7 
  3              11      15       5      19  19  19  19  19      17                       9       7 
  3              11      15       5                      19      17                       9       7 
  3              11      15  15  -1  16  16  16  16      19  19  -1  20  20               9       7 
  3              11               4              16              16      20               9       7 
  3              11               4              16  16  16  16  16      20               9       7 
  3              11               4                                      20               9       7 
  3              11               4      20  20  20  20  20  20  20  20  20               9       7 
  3              11               4      20                                               9       7 
  3              11  11  11  11  -2  10  -1   9   9   9   9   9   9   9   9   9   9   9   9       7 
  3                               3       7                                                       7 
  3                               3       7   7   7   7   7   7   7   7   7   7   7   7   7   7   7 
  3                               3                                                                 
  3   3   3   3   3   3   3   3   3                                                                 
