  3   3   3   3   3   3   3   3   3   3   3   3   3   3   3   3   3   3   3   3   3   3   3 
  3                                                                                       3 
  3                                                       8   8   8   8   8               3 
  3                                                       8               8               3 
  3                      12  12  12                       8               8               3 
  3                      12      12                       8               8               3 
  3                      12      12      17  17  17       8               8               3 
  3                      12      12      17      17       8               8               3 
  3   3   3   3   3   3  -1   4  -2   5  -1   6  -2   1  -1   2   2   2  -2   3   3   3   3 
                         13      11      16      18       9               7                 
         13  13  13  13  13      11      16      18       9               7                 
         13                      11      16      18       9               7                 
         13              15  15  -1  16  16      18       9      14  14  -1  13  13         
         13              15      10              18       9      14      20      13         
         13      20  20  -1  19  -2  18  18  18  18       9      14      20      13         
         13      20      14       9                       9      14      20      13         
         13      20      14       9   9   9   9   9   9   9      14      20      13         
         13      20      14                                      14      20      13         
         13      20      14  14  14  14  14  14  14  14  14  14  14      20      13         
         13      20                                                      20      13         
         13      20  20  20  20  20  20  20  20  20  20  20  20  20  20  20      13         
         13                                                                      13         
         13  13  13  13  13  13  13  13  13  13  13  13  13  13  13  13  13  13  13         
