  4   4   4   4   4   4   4   4   4   4   4   4   4   4   4   4   4   4   4   4   4   4   4                         
  4                                                                                       4                         
  4      13  13  13  13  13  13  13  13  13  13  13  13  13  13  13  13  13  13  13       4                         
  4      13                                                                      13       4                         
  4      13       3   3   3   3   3   3   3                                      13       4                         
  4      13       3                       3                                      13       4                         
  4      13  13  -2  12  12  12  12  12  -1  11  11                              13       4                         
  4               4                       2      11                              13       4                         
  4   4   4   4   4                       2      11                              13       4                         
                                          2      11                              13       4                         
                         10  10  10  10  -2  11  11                              13       4                         
                         10               1                                      13       4                         
                         10               1               7   7   7   7   7      13       4                         
                         10               1               7               7      13       4                         
                         10      16  16  -1  15  15  15  -2  14  14  14  -1  13  13       4                         
                         10      16       8               8               6               4                         
                         10      16       8   8   8   8   8               6               4                         
                         10      16                                       6               4                         
                         10      16                                       6               4      17  17  17         
                         10      16                                       6               4      17      17         
                         10      16                              18  18  -2  19  19  19  -1  20  -2   9  -1  10  10 
                         10      16                              18       5               5      18      16      10 
                         10      16                              18       5   5   5   5   5      18      16      10 
                         10      16                              18                              18      16      10 
                         10      16                              18  18  18  18  18  18  18  18  18      16      10 
                         10      16                                                                      16      10 
                         10      16  16  16  16  16  16  16  16  16  16  16  16  16  16  16  16  16  16  16      10 
                         10                                                                                      10 
                         10  10  10  10  10  10  10  10  10  10  10  10  10  10  10  10  10  10  10  10  10  10  10 
