  8   8   8   8   8   8   8   8   8   8   8   8   8   8   8   8   8   8   8   8   8   8   8   8   8 
  8                                                                                               8 
  8              10  10  10  10  10                                                               8 
  8              10              10                                                               8 
  8              10              10      15  15  15  15  15  15  15  15  15  15  15  15  15       8 
  8              10              10      15                                              15       8 
  8              10              10      15      13  13  13  13  13  13  13  13  13      15       8 
  8              10              10      15      13                              13      15       8 
  8              10              10      15      13              19  19  19      13      15       8 
  8              10              10      15      13              19      19      13      15       8 
  8   8   8   8  -2   1   1   1  -1   2  -2   3  -1   4   4   4  -2   5  -1   6  -2   7  -1   8   8 
                  9              11      16      12              20      18      14      14         
                  9              11      16      12              20      18      14  14  14         
                  9              11      16      12              20      18                         
         18  18  -1  17  17      11      16  16  -2  17  17      20      18                         
         18      20      17      11              11      17      20      18                         
         18      20      17      11  11  11  11  11      17      20      18                         
         18      20      17                              17      20      18                         
         18      20      17  17  17  17  17  17  17  17  17      20      18                         
         18      20                                              20      18                         
         18      20  20  20  20  20  20  20  20  20  20  20  20  20      18                         
         18                                                              18                         
         18  18  18  18  18  18  18  18  18  18  18  18  18  18  18  18  18                         
