         15  15  15  15  15  15  15  15  15  15  15  15  15  15  15  15  15  15  15  15  15         
         15                                                                              15         
         15                                      17  17  17  17  17  17  17  17  17      15         
         15                                      17                              17      15         
         15                                      17      19  19  19  19  19      17      15         
         15                                      17      19              19      17      15         
         15                                      17      19      16  16  -2  17  17      15         
         15                                      17      19      16      20              15         
         15                                      17      19      16  16  -1  15  15  15  15         
         15                                      17      19               9                         
         15                      11  11  11      17      19               9                         
         15                      11      11      17      19               9                         
         15      13  13  13      11      11      17      19               9                         
         15      13      13      11      11      17      19               9                         
  6   6  -1   5  -2   4  -1   3  -2   2  -1   1  -2   8  -1   7   7   7  -2   6   6   6   6   6   6 
  6      14      14      12      12      10      18      18              10                       6 
  6      14      14      12      12      10      18  18  18              10                       6 
  6      14      14      12      12      10                              10                       6 
  6      14  14  14      12      12      10                              10                       6 
  6                      12      12      10                              10                       6 
  6                      12  12  12      10                              10                       6 
  6                                      10                              10                       6 
  6                                      10  10  10  10  10  10  10  10  10                       6 
  6                                                                                               6 
  6   6   6   6   6   6   6   6   6   6   6   6   6   6   6   6   6   6   6   6   6   6   6   6   6 
