                                 12  12  12  12  12  12  12  12  12  12  12  12  12  12  12  12  12  12  12 
                                 12                                                                      12 
                                 12       3   3   3   3   3   3   3   3   3   3   3   3   3   3   3      12 
                                 12       3                                                       3      12 
                                 12       3                               6   6   6   6   6       3      12 
                                 12       3                               6               6       3      12 
                                 12       3      13  13  13               6               6       3      12 
                                 12       3      13      13               6               6       3      12 
                                 12       3   3  -1   4  -2   1   1   1  -1   2   2   2  -2   3   3      12 
                                 12              12      14               7               5              12 
                                 12  12  12  12  12      14               7               5              12 
                                                         14               7               5              12 
                                                  8   8  -1   7   7   7   7      11  11  -1  12  12  12  12 
                                                  8      15                      11      20                 
 20  20  20  20  20  20  20  20  20  20  20  20  -1  19  -2  18  18              11      20                 
 20                                               9      16      18              11      20                 
 20      11  11  11  11  11                       9      16      18              11      20                 
 20      11              11                       9      16      18              11      20                 
 20      11      18  18  -1  17  17  17  17  17  -2  16  16      18              11      20                 
 20      11      18      10                      10              18              11      20                 
 20      11      18      10  10  10  10  10  10  10              18              11      20                 
 20      11      18                                              18              11      20                 
 20      11      18  18  18  18  18  18  18  18  18  18  18  18  18              11      20                 
 20      11                                                                      11      20                 
 20      11  11  11  11  11  11  11  11  11  11  11  11  11  11  11  11  11  11  11      20                 
 20                                                                                      20                 
 20  20  20  20  20  20  20  20  20  20  20  20  20  20  20  20  20  20  20  20  20  20  20                 
