  5   5   5   5   5   5   5   5   5   5   5                                                         
  5                                       5                                                         
  5      14  14  14  14  14  14  14  14  -1  13  13                                                 
  5      14                               4      13                                                 
  5      14      12  12  12  12  12  12  -2  13  13                                                 
  5      14      12                       3                                                         
  5      14      12      10  10  10  10  -1   9   9   9   9   9   9   9   9   9   9   9   9   9   9 
  5      14      12      10               2                                                       9 
  5      14      12      10  10  10  10  -2  11  11  11  11                                       9 
  5      14      12                       1              11                                       9 
  5      14      12  12  12  12  12  12  -1  11  11  11  11                                       9 
  5      14                               8                                                       9 
  5      14                      18  18  -2  19  19  19  19  19  19  19  19  19  19  19  19       9 
  5      14                      18       7                                              19       9 
  5      14                      18  18  -1  17  17  17  17  17  17  17  17  17  17      19       9 
  5      14                               6                                      17      19       9 
  5      14                               6                      20  20  20      17      19       9 
  5      14                               6                      20      20      17      19       9 
  5      14  14  14  14  14  14  14  14  -2  15  15  15  15  15  -1  16  -2  17  17      19       9 
  5                                       5                       9      19              19       9 
  5                                       5                       9      19  19  19  19  19       9 
  5                                       5                       9                               9 
  5                                       5                       9   9   9   9   9   9   9   9   9 
  5                                       5                                                         
  5   5   5   5   5   5   5   5   5   5   5                                                         
