                         17  17  17  17  17  17  17  17  17  17  17  17  17  17  17  17  17         
                         17                                                              17         
                         17       1   1   1   1   1   1   1   1   1   1   1   1   1      17         
                         17       1                                               1      17         
                         17       1       3   3   3   3   3   3   3   3   3       1      17         
                         17       1       3                               3       1      17         
                         17       1       3      15  15  15  15  15       3       1      17         
                         17       1       3      15              15       3       1      17         
                         17       1       3      15       4   4  -1   3   3       1      17         
                         17       1       3      15       4      14               1      17         
                         17       1       3      15       4   4  -2   1   1   1   1      17         
                         17       1       3      15              13                      17         
         19  19  19      17       1       3      15              13                      17         
         19      19      17       1       3      15              13                      17         
 10  10  -1   9  -2   8  -1   7  -2   6  -1   5  -2  12  12  12  -1  11  11  11  11  11  -2  10  10 
 10      18      20      16       2       2      16              20                      18      10 
 10      18      20      16       2   2   2      16              20                      18      10 
 10      18      20      16                      16              20                      18      10 
 10      18      20      16  16  16  16  16  16  16              20                      18      10 
 10      18      20                                              20                      18      10 
 10      18      20  20  20  20  20  20  20  20  20  20  20  20  20                      18      10 
 10      18                                                                              18      10 
 10      18  18  18  18  18  18  18  18  18  18  18  18  18  18  18  18  18  18  18  18  18      10 
 10                                                                                              10 
 10  10  10  10  10  10  10  10  10  10  10  10  10  10  10  10  10  10  10  10  10  10  10  10  10 
