                          1   1   1   1   1   1   1   1   1   1   1   1   1   1   1   1   1   1   1 
                          1                                                                       1 
                          1       3   3   3   3   3   3   3   3   3   3   3   3   3   3   3       1 
                          1       3                                                       3       1 
                          1       3      18  18  18  18  18  18  18  18  18               3       1 
                          1       3      18                              18               3       1 
                          1       3      18      12  12  12  12  12      18               3       1 
                          1       3      18      12              12      18               3       1 
 15  15  15  15  15       1       3      18      12              12      18               3       1 
 15              15       1       3      18      12              12      18               3       1 
 15       8   8  -1   7  -2   6  -1   5  -2  20  -1  19  19  19  -2  18  18               3       1 
 15       8      14       2       2      17      13              11                       3       1 
 15       8      14       2   2   2      17      13              11                       3       1 
 15       8      14                      17      13              11                       3       1 
 15       8      14                      17      13       4   4  -1   3   3   3   3   3   3       1 
 15       8      14                      17      13       4      10                               1 
 15       8      14                      17      13       4   4  -2   1   1   1   1   1   1   1   1 
 15       8      14                      17      13               9                                 
 15       8      14                      17  17  -2  16  16  16  -1  15  15  15  15                 
 15       8      14                              14               8              15                 
 15       8      14  14  14  14  14  14  14  14  14               8              15                 
 15       8                                                       8              15                 
 15       8   8   8   8   8   8   8   8   8   8   8   8   8   8   8              15                 
 15                                                                              15                 
 15  15  15  15  15  15  15  15  15  15  15  15  15  15  15  15  15  15  15  15  15                 
