                         14  14  14  14  14  14  14  14  14  14  14  14  14  14  14  14  14  14  14  14  14 
                         14                                                                              14 
                         14       6   6   6   6   6   6   6   6   6   6   6   6   6   6   6   6   6      14 
                         14       6                                                               6      14 
                         14       6      15  15  15  15  15  15  15  15  15  15  15  15  15       6      14 
                         14       6      15                                              15       6      14 
                         14       6      15               8   8   8                      15       6      14 
                         14       6      15               8       8                      15       6      14 
                         14       6      15               8       8      11  11  11      15       6      14 
                         14       6      15               8       8      11      11      15       6      14 
                         14       6   6  -2   1   1   1  -1   2  -2   3  -1   4  -2   5  -1   6   6      14 
                         14              16               9       7      10      12      14              14 
                         14              16               9       7      10      12      14  14  14  14  14 
                         14              16               9       7      10      12                         
 12  12  12  12  12      14              16               9       7      10      12                         
 12              12      14              16               9       7      10      12                         
 12      17  17  -1  18  -2  19  19  19  -1  20  20       9   9  -1  10  10      12                         
 12      17      13      13              17      20              20              12                         
 12      17      13      13              17      20  20  20  20  20              12                         
 12      17      13      13              17                                      12                         
 12      17      13  13  13              17                                      12                         
 12      17                              17                                      12                         
 12      17  17  17  17  17  17  17  17  17                                      12                         
 12                                                                              12                         
 12  12  12  12  12  12  12  12  12  12  12  12  12  12  12  12  12  12  12  12  12                         
