                          5   5   5   5   5   5   5   5   5   5   5   5   5   5   5   5   5   5   5   5   5   5   5 
                          5                                                                                       5 
                          5                                              12  12  12  12  12                       5 
                          5                                              12              12                       5 
                          5      17  17  17  17  17  17  17              12              12                       5 
                          5      17                      17              12              12                       5 
                          5   5  -1   6   6   6   6      17       3   3  -1   4   4   4  -2   5   5   5   5   5   5 
                                 16               6      17       3      13              11                         
                                 16               6      17       3      13  13  13      11                         
                                 16               6      17       3              13      11                         
                                 16               6      17       3   3   3      13      11                         
                                 16               6      17               3      13      11                         
 14  14  14  14  14              16               6      17               3      13      11                         
 14              14              16               6      17               3      13      11                         
 14      20  20  -1  19  19  19  -2  18  18  18  -1  17  17               3      13  13  -1  14  14  14  14         
 14      20      15              15               1                       3              10              14         
 14      20      15  15  15  15  15               1                       3              10              14         
 14      20                                       1                       3              10              14         
 14      20                               9   9  -2   8   8   8   8   8  -1   7   7   7  -2  20  20      14         
 14      20                               9       2                       2               9      20      14         
 14      20                               9       2   2   2   2   2   2   2               9      20      14         
 14      20                               9                                               9      20      14         
 14      20                               9   9   9   9   9   9   9   9   9   9   9   9   9      20      14         
 14      20                                                                                      20      14         
 14      20  20  20  20  20  20  20  20  20  20  20  20  20  20  20  20  20  20  20  20  20  20  20      14         
 14                                                                                                      14         
 14  14  14  14  14  14  14  14  14  14  14  14  14  14  14  14  14  14  14  14  14  14  14  14  14  14  14         
