                         16  16  16  16  16  16  16  16  16  16  16  16  16  16  16  16  16  16  16  16  16  16  16 
                         16                                                                                      16 
                         16       6   6   6   6   6   6   6   6   6   6   6   6   6   6   6   6   6   6   6      16 
                         16       6                                                                       6      16 
                         16       6      17  17  17  17  17  17  17  17  17  17  17  17  17  17  17       6      16 
                         16       6      17                                                      17       6      16 
                         16       6      17               8   8   8   8   8   8   8   8   8      17       6      16 
                         16       6      17               8                               8      17       6      16 
                         16       6      17               8              13  13  13       8      17       6      16 
                         16       6      17               8              13      13       8      17       6      16 
                         16       6   6  -2   1   1   1  -1   2   2   2  -2   3  -1   4  -2   5  -1   6   6      16 
                         16              18               9              14      12       7      16              16 
                         16              18               9              14      12       7      16  16  16  16  16 
                         16              18               9              14      12       7                         
                         16  16  16  16  -1  15  15       9              14      12       7                         
                                         19      15       9              14      12       7                         
  7   7   7   7   7                      19      15       9              14      12       7                         
  7               7                      19      15       9              14      12       7                         
  7               7                      19      15       9   9   9      14      12       7                         
  7               7                      19      15               9      14      12       7                         
  7               7                      19      15  15  15       9      14      12       7                         
  7               7                      19              15       9      14      12       7                         
  7      12  12  -1  11  11  11  11  11  -2  10  10  10  -1   9   9      14      12       7                         
  7      12      20                      20              14              14      12       7                         
  7      12      20  20  20  20  20  20  20              14              14      12       7                         
  7      12                                              14              14      12       7                         
  7      12                                              14  14  14  14  14      12       7                         
  7      12                                                                      12       7                         
  7      12  12  12  12  12  12  12  12  12  12  12  12  12  12  12  12  12  12  12       7                         
  7                                                                                       7                         
  7   7   7   7   7   7   7   7   7   7   7   7   7   7   7   7   7   7   7   7   7   7   7                         
