  3   3   3   3   3   3   3   3   3   3   3   3   3   3   3   3   3                                 
  3                                                               3                                 
  3       8   8   8   8   8   8   8   8   8   8   8   8   8       3                                 
  3       8                                               8       3                                 
  3       8      15  15  15  15  15  15  15  15  15       8       3                                 
  3       8      15                              15       8       3                                 
  3       8   8  -1   7   7                      15       8       3                                 
  3              14       7                      15       8       3                                 
  3   3   3   3  -2   2  -1   1   1   1   1   1  -2   4  -1   3   3                                 
                 13       6                      16       9                                         
                 13       6                      16  16  -2  17  17  17  17                         
                 13       6                              10              17                         
                 13       6      12  12  12  12  12      10              17                         
                 13       6      12              12      10              17                         
                 13       6      12              12      10              17      13  13  13  13  13 
                 13       6      12              12      10              17      13              13 
                 13       6      12      18  18  -2  19  -1  20  20  20  -2   5  -1   6   6      13 
                 13       6      12      18      11      11              18      12       6      13 
                 13       6      12      18      11  11  11              18      12       6      13 
                 13       6      12      18                              18      12       6      13 
                 13       6      12      18  18  18  18  18  18  18  18  18      12       6      13 
                 13       6      12                                              12       6      13 
                 13       6      12  12  12  12  12  12  12  12  12  12  12  12  12       6      13 
                 13       6                                                               6      13 
                 13       6   6   6   6   6   6   6   6   6   6   6   6   6   6   6   6   6      13 
                 13                                                                              13 
                 13  13  13  13  13  13  13  13  13  13  13  13  13  13  13  13  13  13  13  13  13 
