  1   1   1   1   1   1   1   1   1   1   1   1   1   1   1   1   1   1   1   1   1                         
  1                                                                               1                         
  1       3   3   3   3   3   3   3   3   3   3   3   3   3   3   3   3   3       1                         
  1       3                                                               3       1                         
  1       3       5   5   5   5   5   5   5                               3       1                         
  1       3       5                       5                               3       1                         
  1       3       5       2   2   2       5                               3       1                         
  1       3       5       2       2       5                               3       1                         
  1       3       5       2       2       5              16  16  16       3       1                         
  1       3       5       2       2       5              16      16       3       1                         
  1       3       5       2       2       5              16      16       3       1      19  19  19         
  1       3       5       2       2       5              16      16       3       1      19      19         
  1       3       5   5  -1   6  -2   7  -1   8   8   8  -2   9  -1  10  -2  11  -1  12  -2  13  -1  14  14 
  1       3               3       1      14              15      17       4       4      20      18      14 
  1       3               3       1      14              15      17       4   4   4      20      18      14 
  1       3               3       1      14              15      17                      20      18      14 
  1       3   3   3   3   3       1      14              15      17                      20      18      14 
  1                               1      14              15      17                      20      18      14 
  1   1   1   1   1   1   1   1   1      14              15      17                      20      18      14 
                                         14              15      17                      20      18      14 
                                         14      18  18  -1  17  17                      20      18      14 
                                         14      18      20                              20      18      14 
                                         14      18      20  20  20  20  20  20  20  20  20      18      14 
                                         14      18                                              18      14 
                                         14      18  18  18  18  18  18  18  18  18  18  18  18  18      14 
                                         14                                                              14 
                                         14  14  14  14  14  14  14  14  14  14  14  14  14  14  14  14  14 
