                                         13  13  13  13  13  13  13  13  13  13  13  13  13  13  13         
                                         13                                                      13         
                                         13      11  11  11  11  11  11  11  11  11  11  11      13         
                                         13      11                                      11      13         
                                         13      11              19  19  19  19  19      11      13         
                                         13      11              19              19      11      13         
                                         13      11              19      12  12  -1  11  11      13         
                                         13      11              19      12      18              13         
                                         13      11              19      12  12  -2  13  13  13  13         
                                         13      11              19              17                         
                  8   8   8   8   8      13      11              19              17                         
                  8               8      13      11              19              17                         
  6   6   6   6  -2   1   1   1  -1   2  -2   3  -1   4   4   4  -2   5   5   5  -1   6   6   6   6   6   6 
  6               7               9      14      10              20              16                       6 
  6      16  16  -1  15  15       9      14  14  -2  15  15      20              16                       6 
  6      16      20      15       9               9      15      20              16                       6 
  6      16      20      15       9   9   9   9   9      15      20              16                       6 
  6      16      20      15                              15      20              16                       6 
  6      16      20      15  15  15  15  15  15  15  15  15      20              16                       6 
  6      16      20                                              20              16                       6 
  6      16      20  20  20  20  20  20  20  20  20  20  20  20  20              16                       6 
  6      16                                                                      16                       6 
  6      16  16  16  16  16  16  16  16  16  16  16  16  16  16  16  16  16  16  16                       6 
  6                                                                                                       6 
  6   6   6   6   6   6   6   6   6   6   6   6   6   6   6   6   6   6   6   6   6   6   6   6   6   6   6 
