         17  17  17  17  17  17  17  17  17  17  17  17  17  17  17  17  17  17  17  17  17  17  17  17  17 
         17                                                                                              17 
         17      20  20  20  20  20  20  20  20  20  20  20  20  20  20  20  20  20  20  20  20  20      17 
         17      20                                                                              20      17 
         17      20      18  18  18  18  18  18  18  18  18  18  18  18  18  18  18  18  18      20      17 
         17      20      18                                                              18      20      17 
         17      20      18       3   3   3   3   3   3   3   3   3   3   3   3   3      18      20      17 
         17      20      18       3                                               3      18      20      17 
         17      20      18       3               1   1   1   1   1   1   1       3      18      20      17 
         17      20      18       3               1                       1       3      18      20      17 
 14  14  -1  13  -2  12  -1  11  -2  10  10  10  -1   9   9   9   9   9  -2   8  -1   7  -2  20  20      17 
 14      16      19      19       4               6                       2       2      17              17 
 14      16      19  19  19       4               6                       2       2      17              17 
 14      16                       4               6                       2       2      17              17 
 14      16                       4               6                       2       2      17  17  17  17  17 
 14      16                       4               6                       2       2                         
 14      16                       4               6                       2   2   2                         
 14      16                       4               6                                                         
 14      16                       4      15  15  -2  14  14  14  14                                         
 14      16                       4      15       5              14                                         
 14      16                       4      15  15  -1  16  16      14                                         
 14      16                       4               4      16      14                                         
 14      16                       4   4   4   4   4      16      14                                         
 14      16                                              16      14                                         
 14      16  16  16  16  16  16  16  16  16  16  16  16  16      14                                         
 14                                                              14                                         
 14  14  14  14  14  14  14  14  14  14  14  14  14  14  14  14  14                                         
