         15  15  15  15  15  15  15  15  15  15  15  15  15  15  15  15  15  15  15                         
         15                                                                      15                         
         15                       1   1   1   1   1   1   1   1   1              15                         
         15                       1                               1              15                         
         15                       1       3   3   3   3   3       1              15                         
         15                       1       3               3       1              15                         
         15                       1       3      13  13  -2  12  -1  11  11  11  -2  10  10  10  10  10  10 
         15                       1       3      13       4       4              16                      10 
         15                       1       3      13       4   4   4              16                      10 
         15                       1       3      13                              16                      10 
         15                       1       3      13  13  13  13  13  13  13      16                      10 
         15                       1       3                              13      16                      10 
         15                       1       3   3   3   3   3   3   3      13      16                      10 
         15                       1                               3      13      16                      10 
         15                       1   1   1   1   1   1   1       3      13      16                      10 
         15                                               1       3      13      16                      10 
         15                                               1       3      13  13  -1  14  14  14  14      10 
         15                                               1       3              17              14      10 
         15      19  19  19                               1       3              17              14      10 
         15      19      19                               1       3              17              14      10 
 10  10  -1   9  -2   8  -1   7   7   7   7   7   7   7  -2   6  -1   5   5   5  -2  20  20      14      10 
 10      14      20      18                               2       2              18      20      14      10 
 10      14      20      18                               2   2   2              18      20      14      10 
 10      14      20      18                                                      18      20      14      10 
 10      14      20      18  18  18  18  18  18  18  18  18  18  18  18  18  18  18      20      14      10 
 10      14      20                                                                      20      14      10 
 10      14      20  20  20  20  20  20  20  20  20  20  20  20  20  20  20  20  20  20  20      14      10 
 10      14                                                                                      14      10 
 10      14  14  14  14  14  14  14  14  14  14  14  14  14  14  14  14  14  14  14  14  14  14  14      10 
 10                                                                                                      10 
 10  10  10  10  10  10  10  10  10  10  10  10  10  10  10  10  10  10  10  10  10  10  10  10  10  10  10 
