  3   3   3   3   3   3   3   3   3   3   3   3   3                                         
  3                                               3                                         
  3                              10  10  10  10  -1   9   9   9   9   9   9   9   9   9   9 
  3                              10               2                                       9 
  3                              10  10  10  10  -2  11  11  11  11  11  11  11  11       9 
  3                                               1                              11       9 
  3      18  18  18  18  18  18  18  18  18  18  -1  17  17                      11       9 
  3      18                                       8      17                      11       9 
  3      18                              16  16  -2  17  17                      11       9 
  3      18                              16       7                              11       9 
  3      18                              16  16  -1  15  15  15  15              11       9 
  3      18                                       6              15              11       9 
  3      18      14  14  14  14  14  14  14  14  -2  15  15  15  15              11       9 
  3      18      14                               5                              11       9 
  3      18      14      19  19  19  19  19  19  -1  20  20  20  20  20  20      11       9 
  3      18      14      19                       4                      20      11       9 
  3      18      14  14  -1  13  13  13  13  13  -2  12  12  12  12  12  -1  11  11       9 
  3      18              18                       3                       9               9 
  3      18  18  18  18  18                       3                       9               9 
  3                                               3                       9               9 
  3                                               3                       9   9   9   9   9 
  3                                               3                                         
  3   3   3   3   3   3   3   3   3   3   3   3   3                                         
