         15  15  15  15  15  15  15  15  15  15  15  15  15  15  15  15  15  15  15  15  15         
         15                                                                              15         
         15      17  17  17  17  17  17  17  17  17  17  17  17  17                      15         
         15      17                                              17                      15         
         15      17      19  19  19  19  19  19  19  19  19      17                      15         
         15      17      19                              19      17                      15         
         15      17  17  -2  16  16                      19      17                      15         
         15              20      16                      19      17                      15         
         15  15  15  15  -1  16  16                      19      17                      15         
                         13                              19      17                      15         
                         13                              19      17       2   2   2      15         
                         13                              19      17       2       2      15         
                         13               4   4   4      19      17       2       2      15         
                         13               4       4      19      17       2       2      15         
  8   8   8   8   8   8  -2   9   9   9  -1  10  -2  11  -1  12  -2   5  -1   6  -2   7  -1   8   8 
  8                      14               1       3      18      18       3       1      14       8 
  8                      14               1       3      18  18  18       3       1      14       8 
  8                      14               1       3                       3       1      14       8 
  8                      14               1       3   3   3   3   3   3   3       1      14       8 
  8                      14               1                                       1      14       8 
  8                      14               1   1   1   1   1   1   1   1   1   1   1      14       8 
  8                      14                                                              14       8 
  8                      14  14  14  14  14  14  14  14  14  14  14  14  14  14  14  14  14       8 
  8                                                                                               8 
  8   8   8   8   8   8   8   8   8   8   8   8   8   8   8   8   8   8   8   8   8   8   8   8   8 
