 12  12  12  12  12  12  12  12  12  12  12  12  12  12  12  12  12  12  12  12  12  12  12  12  12 
 12                                                                                              12 
 12      19  19  19  19  19  19  19  19  19  19  19  19  19  19  19  19  19  19  19  19  19      12 
 12      19                                                                              19      12 
 12      19       3   3   3   3   3   3   3   3   3   3   3                              19      12 
 12      19       3                                       3                              19      12 
 12      19       3       1   1   1   1   1   1   1       3                              19      12 
 12      19       3       1                       1       3                              19      12 
 12      19       3       1                       1       3      13  13  13  13  13      19      12 
 12      19       3       1                       1       3      13              13      19      12 
 12      19       3       1      16  16  16       1       3      13              13      19      12 
 12      19       3       1      16      16       1       3      13              13      19      12 
 12  12  -1  11  -2  10  -1   9  -2   8  -1   7  -2   6  -1   5  -2  20  20  20  -1  19  19      12 
         18       4       4      15      17       2       2      14              12              12 
         18       4       4      15      17       2       2      14              12  12  12  12  12 
         18       4       4      15      17       2       2      14                                 
         18       4   4   4      15      17       2       2      14                                 
         18                      15      17       2       2      14                                 
         18                      15      17       2   2   2      14                                 
         18                      15      17                      14                                 
         18                      15      17  17  17  17  17  17  -1  18  18                         
         18                      15                              15      18                         
         18                      15  15  15  15  15  15  15  15  15      18                         
         18                                                              18                         
         18  18  18  18  18  18  18  18  18  18  18  18  18  18  18  18  18                         
