                                                  3   3   3   3   3   3   3   3   3   3   3 
                                                  3                                       3 
 19  19  19  19  19  19  19  19  19  19  19  19  -1  20  20  20  20  20  20  20  20       3 
 19                                               2                              20       3 
 19       8   8   8   8   8   8   8   8   8   8  -2   9   9   9   9   9   9      20       3 
 19       8                                       1                       9      20       3 
 19       8                              14  14  -1  13  13  13  13       9      20       3 
 19       8                              14       6              13       9      20       3 
 19       8                              14  14  -2  15  15      13       9      20       3 
 19       8                                       5      15      13       9      20       3 
 19       8      16  16  16  16  16  16  16  16  -1  15  15      13       9      20       3 
 19       8      16                               4              13       9      20       3 
 19       8      16      18  18  18               4              13       9      20       3 
 19       8      16      18      18               4              13       9      20       3 
 19       8   8  -1   7  -2  12  -1  11  11  11  -2  10  10  10  -1   9   9      20       3 
 19              17      17      19               3              20              20       3 
 19              17      17      19               3              20  20  20  20  20       3 
 19              17      17      19               3                                       3 
 19              17  17  17      19               3                                       3 
 19                              19               3                                       3 
 19  19  19  19  19  19  19  19  19               3                                       3 
                                                  3                                       3 
                                                  3   3   3   3   3   3   3   3   3   3   3 
