                                         12  12  12  12  12  12  12  12  12  12  12  12  12  12  12  12  12 
                                         12                                                              12 
                                         12       3   3   3   3   3   3   3   3   3   3   3   3   3      12 
                                         12       3                                               3      12 
                                         12       3                       6   6   6   6   6       3      12 
                                         12       3                       6               6       3      12 
                                         12       3      14  14  14       6               6       3      12 
                                         12       3      14      14       6               6       3      12 
                                         12       3   3  -1   4  -2   1  -1   2   2   2  -2   3   3      12 
                                         12              15      13       7               5              12 
                                         12  12  12  12  -2  13  13       7      11  11  -1  12  12  12  12 
                                                         16               7      11      20                 
 20  20  20  20  20  20  20  20  20                      16               7      11      20                 
 20                              20                      16               7      11      20                 
 20              18  18  18      20                      16               7      11      20                 
 20              18      18      20                      16               7      11      20                 
 20      11  11  -2  10  -1   9  -2   8   8   8   8   8  -1   7   7   7   7      11      20                 
 20      11      17      19      19                      17                      11      20                 
 20      11      17      19  19  19                      17                      11      20                 
 20      11      17                                      17                      11      20                 
 20      11      17  17  17  17  17  17  17  17  17  17  17                      11      20                 
 20      11                                                                      11      20                 
 20      11  11  11  11  11  11  11  11  11  11  11  11  11  11  11  11  11  11  11      20                 
 20                                                                                      20                 
 20  20  20  20  20  20  20  20  20  20  20  20  20  20  20  20  20  20  20  20  20  20  20                 
