         19  19  19  19  19  19  19  19  19  19  19  19  19  19  19  19  19  19  19         
         19                                                                      19         
         19       2   2   2   2   2   2   2   2   2   2   2   2   2   2   2      19         
         19       2                                                       2      19         
         19       2       4   4   4   4   4   4   4   4   4   4   4       2      19         
         19       2       4                                       4       2      19         
         19       2       4      15  15  15  15  15  15  15       4       2      19         
         19       2       4      15                      15       4       2      19         
         19       2       4   4  -1   3   3              15       4       2      19         
         19       2              14       3              15       4       2      19         
         19       2   2   2   2  -2   3   3              15       4       2      19         
         19                      13                      15       4       2      19         
 10  10  -2  11  11  11  11  11  -1  12  12  12  12  12  -2   7  -1   8  -2   9  -1  10  10 
 10      20                      20                      16       5       1      18      10 
 10      20  20  20  20  20  20  20                      16       5       1      18      10 
 10                                                      16       5       1      18      10 
 10                                               6   6  -1   5   5       1      18      10 
 10                                               6      17               1      18      10 
 10                                               6   6  -2   1   1   1   1      18      10 
 10                                                      18                      18      10 
 10                                                      18  18  18  18  18  18  18      10 
 10                                                                                      10 
 10  10  10  10  10  10  10  10  10  10  10  10  10  10  10  10  10  10  10  10  10  10  10 
