 14  14  14  14  14  14  14  14  14  14  14  14  14  14  14  14  14  14  14                                         
 14                                                                      14                                         
 14      16  16  16  16  16  16  16  16  16  16  16  16  16  16  16      14                                         
 14      16                                                      16      14                                         
 14      16       9   9   9   9   9   9   9   9   9   9   9      16      14                                         
 14      16       9                                       9      16      14                                         
 14      16       9                                       9      16      14      19  19  19  19  19  19  19  19  19 
 14      16       9                                       9      16      14      19                              19 
 14      16       9                                       9      16      14      19      11  11  11  11  11      19 
 14      16       9                                       9      16      14      19      11              11      19 
 14      16       9                      12  12  12       9      16      14      19      11              11      19 
 14      16       9                      12      12       9      16      14      19      11              11      19 
 14      16       9      17  17  17      12      12       9      16      14      19      11              11      19 
 14      16       9      17      17      12      12       9      16      14      19      11              11      19 
 14      16       9   9  -1  10  -2   1  -1   2  -2   3  -1   4  -2   5  -1   6  -2   7  -1   8   8      11      19 
 14      16              16      18      13      11       8      15      15      20      20       8      11      19 
 14      16              16      18      13      11       8      15      15      20  20  20       8      11      19 
 14      16              16      18      13      11       8      15      15                       8      11      19 
 14      16  16  16  16  16      18      13      11       8      15      15                       8      11      19 
 14                              18      13      11       8      15      15                       8      11      19 
 14                              18      13      11       8      15  15  15                       8      11      19 
 14                              18      13      11       8                                       8      11      19 
 14                              18      13      11       8   8   8   8   8   8   8   8   8   8   8      11      19 
 14                              18      13      11                                                      11      19 
 14                              18      13      11  11  11  11  11  11  11  11  11  11  11  11  11  11  11      19 
 14                              18      13                                                                      19 
 14  14  14  14  14  14  14  14  -1  13  13                                                                      19 
                                 19                                                                              19 
                                 19  19  19  19  19  19  19  19  19  19  19  19  19  19  19  19  19  19  19  19  19 
