  6   6   6   6   6   6   6   6   6   6   6   6   6   6   6   6   6   6   6                         
  6                                                                       6                         
  6      13  13  13  13  13  13  13  13  13  13  13  13  13  13  13       6                         
  6      13                                                      13       6                         
  6      13      19  19  19  19  19  19  19  19  19  19  19      13       6                         
  6      13      19                                      19      13       6                         
  6      13      19              14  14  14  14  14      19      13       6                         
  6      13      19              14              14      19      13       6                         
  6      13      19      10  10  -1   9   9      14  14  -1  13  13       6                         
  6      13      19      10      15       9              18               6                         
  6   6  -1   5  -2   4  -1   3  -2   2  -1   1   1   1  -2   6   6   6   6                         
         12      20      11      16       8              17                                         
         12      20      11      16       8              17                      12  12  12  12  12 
         12      20      11      16       8              17                      12              12 
         12      20      11      16       8   8   8   8  -1   7   7   7   7   7  -2  20  20      12 
         12      20      11      16                      16                      11      20      12 
         12      20      11      16  16  16  16  16  16  16                      11      20      12 
         12      20      11                                                      11      20      12 
         12      20      11  11  11  11  11  11  11  11  11  11  11  11  11  11  11      20      12 
         12      20                                                                      20      12 
         12      20  20  20  20  20  20  20  20  20  20  20  20  20  20  20  20  20  20  20      12 
         12                                                                                      12 
         12  12  12  12  12  12  12  12  12  12  12  12  12  12  12  12  12  12  12  12  12  12  12 
