                                         15  15  15  15  15  15  15  15  15  15  15  15  15  15  15  15  15 
                                         15                                                              15 
                                         15       3   3   3   3   3   3   3   3   3   3   3   3   3      15 
                                         15       3                                               3      15 
                                         15       3                       6   6   6   6   6       3      15 
                                         15       3                       6               6       3      15 
                                         15       3      12  12  12       6               6       3      15 
                                         15       3      12      12       6               6       3      15 
 20  20  20  20  20  20  20              15       3      12      12       6               6       3      15 
 20                      20              15       3      12      12       6               6       3      15 
 20      16  16  16  16  -2  17  17      15       3   3  -1   4  -2   1  -1   2   2   2  -2   3   3      15 
 20      16              19      17      15              13      11       7               5              15 
 20      16       7   7  -1   8  -2   9  -1  10  10  10  -2  11  11       7      16  16  -1  15  15  15  15 
 20      16       7      18      18      14              14               7      16      20                 
 20      16       7      18  18  18      14              14               7      16      20                 
 20      16       7                      14              14               7      16      20                 
 20      16       7                      14  14  14  14  14               7      16      20                 
 20      16       7                                                       7      16      20                 
 20      16       7   7   7   7   7   7   7   7   7   7   7   7   7   7   7      16      20                 
 20      16                                                                      16      20                 
 20      16  16  16  16  16  16  16  16  16  16  16  16  16  16  16  16  16  16  16      20                 
 20                                                                                      20                 
 20  20  20  20  20  20  20  20  20  20  20  20  20  20  20  20  20  20  20  20  20  20  20                 
