                                                  3   3   3   3   3   3   3 
                                                  3                       3 
                 17  17  17  17  17  17  17  17  -1  18  18  18  18       3 
                 17                               2              18       3 
                 17      12  12  12  12  12  12  -2  13  13      18       3 
                 17      12                       1      13      18       3 
                 17      12      14  14  14  14  -1  13  13      18       3 
                 17      12      14              10              18       3 
                 17      12      14      19  19  -2  18  18  18  18       3 
                 17      12      14      19       9                       3 
  8   8   8   8  -1   7  -2   6  -1   5  -2   4  -1   3   3   3   3   3   3 
  8              16      11      15      20       8                         
  8      20  20  -2  11  11      15      20       8                         
  8      20      15              15      20       8                         
  8      20      15  15  15  15  15      20       8                         
  8      20                              20       8                         
  8      20  20  20  20  20  20  20  20  20       8                         
  8                                               8                         
  8   8   8   8   8   8   8   8   8   8   8   8   8                         
