                                         13  13  13  13  13  13  13  13  13  13  13  13  13  13  13  13  13  13  13 
                                         13                                                                      13 
                                         13       3   3   3   3   3   3   3   3   3   3   3   3   3   3   3      13 
                                         13       3                                                       3      13 
                                         13       3                               6   6   6   6   6       3      13 
                                         13       3                               6               6       3      13 
                                         13       3      10  10  10  10  10       6               6       3      13 
                                         13       3      10              10       6               6       3      13 
                                         13       3   3  -1   4   4   4  -2   1  -1   2   2   2  -2   3   3      13 
                                         13              11               9       7               5              13 
  8   8   8   8   8                      13              11               9       7               5              13 
  8               8                      13              11               9       7               5              13 
  8               8      20  20  20      13              11               9       7               5              13 
  8               8      20      20      13              11               9       7               5              13 
  8      14  14  -2  15  -1  16  -2  17  -1  18  18  18  -2  19  19       9       7      14  14  -1  13  13  13  13 
  8      14       7       9      19      12              12      19       9       7      14       8                 
  8      14       7       9      19      12  12  12  12  12      19       9       7      14       8                 
  8      14       7       9      19                              19       9       7      14       8                 
  8      14       7       9      19  19  19  19  19  19  19  19  19       9       7      14       8                 
  8      14       7       9                                               9       7      14       8                 
  8      14       7       9   9   9   9   9   9   9   9   9   9   9   9   9       7      14       8                 
  8      14       7                                                               7      14       8                 
  8      14       7   7   7   7   7   7   7   7   7   7   7   7   7   7   7   7   7      14       8                 
  8      14                                                                              14       8                 
  8      14  14  14  14  14  14  14  14  14  14  14  14  14  14  14  14  14  14  14  14  14       8                 
  8                                                                                               8                 
  8   8   8   8   8   8   8   8   8   8   8   8   8   8   8   8   8   8   8   8   8   8   8   8   8                 
