 16  16  16  16  16  16  16  16  16  16  16  16  16  16  16  16  16  16  16  16  16                         
 16                                                                              16                         
 16                                                                       5   5  -2   4   4   4   4   4   4 
 16                                                                       5      15                       4 
 16                                                                       5   5  -1   6   6   6   6       4 
 16                                                                              14               6       4 
 16      12  12  12  12  12  12  12  12  12  12  12  12  12  12  12              14               6       4 
 16      12                                                      12              14               6       4 
 16      12      17  17  17  17  17  17  17  17  17  17  17      12              14               6       4 
 16      12      17                                      17      12              14               6       4 
 16      12      17       3   3   3   3   3   3   3      17      12              14               6       4 
 16      12      17       3                       3      17      12              14               6       4 
 16      12      17       3       1   1   1       3      17      12              14               6       4 
 16      12      17       3       1       1       3      17      12              14               6       4 
 16      12  12  -1  11  -2  10  -1   9  -2   8  -1   7  -2  20  -1  19  19  19  -2  18  18       6       4 
 16              16       4       6       2       2      18      13              13      18       6       4 
 16  16  16  16  16       4       6       2       2      18      13              13      18       6       4 
                          4       6       2       2      18      13              13      18       6       4 
                          4       6       2       2      18      13  13  13  13  13      18       6       4 
                          4       6       2       2      18                              18       6       4 
                          4       6       2       2      18  18  18  18  18  18  18  18  18       6       4 
                          4       6       2       2                                               6       4 
                          4       6       2   2   2                                               6       4 
                          4       6                                                               6       4 
                          4       6   6   6   6   6   6   6   6   6   6   6   6   6   6   6   6   6       4 
                          4                                                                               4 
                          4   4   4   4   4   4   4   4   4   4   4   4   4   4   4   4   4   4   4   4   4 
