                         13  13  13  13  13  13  13  13  13  13  13  13  13  13  13  13  13  13  13 
                         13                                                                      13 
                         13       3   3   3   3   3   3   3   3   3   3   3   3   3   3   3      13 
                         13       3                                                       3      13 
                         13       3                               6   6   6   6   6       3      13 
                         13       3                               6               6       3      13 
                         13       3      12  12  12               6               6       3      13 
                         13       3      12      12               6               6       3      13 
                         13       3   3  -1   4  -2   1   1   1  -1   2   2   2  -2   3   3      13 
                         13              13      11               7               5              13 
                         13  13  13  13  13      11               7               5              13 
                                                 11               7               5              13 
         15  15  15  15  15  15  15  15  15  15  -1  16  16       7      14  14  -1  13  13  13  13 
         15                                      10      16       7      14      20                 
         15       8   8   8   8   8   8   8      10      16       7      14      20                 
         15       8                       8      10      16       7      14      20                 
 20  20  -1  19  -2  18  18  18  18  18  -1  17  -2  16  16       7      14      20                 
 20      14       7                       9       9               7      14      20                 
 20      14       7                       9   9   9               7      14      20                 
 20      14       7                                               7      14      20                 
 20      14       7   7   7   7   7   7   7   7   7   7   7   7   7      14      20                 
 20      14                                                              14      20                 
 20      14  14  14  14  14  14  14  14  14  14  14  14  14  14  14  14  14      20                 
 20                                                                              20                 
 20  20  20  20  20  20  20  20  20  20  20  20  20  20  20  20  20  20  20  20  20                 
