         19  19  19  19  19  19  19  19  19  19  19  19  19  19  19  19  19                 
         19                                                              19                 
         19                       1   1   1   1   1   1   1   1   1      19                 
         19                       1                               1      19                 
         19       3   3   3       1                               1      19                 
         19       3       3       1                               1      19                 
         19       3       3       1      15  15  15  15  15       1      19                 
         19       3       3       1      15              15       1      19                 
 12  12  -1  11  -2  10  -1   9  -2   8  -1   7   7   7  -2  20  -1  19  19                 
 12      18       4       2       2      14              16       6                         
 12      18       4       2   2   2      14              16       6                         
 12      18       4                      14              16       6                         
 12      18       4                      14      16  16  16       6                         
 12      18       4                      14      16               6                         
 12      18       4                      14      16      13  13  -2  12  12  12  12  12  12 
 12      18       4                      14      16      13       5                      12 
 12      18       4                      14      16  16  -2  17  -1  18  18  18  18      12 
 12      18       4                      14              14       4              18      12 
 12      18       4                      14  14  14  14  14       4              18      12 
 12      18       4                                               4              18      12 
 12      18       4   4   4   4   4   4   4   4   4   4   4   4   4              18      12 
 12      18                                                                      18      12 
 12      18  18  18  18  18  18  18  18  18  18  18  18  18  18  18  18  18  18  18      12 
 12                                                                                      12 
 12  12  12  12  12  12  12  12  12  12  12  12  12  12  12  12  12  12  12  12  12  12  12 
