                                          5   5   5   5   5   5   5   5   5   5   5   5   5                         
                                          5                                               5                         
                                          5       7   7   7   7   7   7   7   7   7       5                         
                                          5       7                               7       5                         
                                          5       7       1   1   1   1   1       7       5                         
                                          5       7       1               1       7       5                         
                                          5       7   7  -2   6   6       1       7       5                         
                                          5               2       6       1       7       5                         
                                          5   5   5   5  -1   6   6       1       7       5                         
                                                          3               1       7       5                         
 16  16  16  16  16  16  16  16  16                       3               1       7       5                         
 16                              16                       3               1       7       5                         
 16      18  18  18  18  18      16                       3               1       7       5                         
 16      18              18      16                       3               1       7       5                         
 16      18              18      16                       3               1       7       5      19  19  19         
 16      18              18      16                       3               1       7       5      19      19         
 16      18       8   8  -2   9  -1  10  10  10  10  10  -2  11  11  11  -1  12  -2  13  -1  14  -2  15  -1  16  16 
 16      18       8      17      17                       4               4       8      20      20      18      16 
 16      18       8      17      17                       4               4       8      20  20  20      18      16 
 16      18       8      17      17                       4               4       8                      18      16 
 16      18       8      17  17  17                       4               4       8                      18      16 
 16      18       8                                       4               4       8                      18      16 
 16      18       8                                       4   4   4   4   4       8                      18      16 
 16      18       8                                                               8                      18      16 
 16      18       8   8   8   8   8   8   8   8   8   8   8   8   8   8   8   8   8                      18      16 
 16      18                                                                                              18      16 
 16      18  18  18  18  18  18  18  18  18  18  18  18  18  18  18  18  18  18  18  18  18  18  18  18  18      16 
 16                                                                                                              16 
 16  16  16  16  16  16  16  16  16  16  16  16  16  16  16  16  16  16  16  16  16  16  16  16  16  16  16  16  16 
