  6   6   6   6   6   6   6   6   6   6   6   6   6   6   6   6   6   6   6   6   6   6   6   6   6   6   6 
  6                                                                                                       6 
  6               8   8   8   8   8                                                                       6 
  6               8               8                                                                       6 
  6               8               8      15  15  15  15  15  15  15  15  15  15  15                       6 
  6               8               8      15                                      15                       6 
  6               8               8      15      11  11  11  11  11              15                       6 
  6               8               8      15      11              11              15                       6 
  6   6   6   6  -2   1   1   1  -1   2  -2   3  -1   4   4   4  -2   5   5   5  -1   6   6   6   6   6   6 
                  7               9      16      10              12              14                         
         18  18  -1  17  17       9      16  16  -2  17  17      12      19  19  -2  18  18  18  18         
         18      20      17       9               9      17      12      19      13              18         
         18      20      17       9   9   9   9   9      17      12      19      13              18         
         18      20      17                              17      12      19      13              18         
         18      20      17  17  17  17  17  17  17  17  17      12      19      13              18         
         18      20                                              12      19      13              18         
         18      20                                              12      19  19  -1  20  20      18         
         18      20                                              12              12      20      18         
         18      20                                              12  12  12  12  12      20      18         
         18      20                                                                      20      18         
         18      20  20  20  20  20  20  20  20  20  20  20  20  20  20  20  20  20  20  20      18         
         18                                                                                      18         
         18  18  18  18  18  18  18  18  18  18  18  18  18  18  18  18  18  18  18  18  18  18  18         
