                          1   1   1   1   1   1   1   1   1   1   1   1   1   1   1   1   1   1   1   1   1 
                          1                                                                               1 
                          1                      10  10  10  10  10                                       1 
                          1                      10              10                                       1 
                          1       3   3   3   3  -1   4   4   4  -2   1   1   1   1   1   1   1   1   1   1 
                          1       3              11               9                                         
                          1       3      17  17  -2  16  16       9                                         
                          1       3      17      12      16       9                                         
                          1       3      17      12      16       9   9   9   9   9   9   9   9   9         
                          1       3      17      12      16                                       9         
                          1       3      17      12      16  16  16  16  16  16  16  16  16       9         
                          1       3      17      12                                      16       9         
                          1       3      17      12              14  14  14  14  14      16       9         
                          1       3      17      12              14              14      16       9         
         15  15  15       1       3      17      12              14              14      16       9         
         15      15       1       3      17      12              14              14      16       9         
  9   9  -2   8  -1   7  -2   6  -1   5  -2  20  -1  19  19  19  -2  18  18      14      16       9         
  9      16      14       2       2      18      13              13      18      14      16       9         
  9      16      14       2       2      18      13  13  13  13  13      18      14      16       9         
  9      16      14       2       2      18                              18      14      16       9         
  9      16      14       2       2      18  18  18  18  18  18  18  18  18      14      16       9         
  9      16      14       2       2                                              14      16       9         
  9      16      14       2   2   2                                              14      16       9         
  9      16      14                                                              14      16       9         
  9      16      14  14  14  14  14  14  14  14  14  14  14  14  14  14  14  14  14      16       9         
  9      16                                                                              16       9         
  9      16  16  16  16  16  16  16  16  16  16  16  16  16  16  16  16  16  16  16  16  16       9         
  9                                                                                               9         
  9   9   9   9   9   9   9   9   9   9   9   9   9   9   9   9   9   9   9   9   9   9   9   9   9         
