  4   4   4   4   4   4   4   4   4   4   4   4   4   4   4   4   4   4   4   4   4                         
  4                                                                               4                         
  4      11  11  11  11  11  11  11  11  11  11  11  11  11  11  11  11  11       4                         
  4      11                                                              11       4                         
  4      11       3   3   3   3   3   3   3   3   3                      11       4                         
  4      11       3                               3                      11       4                         
  4      11  11  -2  10  10  10  10  10  10  10  -1   9   9              11       4                         
  4               4                               2       9              11       4                         
  4   4   4   4   4                               2       9              11       4                         
                                                  2       9              11       4                         
                          8   8   8   8   8   8  -2   9   9              11       4                         
                          8                       1                      11       4                         
                          8      14  14  14  14  -1  13  13  13  13      11       4                         
                          8      14               6              13      11       4                         
                          8      14               6              13      11       4      15  15  15         
                          8      14               6              13      11       4      15      15         
                          8      14      16  16  -2  17  17  17  -1  18  -2  19  -1  20  -2   7  -1   8   8 
                          8      14      16       5              12      12       5      16      14       8 
                          8      14      16       5              12  12  12       5      16      14       8 
                          8      14      16       5                               5      16      14       8 
                          8      14      16       5   5   5   5   5   5   5   5   5      16      14       8 
                          8      14      16                                              16      14       8 
                          8      14      16  16  16  16  16  16  16  16  16  16  16  16  16      14       8 
                          8      14                                                              14       8 
                          8      14  14  14  14  14  14  14  14  14  14  14  14  14  14  14  14  14       8 
                          8                                                                               8 
                          8   8   8   8   8   8   8   8   8   8   8   8   8   8   8   8   8   8   8   8   8 
