 10  10  10  10  10  10  10  10  10  10  10  10  10  10  10  10  10  10  10  10  10  10  10 
 10                                                                                      10 
 10      19  19  19  19  19  19  19  19  19  19  19  19  19  19  19  19  19  19  19      10 
 10      19                                                                      19      10 
 10      19                                                       2   2   2      19      10 
 10      19                                                       2       2      19      10 
 10      19                      13  13  13  13  13               2       2      19      10 
 10      19                      13              13               2       2      19      10 
 10  10  -2  11  11  11  11  11  -1  12  12  12  -2   7   7   7  -1   8  -2   9  -1  10  10 
         20                      20              14               3       1      18         
         20  20  20  20  20  20  20              14               3       1      18         
                                                 14               3       1      18         
                                          4   4  -1   3   3   3   3       1      18         
                                          4      15                       1      18         
                                          4   4  -2   5   5               1      18         
                                                 16       5               1      18         
                 18  18  18  18  18              16       5               1      18         
                 18              18              16       5               1      18         
                 18       1   1  -2   6   6   6  -1   5   5               1      18         
                 18       1      17              17                       1      18         
                 18       1      17  17  17  17  17                       1      18         
                 18       1                                               1      18         
                 18       1   1   1   1   1   1   1   1   1   1   1   1   1      18         
                 18                                                              18         
                 18  18  18  18  18  18  18  18  18  18  18  18  18  18  18  18  18         
