                         11  11  11  11  11  11  11  11  11  11  11  11  11  11  11  11  11  11  11 
                         11                                                                      11 
                         11       3   3   3   3   3   3   3   3   3   3   3   3   3   3   3      11 
                         11       3                                                       3      11 
                         11       3                               6   6   6   6   6       3      11 
                         11       3                               6               6       3      11 
                         11       3      10  10  10               6               6       3      11 
                         11       3      10      10               6               6       3      11 
                         11       3   3  -1   4  -2   1   1   1  -1   2   2   2  -2   3   3      11 
                         11              11       9               7               5              11 
                         11  11  11  11  11       9               7               5              11 
                                                  9               7               5              11 
                                         15  15  -1  16  16       7      12  12  -1  11  11  11  11 
                                         15       8      16       7      12      20                 
         13  13  13                      15       8      16       7      12      20                 
         13      13                      15       8      16       7      12      20                 
 20  20  -1  19  -2  18  18  18  18  18  -1  17  -2  16  16       7      12      20                 
 20      12      14                      14       7               7      12      20                 
 20      12      14  14  14  14  14  14  14       7               7      12      20                 
 20      12                                       7               7      12      20                 
 20      12                                       7   7   7   7   7      12      20                 
 20      12                                                              12      20                 
 20      12  12  12  12  12  12  12  12  12  12  12  12  12  12  12  12  12      20                 
 20                                                                              20                 
 20  20  20  20  20  20  20  20  20  20  20  20  20  20  20  20  20  20  20  20  20                 
