  1   1   1   1   1   1   1   1   1                                                                                                 
  1                               1                                                                                                 
  1                               1       3   3   3   3   3   3   3   3   3   3   3   3   3   3   3   3   3   3   3   3   3   3   3 
  1                               1       3                                                                                       3 
  1                               1       3      13  13  13  13  13  13  13  13  13  13  13  13  13  13  13  13  13  13  13       3 
  1                               1       3      13                                                                      13       3 
  1                               1       3      13       9   9   9   9   9   9   9   9   9   9   9   9   9   9   9      13       3 
  1                               1       3      13       9                                                       9      13       3 
  1                               1       3      13       9      16  16  16  16  16  16  16  16  16  16  16       9      13       3 
  1                               1       3      13       9      16                                      16       9      13       3 
  1                               1       3      13       9      16              10  10  10  10  10      16       9      13       3 
  1                               1       3      13       9      16              10              10      16       9      13       3 
  1      15  15  15  15  15       1       3      13       9      16              10              10      16       9      13       3 
  1      15              15       1       3      13       9      16              10              10      16       9      13       3 
  1      15       8   8  -1   7  -2   6  -1   5  -2  20  -1  19  -2  18  18  18  -1  17  17  17  -2  16  16       9      13       3 
  1      15       8      14       2       2      14       8      15              11               9               9      13       3 
  1      15       8      14       2       2      14       8      15              11               9   9   9   9   9      13       3 
  1      15       8      14       2       2      14       8      15              11                                      13       3 
  1      15       8      14       2   2   2      14       8      15              11                                      13       3 
  1      15       8      14                      14       8      15              11                                      13       3 
  1      15       8      14  14  14  14  14  14  14       8      15              11                                      13       3 
  1      15       8                                       8      15              11                                      13       3 
  1      15       8   8   8   8   8   8   8   8   8   8   8      15              11                                      13       3 
  1      15                                                      15              11                                      13       3 
  1      15  15  15  15  15  15  15  15  15  15  15  15  15  15  15              11                                      13       3 
  1                                                                              11                                      13       3 
  1   1   1   1   1   1   1   1   1   1   1   1   1   1   1   1   1   1   1   1  -2   4   4                              13       3 
                                                                                 12       4                              13       3 
                                                                          3   3  -1   4   4                              13       3 
                                                                          3      13                                      13       3 
                                                                          3      13  13  13  13  13  13  13  13  13  13  13       3 
                                                                          3                                                       3 
                                                                          3   3   3   3   3   3   3   3   3   3   3   3   3   3   3 
