 17  17  17  17  17  17  17  17  17  17  17  17  17  17  17  17  17  17  17  17  17  17  17  17  17         
 17                                                                                              17         
 17       8   8   8   8   8   8   8   8   8   8   8   8   8   8   8   8   8   8   8   8   8      17         
 17       8                                                                               8      17         
 17       8      18  18  18  18  18                                                       8      17         
 17       8      18              18                                                       8      17         
 17       8   8  -2   9   9   9  -1  10  10  10  10  10  10  10  10  10  10  10  10       8      17         
 17              17              19                                              10       8      17         
 17  17  17  17  17              19                                              10       8      17         
                                 19                                              10       8      17         
                                 19                       4   4   4   4   4      10       8      17         
                                 19                       4               4      10       8      17         
                         16  16  -2  11  11  11  11  11  -1  12  12  12  -2  13  -1  14  -2  15  -1  16  16 
                         16      20                       1               3       5       7      20      16 
                         16      20       7   7   7   7  -2   6   6       3       5       7      20      16 
                         16      20       7               2       6       3       5       7      20      16 
                         16      20       7       5   5  -1   6   6       3       5       7      20      16 
                         16      20       7       5       3               3       5       7      20      16 
                         16      20       7       5       3   3   3   3   3       5       7      20      16 
                         16      20       7       5                               5       7      20      16 
                         16      20       7       5   5   5   5   5   5   5   5   5       7      20      16 
                         16      20       7                                               7      20      16 
                         16      20       7   7   7   7   7   7   7   7   7   7   7   7   7      20      16 
                         16      20                                                              20      16 
                         16      20  20  20  20  20  20  20  20  20  20  20  20  20  20  20  20  20      16 
                         16                                                                              16 
                         16  16  16  16  16  16  16  16  16  16  16  16  16  16  16  16  16  16  16  16  16 
