                  6   6   6   6   6   6   6   6   6   6   6   6   6   6   6   6   6   6   6   6   6 
                  6                                                                               6 
                  6                              13  13  13  13  13  13  13  13  13  13  13       6 
                  6                              13                                      13       6 
                  6                              13              11  11  11  11  11      13       6 
                  6                              13              11              11      13       6 
                  6               2   2   2   2  -2   3   3   3  -1   4   4      11      13       6 
                  6               2              14              10       4      11      13       6 
                  6               2              14      10  10  10       4      11      13       6 
                  6               2              14      10               4      11      13       6 
                  6               2              14      10       4   4   4      11      13       6 
                  6               2              14      10       4              11      13       6 
  1   1   1   1  -1   2   2   2   2       9   9  -1  10  10       4              11      13       6 
  1               7                       9      15               4              11      13       6 
  1               7       9   9   9   9   9      15               4              11      13       6 
  1               7       9                      15               4              11      13       6 
  1      16  16  -2  17  -1  18  18  18  18  18  -2  19  19  19  -1  20  20  20  -2   5  -1   6   6 
  1      16       8       8                      16               1              12      12         
  1      16       8       8                      16               1              12  12  12         
  1      16       8       8                      16               1                                 
  1      16       8   8   8                      16               1                                 
  1      16                                      16               1                                 
  1      16  16  16  16  16  16  16  16  16  16  16               1                                 
  1                                                               1                                 
  1   1   1   1   1   1   1   1   1   1   1   1   1   1   1   1   1                                 
