                                                                                         15  15  15  15  15  15  15 
                                                                                         15                      15 
                                                                                 11  11  -2  20  20  20  20      15 
                                                                                 11      16              20      15 
 13  13  13  13  13  13  13  13  13  13  13  13  13  13  13  13  13  13  13      11      16              20      15 
 13                                                                      13      11      16              20      15 
 13      18  18  18  18  18  18  18  18  18  18  18  18  18  18  18      13      11      16              20      15 
 13      18                                                      18      13      11      16              20      15 
 13      18       8   8   8   8   8   8   8   8   8   8   8      18      13      11      16              20      15 
 13      18       8                                       8      18      13      11      16              20      15 
 13      18       8      19  19  19  19  19  19  19       8      18      13      11      16              20      15 
 13      18       8      19                      19       8      18      13      11      16              20      15 
 13      18       8      19      14  14  14      19       8      18      13      11      16              20      15 
 13      18       8      19      14      14      19       8      18      13      11      16              20      15 
 13      18       8   8  -1   7  -2   6  -1   5  -2   4  -1   3  -2   2  -1   1  -2  10  -1   9   9      20      15 
 13      18              18      13      15      20       9      17      12      12      17       9      20      15 
 13      18  18  18  18  18      13      15      20       9      17      12      12      17       9      20      15 
 13                              13      15      20       9      17      12      12      17       9      20      15 
 13  13  13  13  13  13  13  13  13      15      20       9      17      12      12      17       9      20      15 
                                         15      20       9      17      12      12      17       9      20      15 
                                         15      20       9      17      12  12  12      17       9      20      15 
                                         15      20       9      17                      17       9      20      15 
                                         15      20       9      17  17  17  17  17  17  17       9      20      15 
                                         15      20       9                                       9      20      15 
                                         15      20       9   9   9   9   9   9   9   9   9   9   9      20      15 
                                         15      20                                                      20      15 
                                         15      20  20  20  20  20  20  20  20  20  20  20  20  20  20  20      15 
                                         15                                                                      15 
                                         15  15  15  15  15  15  15  15  15  15  15  15  15  15  15  15  15  15  15 
