         16  16  16  16  16  16  16  16  16  16  16  16  16  16  16  16  16  16  16         
         16                                                                      16         
         16      20  20  20  20  20  20  20  20  20  20  20  20  20  20  20      16         
         16      20                                                      20      16         
         16      20      11  11  11  11  11  11  11  11  11  11  11      20      16         
         16      20      11                                      11      20      16         
         16      20  20  -1  19  19  19  19      13  13  13  13  -2  20  20      16         
         16              10              19      13              12              16         
         16  16  16  16  -2  17  17      19      13      15  15  -1  16  16  16  16         
                          9      17      19      13      15       7                         
  2   2   2   2   2   2  -1   1  -2   6  -1   5  -2   4  -1   3  -2   2   2   2   2   2   2 
  2                       8      18      18      14      14       8                       2 
  2                       8      18  18  18      14      14       8                       2 
  2                       8                      14      14       8                       2 
  2                       8                      14  14  14       8                       2 
  2                       8                                       8                       2 
  2                       8   8   8   8   8   8   8   8   8   8   8                       2 
  2                                                                                       2 
  2   2   2   2   2   2   2   2   2   2   2   2   2   2   2   2   2   2   2   2   2   2   2 
