                                 14  14  14  14  14  14  14  14  14  14  14  14  14  14  14  14  14  14  14 
                                 14                                                                      14 
                                 14      19  19  19  19  19  19  19  19  19  19  19  19  19  19  19      14 
                                 14      19                                                      19      14 
                                 14      19       5   5   5   5   5   5   5   5   5              19      14 
                                 14      19       5                               5              19      14 
                                 14      19       5       3   3   3   3   3       5              19      14 
                                 14      19       5       3               3       5              19      14 
                         20  20  -1  19  19       5       3       6   6  -1   5   5              19      14 
                         20      15               5       3       6       2                      19      14 
                         20  20  -2   5   5   5   5       3       6   6  -2   7   7   7   7      19      14 
                                 16                       3               1               7      19      14 
 18  18  18  18  18              16                       3               1               7      19      14 
 18              18              16                       3               1               7      19      14 
 18       8   8  -2   9   9   9  -1  10  10  10  10  10  -2  11  11  11  -1  12  12  12  -2  13  -1  14  14 
 18       8      17              17                       4               4               8      18         
 18       8      17  17  17  17  17                       4               4               8      18         
 18       8                                               4               4               8      18         
 18       8                                               4   4   4   4   4               8      18         
 18       8                                                                               8      18         
 18       8   8   8   8   8   8   8   8   8   8   8   8   8   8   8   8   8   8   8   8   8      18         
 18                                                                                              18         
 18  18  18  18  18  18  18  18  18  18  18  18  18  18  18  18  18  18  18  18  18  18  18  18  18         
