  3   3   3   3   3   3   3   3   3   3   3   3   3                                         
  3                                               3                                         
  3                              10  10  10  10  -1   9   9   9   9   9   9   9   9   9   9 
  3                              10               2                                       9 
  3                              10  10  10  10  -2  11  11  11  11  11  11  11  11       9 
  3                                               1                              11       9 
  3      19  19  19  19  19  19  19  19  19  19  -1  20  20  20  20  20  20      11       9 
  3      19                                       8                      20      11       9 
  3      19                              16  16  -2  17  17  17  17      20      11       9 
  3      19                              16       7              17      20      11       9 
  3      19                              16  16  -1  15  15      17      20      11       9 
  3      19                                       6      15      17      20      11       9 
  3      19      14  14  14  14  14  14  14  14  -2  15  15      17      20      11       9 
  3      19      14                               5              17      20      11       9 
  3      19      14      18  18  18  18  18  18  -1  17  17  17  17      20      11       9 
  3      19      14      18                       4                      20      11       9 
  3      19      14  14  -1  13  13  13  13  13  -2  12  12  12  12  12  -1  11  11       9 
  3      19              19                       3                       9               9 
  3      19  19  19  19  19                       3                       9               9 
  3                                               3                       9               9 
  3                                               3                       9   9   9   9   9 
  3                                               3                                         
  3   3   3   3   3   3   3   3   3   3   3   3   3                                         
