  9   9   9   9   9   9   9   9   9   9   9   9   9                                         
  9                                               9                                         
  9                              16  16  16  16  -1  15  15  15  15  15  15                 
  9                              16               8                      15                 
  9                              16      18  18  -2  19  19  19  19      15                 
  9                              16      18       7              19      15                 
  9                              16      18  18  -1  17  17      19      15                 
  9                              16               6      17      19      15                 
  9                              16  16  16  16  -2  17  17      19      15                 
  9                                               5              19      15                 
  9      20  20  20  20  20  20  20  20  20  20  -1  19  19  19  19      15                 
  9      20                                       4                      15                 
  9      20      14  14  14  14  14  14  14  14  -2  15  15  15  15  15  15                 
  9      20      14                               3                                         
  9      20      14      12  12  12  12  12  12  -1  11  11  11  11  11  11  11  11  11  11 
  9      20      14      12                       2                                      11 
  9      20      14      12  12  12  12  12  12  -2  13  13  13  13  13  13  13  13      11 
  9      20      14                               1                              13      11 
  9      20      14  14  14  14  14  14  14  14  -1  13  13  13  13  13  13  13  13      11 
  9      20                                      10                                      11 
  9      20  20  20  20  20  20  20  20  20  20  -2  11  11  11  11  11  11  11  11  11  11 
  9                                               9                                         
  9   9   9   9   9   9   9   9   9   9   9   9   9                                         
