         19  19  19  19  19  19  19  19  19  19  19  19  19  19  19  19  19  19  19         
         19                                                                      19         
         19       3   3   3   3   3   3   3   3   3   3   3                      19         
         19       3                                       3                      19         
         19       3       1   1   1   1   1   1   1       3                      19         
         19       3       1                       1       3                      19         
         19       3       1      14  14  14       1       3                      19         
         19       3       1      14      14       1       3                      19         
         19       3       1      14      14       1       3      16  16  16      19         
         19       3       1      14      14       1       3      16      16      19         
 12  12  -1  11  -2  10  -1   9  -2   8  -1   7  -2   6  -1   5  -2  20  -1  19  19         
 12      18       4       4      13      15       2       2      15      17                 
 12      18       4   4   4      13      15       2       2      15      17                 
 12      18                      13      15       2       2      15      17                 
 12      18                      13      15       2   2   2      15      17                 
 12      18                      13      15                      15      17                 
 12      18                      13      15  15  15  15  15  15  15      17                 
 12      18                      13                                      17                 
 12      18                      13  13  13  13  13  13  13  13  13  13  -2  12  12  12  12 
 12      18                                                              18              12 
 12      18  18  18  18  18  18  18  18  18  18  18  18  18  18  18  18  18              12 
 12                                                                                      12 
 12  12  12  12  12  12  12  12  12  12  12  12  12  12  12  12  12  12  12  12  12  12  12 
