                                                 17  17  17  17  17                 
                                                 17              17                 
                                                 17      20  20  -2   7   7   7   7 
                                                 17      20      18               7 
  6   6   6   6   6   6   6   6   6              17      20      18               7 
  6                               6              17      20      18               7 
  6                      15  15  -2  14  14  14  -1  13  -2  12  -1  11  11       7 
  6                      15       5              16      19      19      11       7 
  6                      15       5              16      19  19  19      11       7 
  6                      15       5              16                      11       7 
  6                      15  15  -1  16  16  16  16                      11       7 
  6                               4                                      11       7 
  6              10  10  10  10  -2  11  11  11  11  11  11  11  11  11  11       7 
  6              10               3                                               7 
  6              10  10  10  10  -1   9   9                                       7 
  6                               2       9                                       7 
  6       8   8   8   8   8   8  -2   9   9                                       7 
  6       8                       1                                               7 
  6       8   8   8   8   8   8  -1   7   7   7   7   7   7   7   7   7   7   7   7 
  6                               6                                                 
  6   6   6   6   6   6   6   6   6                                                 
