         15  15  15  15  15  15  15  15  15  15  15  15  15  15  15  15  15  15  15  15  15  15  15 
         15                                                                                      15 
         15                                       9   9   9   9   9   9   9   9   9   9   9      15 
         15                                       9                                       9      15 
         15                                       9              16  16  16  16  16       9      15 
         15                                       9              16              16       9      15 
         15                                       9      19  19  -1  20  20  20  -2   9   9      15 
         15                                       9      19      17              15              15 
         15                                       9      19      17              15  15  15  15  15 
         15                                       9      19      17                                 
         15                      11  11  11       9      19      17                                 
         15                      11      11       9      19      17                                 
         15      13  13  13      11      11       9      19      17                                 
         15      13      13      11      11       9      19      17                                 
  6   6  -1   5  -2   4  -1   3  -2   2  -1   1  -2   8  -1   7  -2   6   6                         
  6      14      14      12      12      10      10      18      18       6                         
  6      14      14      12      12      10      10      18  18  18       6                         
  6      14      14      12      12      10      10                       6                         
  6      14  14  14      12      12      10      10                       6                         
  6                      12      12      10      10                       6                         
  6                      12  12  12      10      10                       6                         
  6                                      10      10                       6                         
  6                                      10  10  10                       6                         
  6                                                                       6                         
  6   6   6   6   6   6   6   6   6   6   6   6   6   6   6   6   6   6   6                         
