                         19  19  19  19  19  19  19  19  19  19  19  19  19  19  19         
                         19                                                      19         
                         19       7   7   7   7   7   7   7   7   7   7   7      19         
                         19       7                                       7      19         
                         19       7       1   1   1   1   1   1   1       7      19         
                         19       7       1                       1       7      19         
                         19       7   7  -2   6   6               1       7      19         
                         19               2       6               1       7      19         
 14  14  14  14  14  14  -2   5   5   5  -1   6   6               1       7      19         
 14                      20               3                       1       7      19         
 14                      20               3   3   3   3   3       1       7      19         
 14                      20                               3       1       7      19         
 14      18  18  18  18  -1  17  17  17  17               3       1       7      19         
 14      18              15              17               3       1       7      19         
 14      18       8   8  -2   9   9   9  -1  10  10  10  -2  11  -1  12  -2  13  -1  14  14 
 14      18       8      16              16               4       4       8      18      14 
 14      18       8      16  16  16  16  16               4       4       8      18      14 
 14      18       8                                       4       4       8      18      14 
 14      18       8                                       4   4   4       8      18      14 
 14      18       8                                                       8      18      14 
 14      18       8   8   8   8   8   8   8   8   8   8   8   8   8   8   8      18      14 
 14      18                                                                      18      14 
 14      18  18  18  18  18  18  18  18  18  18  18  18  18  18  18  18  18  18  18      14 
 14                                                                                      14 
 14  14  14  14  14  14  14  14  14  14  14  14  14  14  14  14  14  14  14  14  14  14  14 
