                 15  15  15  15  15  15  15  15  15  15  15  15  15  15  15  15  15  15  15  15  15         
                 15                                                                              15         
                 15      17  17  17  17  17  17  17  17  17  17  17  17  17  17  17  17  17      15         
                 15      17                                                              17      15         
                 15      17      19  19  19  19  19  19  19  19  19  19  19  19  19      17      15         
                 15      17      19                                              19      17      15         
                 15      17      19       7   7   7   7   7   7   7   7   7      19      17      15         
                 15      17      19       7                               7      19      17      15         
                 15      17      19       7       9   9   9   9   9       7      19      17      15         
                 15      17      19       7       9               9       7      19      17      15         
         18  18  -1  17  17      19       7       9      20  20  -2   7   7      19      17      15         
         18      14              19       7       9      20      10              19      17      15         
         18  18  -2  19  19  19  19       7       9      20  20  -1  19  19  19  19      17      15         
                 13                       7       9              11                      17      15         
  4   4   4   4  -1   3   3   3   3   3  -2   2  -1   1   1   1  -2   6   6   6   6   6  -1   5  -2   4   4 
  4              12                       8       8              12                      16      16       4 
  4              12                       8       8              12                      16  16  16       4 
  4              12                       8       8              12                                       4 
  4              12                       8   8   8              12                                       4 
  4              12                                              12                                       4 
  4              12  12  12  12  12  12  12  12  12  12  12  12  12                                       4 
  4                                                                                                       4 
  4   4   4   4   4   4   4   4   4   4   4   4   4   4   4   4   4   4   4   4   4   4   4   4   4   4   4 
