                          5   5   5   5   5   5   5   5   5   5   5   5   5   5   5   5   5   5   5   5   5   5   5   5   5 
                          5                                                                                               5 
                          5       7   7   7   7   7   7   7   7   7   7   7   7   7   7   7   7   7   7   7   7   7       5 
                          5       7                                                                               7       5 
                          5       7      17  17  17  17  17  17  17  17  17  17  17  17  17  17  17  17  17       7       5 
                          5       7      17                                                              17       7       5 
                          5       7      17                                               8   8   8      17       7       5 
                          5       7      17                                               8       8      17       7       5 
                          5       7      17      14  14  14  14  14  14  14  14  14       8       8      17       7       5 
                          5       7      17      14                              14       8       8      17       7       5 
                          5       7      17      14              12  12  12      14       8       8      17       7       5 
                          5       7      17      14              12      12      14       8       8      17       7       5 
                          5       7      17  17  -1  18  18  18  -2  19  -1  20  -2  15  -1  16  -2  17  17       7       5 
                          5       7               9              11      13      13       5       7               7       5 
                          5       7               9              11      13  13  13       5       7               7       5 
                          5       7               9              11                       5       7               7       5 
                          5       7               9              11                       5       7   7   7   7   7       5 
                          5       7               9              11                       5                               5 
                          5       7               9              11                       5   5   5   5   5   5   5   5   5 
                          5       7               9              11                                                         
 11  11  11  11  11       5       7               9              11                                                         
 11              11       5       7               9              11                                                         
 11       4   4  -1   3  -2   2  -1   1   1   1  -2   4   4      11                                                         
 11       4      10       6       6              10       4      11                                                         
 11       4      10       6   6   6              10       4      11                                                         
 11       4      10                              10       4      11                                                         
 11       4      10  10  10  10  10  10  10  10  10       4      11                                                         
 11       4                                               4      11                                                         
 11       4   4   4   4   4   4   4   4   4   4   4   4   4      11                                                         
 11                                                              11                                                         
 11  11  11  11  11  11  11  11  11  11  11  11  11  11  11  11  11                                                         
