         19  19  19  19  19  19  19  19  19  19  19                                 
         19                                      19                                 
         19      15  15  15  15  15  15  15  15  -2  14  14                         
         19      15                              20      14                         
         19      15                      13  13  -1  14  14                         
         19      15                      13       9                                 
         19      15                      13       9              11  11  11         
         19      15                      13       9              11      11         
         19      15      17  17  17      13       9              11      11         
         19      15      17      17      13       9              11      11         
  8   8  -1   7  -2   6  -1   5  -2   4  -1   3  -2   2   2   2  -1   1  -2   8   8 
  8      18      16      16      18      12      10              10      12       8 
  8      18      16  16  16      18      12      10              10      12       8 
  8      18                      18      12      10              10      12       8 
  8      18  18  18  18  18  18  18      12      10              10      12       8 
  8                                      12      10              10      12       8 
  8                                      12      10  10  10  10  10      12       8 
  8                                      12                              12       8 
  8                                      12  12  12  12  12  12  12  12  12       8 
  8                                                                               8 
  8   8   8   8   8   8   8   8   8   8   8   8   8   8   8   8   8   8   8   8   8 
