 14  14  14  14  14  14  14  14  14  14  14  14  14  14  14  14  14  14  14  14  14  14  14 
 14                                                                                      14 
 14      19  19  19  19  19  19  19  19  19  19  19  19  19  19  19  19  19  19  19      14 
 14      19                                                                      19      14 
 14      19      10  10  10  10  10  10  10  10  10                              19      14 
 14      19      10                              10                              19      14 
 14      19      10       4   4   4   4   4      10                              19      14 
 14      19      10       4               4      10                              19      14 
 14  14  -1  13  -2  12  -1  11  11  11  -2  10  10                              19      14 
         18       9       1               3                                      19      14 
         18       9       1               3              15  15  15  15  15      19      14 
         18       9       1               3              15              15      19      14 
         18       9       1       6   6  -1   5   5   5  -2  20  20  20  -1  19  19      14 
         18       9       1       6       2              16              14              14 
         18       9       1       6       2              16              14  14  14  14  14 
         18       9       1       6       2              16                                 
         18       9       1       6   6  -2   7   7   7  -1   8   8                         
         18       9       1               1              17       8                         
         18       9       1   1   1   1   1              17       8                         
         18       9                                      17       8                         
         18       9   9   9   9   9   9   9   9   9   9  -2   8   8                         
         18                                              18                                 
         18  18  18  18  18  18  18  18  18  18  18  18  18                                 
