  8   8   8   8   8   8   8   8   8   8   8   8   8   8   8   8   8   8   8                         
  8                                                                       8                         
  8      19  19  19  19  19  19  19  19  19  19  19  19  19  19  19       8                         
  8      19                                                      19       8                         
  8      19      17  17  17  17  17  17  17  17  17  17  17      19       8                         
  8      19      17                                      17      19       8                         
  8      19      17       5   5   5   5   5   5   5      17      19       8                         
  8      19      17       5                       5      17      19       8                         
  8      19      17       5      16  16  16  16  -2  17  17      19       8                         
  8      19      17       5      16               6              19       8                         
  8      19      17       5      16      20  20  -1  19  19  19  19       8                         
  8      19      17       5      16      20       1                       8                         
  8   8  -1   7  -2  12  -1  11  -2  10  -1   9  -2   8   8   8   8   8   8                         
         18      18       4      15      13       2                                                 
         18  18  18       4      15      13       2                                                 
                          4      15      13       2                                                 
                          4      15      13       2                               4   4   4   4   4 
                          4      15      13       2                               4               4 
                          4      15      13  13  -1  14  14  14  14  14  14  14  -2  15  15       4 
                          4      15               3                               3      15       4 
                          4      15               3   3   3   3   3   3   3   3   3      15       4 
                          4      15                                                      15       4 
                          4      15  15  15  15  15  15  15  15  15  15  15  15  15  15  15       4 
                          4                                                                       4 
                          4   4   4   4   4   4   4   4   4   4   4   4   4   4   4   4   4   4   4 
