 19  19  19  19  19  19  19  19  19  19  19  19  19  19  19  19  19  19  19         
 19                                                                      19         
 19      17  17  17  17  17  17  17  17  17  17  17  17  17  17  17      19         
 19      17                                                      17      19         
 19      17              15  15  15  15  15  15  15  15  15      17      19         
 19      17              15                              15      17      19         
 19      17              15       2   2   2   2   2      15      17      19         
 19      17              15       2               2      15      17      19         
 19  19  -1  20  20  20  -2   5  -1   6   6   6  -2   7  -1   8  -2   9  -1  10  10 
         16              16       3               1      14      18      18      10 
         16              16       3               1      14      18  18  18      10 
         16              16       3               1      14                      10 
         16  16  16  16  16       3               1      14                      10 
                                  3               1      14                      10 
                         13  13  -2  12  12       1      14                      10 
                         13       4      12       1      14                      10 
                 10  10  -2  11  -1  12  12       1      14                      10 
                 10      14       1               1      14                      10 
                 10      14       1   1   1   1   1      14                      10 
                 10      14                              14                      10 
                 10      14  14  14  14  14  14  14  14  14                      10 
                 10                                                              10 
                 10  10  10  10  10  10  10  10  10  10  10  10  10  10  10  10  10 
