                                                  8   8   8   8   8   8   8   8   8   8   8 
                                                  8                                       8 
                                                  8      19  19  19  19  19  19  19       8 
                                                  8      19                      19       8 
                                                  8      19       2   2   2      19       8 
                                                  8      19       2       2      19       8 
 10  10  10  10  10  10  10  10  10  10  10       8      19       2       2      19       8 
 10                                      10       8      19       2       2      19       8 
 10      17  17  17  17  17  17  17      10       8      19       2       2      19       8 
 10      17                      17      10       8      19       2       2      19       8 
 10      17       4   4   4      17      10       8      19       2       2      19       8 
 10      17       4       4      17      10       8      19       2       2      19       8 
 10  10  -2  11  -1  12  -2  13  -1  14  -2  15  -1  16  -2   5  -1   6  -2   7  -1   8   8 
         18       1       3      20       9       9      20       3       1      18         
         18       1       3      20       9   9   9      20       3       1      18         
         18       1       3      20                      20       3       1      18         
         18       1       3      20  20  20  20  20  20  20       3       1      18         
         18       1       3                                       3       1      18         
         18       1       3   3   3   3   3   3   3   3   3   3   3       1      18         
         18       1                                                       1      18         
         18       1   1   1   1   1   1   1   1   1   1   1   1   1   1   1      18         
         18                                                                      18         
         18  18  18  18  18  18  18  18  18  18  18  18  18  18  18  18  18  18  18         
