                                                          3   3   3   3   3   3   3   3   3 
                                                          3                               3 
 15  15  15  15  15  15  15  15  15  15  15  15  15  15  -1  16  16  16  16  16  16       3 
 15                                                       2                      16       3 
 15       6   6   6   6   6   6   6   6   6   6   6   6  -2   7   7   7   7      16       3 
 15       6                                               1               7      16       3 
 15       6      18  18  18  18  18  18  18  18  18       1               7      16       3 
 15       6      18                              18       1               7      16       3 
 15       6      18      11  11  11  11  11      18       1               7      16       3 
 15       6      18      11              11      18       1               7      16       3 
 15       6      18  18  -2  19  19      11      18  18  -1  17  17       7      16       3 
 15       6              12      19      11               4      17       7      16       3 
 15       6   6   6   6  -1   5  -2  10  -1   9   9   9  -2   8  -1   7   7      16       3 
 15                      13      20      14               3      16              16       3 
 15                      13      20      14               3      16  16  16  16  16       3 
 15                      13      20      14               3                               3 
 15                      13      20      14               3   3   3   3   3   3   3   3   3 
 15                      13      20      14                                                 
 15  15  15  15  15  15  -2  20  20      14                                                 
                         14              14                                                 
                         14  14  14  14  14                                                 
