                                         18  18  18  18  18  18  18  18  18  18  18  18  18  18  18  18  18 
                                         18                                                              18 
                                         18       3   3   3   3   3   3   3   3   3   3   3   3   3      18 
                                         18       3                                               3      18 
                                         18       3                       6   6   6   6   6       3      18 
                                         18       3                       6               6       3      18 
                                         18       3      11  11  11       6               6       3      18 
                                         18       3      11      11       6               6       3      18 
                                         18       3   3  -1   4  -2   1  -1   2   2   2  -2   3   3      18 
                                         18              10      12       7               5              18 
 20  20  20  20  20  20  20  20  20      18              10      12       7               5              18 
 20                              20      18              10      12       7               5              18 
 20               8   8   8      20      18              10      12       7               5              18 
 20               8       8      20      18              10      12       7               5              18 
 20      17  17  -2  16  -1  15  -2  14  -1  13  13  13  -2  12  12       7      17  17  -1  18  18  18  18 
 20      17       7       9      19      19               9               7      17      20                 
 20      17       7       9      19  19  19               9               7      17      20                 
 20      17       7       9                               9               7      17      20                 
 20      17       7       9   9   9   9   9   9   9   9   9               7      17      20                 
 20      17       7                                                       7      17      20                 
 20      17       7   7   7   7   7   7   7   7   7   7   7   7   7   7   7      17      20                 
 20      17                                                                      17      20                 
 20      17  17  17  17  17  17  17  17  17  17  17  17  17  17  17  17  17  17  17      20                 
 20                                                                                      20                 
 20  20  20  20  20  20  20  20  20  20  20  20  20  20  20  20  20  20  20  20  20  20  20                 
