                                 16  16  16  16  16  16  16  16  16  16  16  16  16  16  16  16  16  16  16 
                                 16                                                                      16 
                                 16       3   3   3   3   3   3   3   3   3   3   3   3   3   3   3      16 
                                 16       3                                                       3      16 
                                 16       3                               6   6   6   6   6       3      16 
                                 16       3                               6               6       3      16 
                                 16       3      13  13  13  13  13       6               6       3      16 
                                 16       3      13              13       6               6       3      16 
                                 16       3   3  -1   4   4   4  -2   1  -1   2   2   2  -2   3   3      16 
                                 16              12              14       7               5              16 
                                 16  16  16  16  -2  17  17      14       7      15  15  -1  16  16  16  16 
                                                 11      17      14       7      15      20                 
                  9   9   9                      11      17      14       7      15      20                 
                  9       9                      11      17      14       7      15      20                 
 20  20  20  20  -1  19  -2  18  18  18  18  18  -1  17  17      14       7      15      20                 
 20               8      10                      10              14       7      15      20                 
 20               8      10  10  10  10  10  10  10              14       7      15      20                 
 20               8                                              14       7      15      20                 
 20      15  15  -2  14  14  14  14  14  14  14  14  14  14  14  14       7      15      20                 
 20      15       7                                                       7      15      20                 
 20      15       7   7   7   7   7   7   7   7   7   7   7   7   7   7   7      15      20                 
 20      15                                                                      15      20                 
 20      15  15  15  15  15  15  15  15  15  15  15  15  15  15  15  15  15  15  15      20                 
 20                                                                                      20                 
 20  20  20  20  20  20  20  20  20  20  20  20  20  20  20  20  20  20  20  20  20  20  20                 
