  8   8   8   8   8   8   8   8   8   8   8   8   8   8   8   8   8   8   8   8   8   8   8 
  8                                                                                       8 
  8                      14  14  14  14  14  14  14  14  14  14  14                       8 
  8                      14                                      14                       8 
  8                      14      20  20  20  20  20  20  20      14                       8 
  8                      14      20                      20      14                       8 
  8                      14      20              13  13  -1  14  14                       8 
  8                      14      20              13       9                               8 
  8                      14      20              13       9              11  11  11       8 
  8                      14      20              13       9              11      11       8 
  8      17  17  17      14      20              13       9              11      11       8 
  8      17      17      14      20              13       9              11      11       8 
  8   8  -1   7  -2   6  -1   5  -2   4   4   4  -1   3  -2   2   2   2  -1   1  -2   8   8 
         16      18      15      19              12      10              10      12         
         16      18      15      19              12      10  10  10  10  10      12         
         16      18      15      19              12                              12         
         16      18      15      19              12  12  12  12  12  12  12  12  12         
         16      18      15      19                                                         
         16      18      15  15  -1  16  16                                                 
         16      18              18      16                                                 
         16      18  18  18  18  18      16                                                 
         16                              16                                                 
         16  16  16  16  16  16  16  16  16                                                 
