         17  17  17  17  17  17  17  17  17  17  17  17  17  17  17  17  17  17  17  17  17  17  17 
         17                                                                                      17 
         17      15  15  15  15  15  15  15  15  15  15  15  15  15  15  15  15  15  15  15      17 
         17      15                                                                      15      17 
         17      15                                                      18  18  18      15      17 
         17      15                                                      18      18      15      17 
         17      15                              20  20  20  20  20      18      18      15      17 
         17      15                              20              20      18      18      15      17 
         17      15      11  11  11  11  11  11  -1  12  12  12  -2  13  -1  14  -2  15  15      17 
         17      15      11                       7              19      19      17              17 
         17      15      11                       7              19  19  19      17              17 
         17      15      11                       7                              17              17 
         17      15      11                       7                              17  17  17  17  17 
         17      15      11                       7                                                 
         17      15      11       9   9   9       7                                                 
         17      15      11       9       9       7                                                 
  6   6  -1   5  -2   4  -1   3  -2   2  -1   1  -2   6   6                                         
  6      16      16      10      10       8       8       6                                         
  6      16  16  16      10      10       8       8       6                                         
  6                      10      10       8       8       6                                         
  6                      10  10  10       8       8       6                                         
  6                                       8       8       6                                         
  6                                       8   8   8       6                                         
  6                                                       6                                         
  6   6   6   6   6   6   6   6   6   6   6   6   6   6   6                                         
