                         20  20  20  20  20  20  20  20  20  20  20  20  20  20  20  20  20  20  20  20  20 
                         20                                                                              20 
 15  15  15  15  15  15  -2  14  14                                                                      20 
 15                      19      14                                                                      20 
 15      13  13  13  13  -1  14  14                                                                      20 
 15      13              18                                                                              20 
 15      13              18              16  16  16  16  16  16  16  16  16  16  16  16  16  16  16      20 
 15      13              18              16                                                      16      20 
 15      13              18              16       3   3   3   3   3   3   3   3   3   3   3      16      20 
 15      13              18              16       3                                       3      16      20 
 15      13              18              16       3       5   5   5                       3      16      20 
 15      13              18              16       3       5       5                       3      16      20 
 15      13              18              16       3       5       5      12  12  12       3      16      20 
 15      13              18              16       3       5       5      12      12       3      16      20 
 15      13       6   6  -2   7   7   7  -1   8  -2   9  -1  10  -2   1  -1   2  -2   3   3      16      20 
 15      13       6      17              17       4       4       6      13      11              16      20 
 15      13       6      17  17  17  17  17       4       4       6      13      11              16      20 
 15      13       6                               4       4       6      13      11              16      20 
 15      13       6                               4   4   4       6      13      11              16      20 
 15      13       6                                               6      13      11              16      20 
 15      13       6   6   6   6   6   6   6   6   6   6   6   6   6      13      11              16      20 
 15      13                                                              13      11              16      20 
 15      13  13  13  13  13  13  13  13  13  13  13  13  13  13  13  13  13      11              16      20 
 15                                                                              11              16      20 
 15  15  15  15  15  15  15  15  15  15  15  15  15  15  15  15  15  15  15  15  -1  16  16  16  16      20 
                                                                                 20                      20 
                                                                                 20  20  20  20  20  20  20 
