  8   8   8   8   8   8   8   8   8   8   8   8   8   8   8   8   8   8   8   8   8   8   8   8   8 
  8                                                                                               8 
  8                                                              19  19  19  19  19  19  19       8 
  8                                                              19                      19       8 
  8                                                              19       2   2   2      19       8 
  8                                                              19       2       2      19       8 
  8                                              13  13  13      19       2       2      19       8 
  8                                              13      13      19       2       2      19       8 
  8      17  17  17  17  17  17  17              13      13      19       2       2      19       8 
  8      17                      17              13      13      19       2       2      19       8 
  8   8  -2   9   9   9   9   9  -1  10  10  10  -2  11  -1  12  -2   5  -1   6  -2   7  -1   8   8 
         18                      16              14      20      20       3       1      18         
         18                      16              14      20  20  20       3       1      18         
         18                      16              14                       3       1      18         
         18       1   1   1   1  -2   4   4      14                       3       1      18         
         18       1              15       4      14                       3       1      18         
         18       1       3   3  -1   4   4      14                       3       1      18         
         18       1       3      14              14                       3       1      18         
         18       1       3      14  14  14  14  14                       3       1      18         
         18       1       3                                               3       1      18         
         18       1       3   3   3   3   3   3   3   3   3   3   3   3   3       1      18         
         18       1                                                               1      18         
         18       1   1   1   1   1   1   1   1   1   1   1   1   1   1   1   1   1      18         
         18                                                                              18         
         18  18  18  18  18  18  18  18  18  18  18  18  18  18  18  18  18  18  18  18  18         
