                         14  14  14  14  14  14  14  14  14  14  14  14  14  14  14  14  14  14  14  14  14 
                         14                                                                              14 
                         14      12  12  12  12  12  12  12  12  12  12  12  12  12  12  12  12  12      14 
                         14      12                                                              12      14 
                         14      12      15  15  15  15  15  15  15  15  15  15  15  15  15      12      14 
                         14      12      15                                              15      12      14 
                         14      12      15       3   3   3   3   3   3   3   3   3      15      12      14 
                         14      12      15       3                               3      15      12      14 
                         14      12      15  15  -1  16  16  16  16  16  16       3      15      12      14 
                         14      12               2                      16       3      15      12      14 
  4   4   4   4   4      14      12               2                      16       3      15      12      14 
  4               4      14      12               2                      16       3      15      12      14 
  4               4      14      12               2      18  18  18      16       3      15      12      14 
  4               4      14      12               2      18      18      16       3      15      12      14 
  4      19  19  -1  20  -2   5  -1   6   6   6  -2   7  -1   8  -2   9  -1  10  -2  11  -1  12  12      14 
  4      19       1      13      13               1      19      17      17       4      14              14 
  4      19       1      13      13               1      19      17  17  17       4      14              14 
  4      19       1      13      13               1      19                       4      14              14 
  4      19       1      13      13               1      19                       4      14  14  14  14  14 
  4      19       1      13      13               1      19                       4                         
  4      19       1      13  13  13               1      19                       4                         
  4      19       1                               1      19                       4                         
  4      19       1   1   1   1   1   1   1   1   1      19                       4                         
  4      19                                              19                       4                         
  4      19  19  19  19  19  19  19  19  19  19  19  19  19                       4                         
  4                                                                               4                         
  4   4   4   4   4   4   4   4   4   4   4   4   4   4   4   4   4   4   4   4   4                         
