                  7   7   7   7   7   7   7   7   7   7   7   7   7   7   7   7   7   7   7 
                  7                                                                       7 
                  7      18  18  18  18  18  18  18  18  18  18  18  18  18  18  18       7 
                  7      18                                                      18       7 
                  7      18                                       8   8   8      18       7 
                  7      18                                       8       8      18       7 
                  7      18              10  10  10  10  10       8       8      18       7 
                  7      18              10              10       8       8      18       7 
                  7      18      14  14  -1  13  13  13  -2  20  -1  19  -2  18  18       7 
                  7      18      14      11               9       9       7               7 
                  7      18      14      11               9   9   9       7               7 
                  7      18      14      11                               7               7 
                  7      18      14      11                               7   7   7   7   7 
                  7      18      14      11                                                 
  2   2   2   2  -1   1  -2   4  -1   3  -2   2   2                                         
  2               6      17      15      12       2                                         
  2      16  16  -2  17  17      15      12       2                                         
  2      16       5              15      12       2                                         
  2      16  16  -1  15  15  15  15      12       2                                         
  2              12                      12       2                                         
  2              12  12  12  12  12  12  12       2                                         
  2                                               2                                         
  2   2   2   2   2   2   2   2   2   2   2   2   2                                         
