                                                         17  17  17  17  17  17  17         
                                                         17                      17         
                                                         17       2   2   2      17         
                                                         17       2       2      17         
         15  15  15  15  15  15  15  15  15  15  15      17       2       2      17         
         15                                      15      17       2       2      17         
         15       4   4   4                      15      17       2       2      17         
         15       4       4                      15      17       2       2      17         
         15       4       4      19  19  19      15      17       2       2      17         
         15       4       4      19      19      15      17       2       2      17         
  8   8  -2   9  -1  10  -2  11  -1  12  -2  13  -1  14  -2   5  -1   6  -2   7  -1   8   8 
  8      16       1       3      18      20      20      18       3       1      16       8 
  8      16       1       3      18      20  20  20      18       3       1      16       8 
  8      16       1       3      18                      18       3       1      16       8 
  8      16       1       3      18  18  18  18  18  18  18       3       1      16       8 
  8      16       1       3                                       3       1      16       8 
  8      16       1       3   3   3   3   3   3   3   3   3   3   3       1      16       8 
  8      16       1                                                       1      16       8 
  8      16       1   1   1   1   1   1   1   1   1   1   1   1   1   1   1      16       8 
  8      16                                                                      16       8 
  8      16  16  16  16  16  16  16  16  16  16  16  16  16  16  16  16  16  16  16       8 
  8                                                                                       8 
  8   8   8   8   8   8   8   8   8   8   8   8   8   8   8   8   8   8   8   8   8   8   8 
