                                 15  15  15  15  15  15  15  15  15  15  15  15  15  15  15  15  15  15  15 
                                 15                                                                      15 
                                 15       3   3   3   3   3   3   3   3   3   3   3   3   3   3   3      15 
                                 15       3                                                       3      15 
                                 15       3                               6   6   6   6   6       3      15 
                                 15       3                               6               6       3      15 
                                 15       3      13  13  13  13  13       6               6       3      15 
                                 15       3      13              13       6               6       3      15 
                                 15       3   3  -1   4   4   4  -2   1  -1   2   2   2  -2   3   3      15 
                                 15              12              14       7               5              15 
                                 15  15  15  15  -2  14  14  14  14       7      16  16  -1  15  15  15  15 
                                                 11                       7      16      20                 
                  9   9   9                      11                       7      16      20                 
                  9       9                      11                       7      16      20                 
 20  20  20  20  -1  19  -2  18  18  18  18  18  -1  17  17               7      16      20                 
 20               8      10                      10      17               7      16      20                 
 20               8      10  10  10  10  10  10  10      17               7      16      20                 
 20               8                                      17               7      16      20                 
 20      16  16  -2  17  17  17  17  17  17  17  17  17  17               7      16      20                 
 20      16       7                                                       7      16      20                 
 20      16       7   7   7   7   7   7   7   7   7   7   7   7   7   7   7      16      20                 
 20      16                                                                      16      20                 
 20      16  16  16  16  16  16  16  16  16  16  16  16  16  16  16  16  16  16  16      20                 
 20                                                                                      20                 
 20  20  20  20  20  20  20  20  20  20  20  20  20  20  20  20  20  20  20  20  20  20  20                 
