  3   3   3   3   3   3   3   3   3   3   3   3   3                                         
  3                                               3                                         
  3      15  15  15  15  15  15  15  15  15  15  -1  16  16  16  16  16  16  16  16  16  16 
  3      15                                       2                                      16 
  3      15       6   6   6   6   6   6   6   6  -2   7   7   7   7   7   7   7   7      16 
  3      15       6                               1                               7      16 
  3      15       6                      20  20  -1  19  19  19  19  19  19       7      16 
  3      15       6                      20       4                      19       7      16 
  3      15       6      14  14  14      20       4                      19       7      16 
  3      15       6      14      14      20       4                      19       7      16 
  3      15       6      14      14      20       4      17  17  17      19       7      16 
  3      15       6      14      14      20       4      17      17      19       7      16 
  3      15       6   6  -1   5  -2  12  -1  11  -2  10  -1   9  -2   8  -1   7   7      16 
  3      15              15      13      13       3      16      18      18              16 
  3      15              15      13      13       3      16      18  18  18              16 
  3      15              15      13      13       3      16                              16 
  3      15              15      13      13       3      16  16  16  16  16  16  16  16  16 
  3      15              15      13      13       3                                         
  3      15  15  15  15  15      13      13       3                                         
  3                              13      13       3                                         
  3                              13  13  13       3                                         
  3                                               3                                         
  3   3   3   3   3   3   3   3   3   3   3   3   3                                         
