                 14  14  14  14  14  14  14  14  14  14  14  14  14  14  14  14  14                 
                 14                                                              14                 
                 14      18  18  18  18  18  18  18  18  18  18  18  18  18      14                 
                 14      18                                              18      14                 
                 14      18      11  11  11  11  11  11  11  11  11      18      14                 
                 14      18      11                              11      18      14                 
                 14      18      11              19  19  19      11      18      14                 
                 14      18      11              19      19      11      18      14                 
                 14      18      11      13  13  -2  12  -1  11  11      18      14                 
                 14      18      11      13      20      18              18      14                 
                 14      18      11      13      20      18  18  18  18  18      14                 
                 14      18      11      13      20                              14                 
         17  17  -1  18  18      11      13  13  -1  14  14  14  14  14  14  14  14                 
         17      15              11               7                                                 
         17      15              11               7       9   9   9   9   9   9   9   9   9         
         17      15              11               7       9                               9         
  6   6  -1   5  -2   4   4   4  -1   3   3   3  -2   2  -1   1   1   1   1   1   1   1  -2   6   6 
  6      16      16              10               8       8                              10       6 
  6      16  16  16              10               8       8                              10       6 
  6                              10               8       8                              10       6 
  6                              10               8   8   8                              10       6 
  6                              10                                                      10       6 
  6                              10  10  10  10  10  10  10  10  10  10  10  10  10  10  10       6 
  6                                                                                               6 
  6   6   6   6   6   6   6   6   6   6   6   6   6   6   6   6   6   6   6   6   6   6   6   6   6 
