  6   6   6   6   6   6   6   6   6   6   6   6   6   6   6   6   6   6   6   6   6   6   6 
  6                                                                                       6 
  6      17  17  17  17  17  17  17  17  17  17  17  17  17  17  17                       6 
  6      17                                                      17                       6 
  6      17                      11  11  11  11  11  11  11      17                       6 
  6      17                      11                      11      17                       6 
  6      17                      11      13  13  13      11      17                       6 
  6      17                      11      13      13      11      17                       6 
  6      17      15  15  15      11      13      13      11      17                       6 
  6      17      15      15      11      13      13      11      17                       6 
  6      17      15      15      11      13      13      11      17      19  19  19       6 
  6      17      15      15      11      13      13      11      17      19      19       6 
  6   6  -1   5  -2   4  -1   3  -2   2  -1   1  -2  10  -1   9  -2   8  -1   7  -2   6   6 
         16      16      14      12      12      14      20      18      18      20         
         16      16      14      12      12      14      20      18  18  18      20         
         16      16      14      12      12      14      20                      20         
         16      16      14      12      12      14      20  20  20  20  20  20  20         
         16      16      14      12      12      14                                         
         16  16  16      14      12      12      14                                         
                         14      12      12      14                                         
                         14      12  12  12      14                                         
                         14                      14                                         
                         14  14  14  14  14  14  14                                         
