                         11  11  11  11  11  11  11  11  11  11  11  11  11  11  11  11  11  11  11  11  11         
                         11                                                                              11         
                         11      13  13  13  13  13  13  13  13  13  13  13  13  13  13  13  13  13      11         
                         11      13                                                              13      11         
                         11      13                      15  15  15  15  15  15  15  15  15      13      11         
                         11      13                      15                              15      13      11         
                         11      13                      15      20  20  20  20  20      15      13      11         
                         11      13                      15      20              20      15      13      11         
                         11      13                      15      20      14  14  -2  15  15      13      11         
                         11      13                      15      20      14      19              13      11         
                         11      13                      15      20      14  14  -1  13  13  13  13      11         
                         11      13                      15      20              18                      11         
                         11      13                      15      20  20  20  20  -2  11  11  11  11  11  11         
                         11      13                      15                      17                                 
                         11      13       5   5   5      15                      17                                 
                         11      13       5       5      15                      17                                 
  7   7   7   7   7      11      13       5       5      15                      17                                 
  7               7      11      13       5       5      15                      17                                 
  7       4   4  -1   3  -2   2  -1   1  -2  10  -1   9  -2   8   8   8   8   8  -1   7   7   7   7   7   7   7   7 
  7       4       6      12      12       6       4      16                      16                               7 
  7       4       6      12      12       6       4      16  16  16  16  16  16  16                               7 
  7       4       6      12      12       6       4                                                               7 
  7       4       6      12  12  12       6       4                                                               7 
  7       4       6                       6       4                                                               7 
  7       4       6   6   6   6   6   6   6       4                                                               7 
  7       4                                       4                                                               7 
  7       4   4   4   4   4   4   4   4   4   4   4                                                               7 
  7                                                                                                               7 
  7   7   7   7   7   7   7   7   7   7   7   7   7   7   7   7   7   7   7   7   7   7   7   7   7   7   7   7   7 
