  3   3   3   3   3   3   3   3   3   3   3   3   3                                         
  3                                               3                                         
  3                                      10  10  -1   9   9   9   9   9   9   9   9   9   9 
  3                                      10       2                                       9 
  3                                      10  10  -2  11  11  11  11  11  11  11  11       9 
  3                                               1                              11       9 
  3      13  13  13  13  13  13  13  13  13  13  -1  14  14  14  14              11       9 
  3      13                                       8              14              11       9 
  3      13      16  16  16  16  16  16  16  16  -2  17  17      14              11       9 
  3      13      16                               7      17      14              11       9 
  3      13      16      18  18  18  18  18  18  -1  17  17      14              11       9 
  3      13      16      18                       6              14              11       9 
  3      13      16      18      15  15  15  15  -2  14  14  14  14              11       9 
  3      13      16      18      15               5                              11       9 
  3      13      16      18  18  -2  19  19  19  -1  20  20  20  20  20  20      11       9 
  3      13      16              16               4                      20      11       9 
  3      13      16  16  16  16  16               4                      20      11       9 
  3      13                                       4                      20      11       9 
  3      13  13  13  13  13  13  13  13  13  13  -2  12  12  12  12  12  -1  11  11       9 
  3                                               3                       9               9 
  3                                               3                       9   9   9   9   9 
  3                                               3                                         
  3   3   3   3   3   3   3   3   3   3   3   3   3                                         
