                                         14  14  14  14  14  14  14  14  14  14  14  14  14  14  14  14  14 
                                         14                                                              14 
                                         14      10  10  10  10  10  10  10  10  10  10  10  10  10      14 
                                         14      10                                              10      14 
                                         14      10      15  15  15  15  15  15  15  15  15      10      14 
                                         14      10      15                              15      10      14 
                                         14      10      15       3   3   3   3   3      15      10      14 
                                         14      10      15       3               3      15      10      14 
                                         14      10      15  15  -1  16  16       3      15      10      14 
                                         14      10               2      16       3      15      10      14 
  4   4   4   4   4                      14      10               2      16       3      15      10      14 
  4               4                      14      10               2      16       3      15      10      14 
  4               4      12  12  12      14      10               2      16       3      15      10      14 
  4               4      12      12      14      10               2      16       3      15      10      14 
  4      17  17  -1  18  -2  19  -1  20  -2   5  -1   6   6   6  -2   7  -1   8  -2   9  -1  10  10      14 
  4      17       1      11      13      13      11               1      17       4      14              14 
  4      17       1      11      13      13      11               1      17       4      14  14  14  14  14 
  4      17       1      11      13      13      11               1      17       4                         
  4      17       1      11      13  13  13      11               1      17       4                         
  4      17       1      11                      11               1      17       4                         
  4      17       1      11  11  11  11  11  11  11               1      17       4                         
  4      17       1                                               1      17       4                         
  4      17       1   1   1   1   1   1   1   1   1   1   1   1   1      17       4                         
  4      17                                                              17       4                         
  4      17  17  17  17  17  17  17  17  17  17  17  17  17  17  17  17  17       4                         
  4                                                                               4                         
  4   4   4   4   4   4   4   4   4   4   4   4   4   4   4   4   4   4   4   4   4                         
