 11  11  11  11  11  11  11  11  11  11  11  11  11                                                                 
 11                                              11                                                                 
 11       3   3   3   3   3   3   3   3   3      11                                                                 
 11       3                               3      11                                                                 
 11       3      12  12  12  12  12  12  -1  11  11                                                                 
 11       3      12                       2                                                                         
 11       3      12       8   8   8   8  -2   9   9   9   9   9   9   9   9   9   9   9   9   9   9   9   9   9   9 
 11       3      12       8               1                                                                       9 
 11       3      12       8   8   8   8  -1   7   7   7   7   7   7   7   7   7   7   7   7   7   7   7   7       9 
 11       3      12                       6                                                               7       9 
 11       3      12              16  16  -2  17  17  17  17  17  17  17  17  17  17  17  17  17  17       7       9 
 11       3      12              16       5                                                      17       7       9 
 11       3      12              16  16  -1  15  15  15  15  15  15  15  15  15  15  15  15      17       7       9 
 11       3      12                       4                                              15      17       7       9 
 11       3      12                       4                      18  18  18  18  18      15      17       7       9 
 11       3      12                       4                      18              18      15      17       7       9 
 11       3      12  12  12  12  12  12  -2  13  13  13  13  13  -1  14  14  14  -2  15  15      17       7       9 
 11       3                               3                      19              17              17       7       9 
 11       3                               3                      19              17  17  17  17  17       7       9 
 11       3                               3                      19                                       7       9 
 11       3   3   3   3   3   3   3   3   3                      19                                       7       9 
 11                                                              19                                       7       9 
 11  11  11  11  11  11  11  11  11  11  11  11  11  11  11  11  -2  10  10                               7       9 
                                                                 20      10                               7       9 
                                                          9   9  -1  10  10                               7       9 
                                                          9       7                                       7       9 
                                                          9       7   7   7   7   7   7   7   7   7   7   7       9 
                                                          9                                                       9 
                                                          9   9   9   9   9   9   9   9   9   9   9   9   9   9   9 
