                         10  10  10  10  10  10  10  10  10  10  10  10  10  10  10  10  10  10  10  10  10 
                         10                                                                              10 
                         10                       3   3   3   3   3   3   3   3   3   3   3   3   3      10 
                         10                       3                                               3      10 
                         10                       3                       6   6   6   6   6       3      10 
                         10                       3                       6               6       3      10 
                         10                       3      14  14  14       6               6       3      10 
                         10                       3      14      14       6               6       3      10 
                         10                       3   3  -1   4  -2   1  -1   2   2   2  -2   3   3      10 
                         10                              15      13       7               5              10 
                         10      17  17  17              15      13       7               5              10 
                         10      17      17              15      13       7               5              10 
                         10  10  -2  11  -1  12  12  12  -2  13  13       7       9   9  -1  10  10  10  10 
                                 18      16              16               7       9      20                 
                                 18      16  16  16  16  16               7       9      20                 
                                 18                                       7       9      20                 
 20  20  20  20  20              18                                       7       9      20                 
 20              20              18                                       7       9      20                 
 20       9   9  -2   8   8   8  -1   7   7   7   7   7   7   7   7   7   7       9      20                 
 20       9      19              19                                               9      20                 
 20       9      19  19  19  19  19                                               9      20                 
 20       9                                                                       9      20                 
 20       9   9   9   9   9   9   9   9   9   9   9   9   9   9   9   9   9   9   9      20                 
 20                                                                                      20                 
 20  20  20  20  20  20  20  20  20  20  20  20  20  20  20  20  20  20  20  20  20  20  20                 
