  8   8   8   8   8   8   8   8   8   8   8   8   8   8   8   8   8   8   8   8   8   8   8 
  8                                                                                       8 
  8                       9   9   9   9   9   9   9   9   9   9   9   9   9   9   9       8 
  8                       9                                                       9       8 
  8                       9      19  19  19  19  19  19  19  19  19  19  19       9       8 
  8                       9      19                                      19       9       8 
  8                       9      19      12  12  12  12  12  12  12      19       9       8 
  8                       9      19      12                      12      19       9       8 
  8                       9      19      12      18  18  18  18  -2  19  19       9       8 
  8                       9      19      12      18              11               9       8 
  8      15  15  15       9      19      12      18              11               9       8 
  8      15      15       9      19      12      18              11               9       8 
  8   8  -1   7  -2   6  -1   5  -2   4  -1   3  -2   2   2   2  -1   1   1   1  -2   8   8 
         14      16      20      20      13      17              10              10         
         14      16      20  20  20      13      17              10              10         
         14      16                      13      17              10              10         
         14      16                      13      17              10  10  10  10  10         
         14      16                      13      17                                         
         14      16                      13  13  -1  14  14                                 
         14      16                              16      14                                 
         14      16  16  16  16  16  16  16  16  16      14                                 
         14                                              14                                 
         14  14  14  14  14  14  14  14  14  14  14  14  14                                 
