  5   5   5   5   5   5   5   5   5   5   5                                                         
  5                                       5                                                         
  5      16  16  16  16  16  16  16  16  -1  15  15                                                 
  5      16                               4      15                                                 
  5      16      14  14  14  14  14  14  -2  15  15                                                 
  5      16      14                       3                                                         
  5      16      14      10  10  10  10  -1   9   9   9   9   9   9   9   9   9   9   9   9   9   9 
  5      16      14      10               2                                                       9 
  5      16      14      10  10  10  10  -2  11  11  11  11  11  11  11  11  11  11  11  11       9 
  5      16      14                       1                                              11       9 
  5      16      14  14  14  14  14  14  -1  13  13  13  13  13  13  13  13  13  13      11       9 
  5      16                               8                                      13      11       9 
  5      16  16  16  16  16  16  16  16  -2  17  17  17  17  17  17  17  17      13      11       9 
  5                                       7                              17      13      11       9 
  5                                       7              12  12  12      17      13      11       9 
  5                                       7              12      12      17      13      11       9 
  5                              20  20  -1  19  19  19  -2  18  -1  17  17      13      11       9 
  5                              20       6              11      13              13      11       9 
  5                              20       6              11      13  13  13  13  13      11       9 
  5                              20       6              11                              11       9 
  5                              20       6              11  11  11  11  11  11  11  11  11       9 
  5                              20       6                                                       9 
  5                              20  20  -2   9   9   9   9   9   9   9   9   9   9   9   9   9   9 
  5                                       5                                                         
  5   5   5   5   5   5   5   5   5   5   5                                                         
