 20  20  20  20  20  20  20  20  20  20  20  20  20  20  20  20  20  20  20  20  20  20  20                         
 20                                                                                      20                         
 20      16  16  16  16  16  16  16  16  16  16  16  16  16  16  16  16  16  16  16      20                         
 20      16                                                                      16      20                         
 20      16       4   4   4   4   4   4   4   4   4   4   4   4   4              16      20                         
 20      16       4                                               4              16      20                         
 20      16       4      12  12  12  12  12  12  12  12  12       4              16      20                         
 20      16       4      12                              12       4              16      20                         
 20      16       4      12               6   6   6      12       4              16      20                         
 20      16       4      12               6       6      12       4              16      20                         
 20      16       4   4  -2   1   1   1  -1   2  -2   3  -1   4   4      19  19  -1  20  20                         
 20      16              11               7       5      13              19      17                                 
 20      16              11               7       5      13              19      17              15  15  15  15  15 
 20      16              11               7       5      13              19      17              15              15 
 20      16  16  16  16  -1  15  15       7       5   5  -2  10  10  10  -1   9  -2   8   8   8  -1   7   7      15 
 20                      20      15       7              14              18      18              14       7      15 
 20  20  20  20  20  20  20      15       7              14              18      18              14       7      15 
                                 15       7              14              18      18              14       7      15 
                                 15       7              14              18  18  18              14       7      15 
                                 15       7              14                                      14       7      15 
                                 15       7              14  14  14  14  14  14  14  14  14  14  14       7      15 
                                 15       7                                                               7      15 
                                 15       7   7   7   7   7   7   7   7   7   7   7   7   7   7   7   7   7      15 
                                 15                                                                              15 
                                 15  15  15  15  15  15  15  15  15  15  15  15  15  15  15  15  15  15  15  15  15 
