 10  10  10  10  10  10  10  10  10  10  10  10  10  10  10  10  10  10  10  10  10  10  10  10  10  10  10  10  10 
 10                                                                                                              10 
 10      19  19  19  19  19  19  19  19  19  19  19  19  19  19  19  19  19  19  19  19  19  19  19  19  19      10 
 10      19                                                                                              19      10 
 10      19                                                               2   2   2                      19      10 
 10      19                                                               2       2                      19      10 
 10      19      11  11  11  11  11  11  11  11  11                       2       2                      19      10 
 10      19      11                              11                       2       2                      19      10 
 10      19      11                              11                       2       2      17  17  17      19      10 
 10      19      11                              11                       2       2      17      17      19      10 
 10      19  19  -1  20  20  20  20  20  20  20  -2   5   5   5   5   5  -1   6  -2   7  -1   8  -2   9  -1  10  10 
 10              10                              12                       3       1      16      18      18         
 10              10                              12                       3       1      16      18  18  18         
 10              10                              12                       3       1      16                         
 10  10  10  10  10                              12                       3       1      16                         
                                                 12                       3       1      16                         
                         16  16  16  16  16  16  -1  15  15  15  15       3       1      16                         
                         16                      13              15       3       1      16                         
                         16       1   1   1   1  -2   4   4      15       3       1      16                         
                         16       1              14       4      15       3       1      16                         
                         16       1       3   3  -1   4   4      15       3       1      16                         
                         16       1       3      15              15       3       1      16                         
                         16       1       3      15  15  15  15  15       3       1      16                         
                         16       1       3                               3       1      16                         
                         16       1       3   3   3   3   3   3   3   3   3       1      16                         
                         16       1                                               1      16                         
                         16       1   1   1   1   1   1   1   1   1   1   1   1   1      16                         
                         16                                                              16                         
                         16  16  16  16  16  16  16  16  16  16  16  16  16  16  16  16  16                         
