                          5   5   5   5   5   5   5   5   5   5   5   5   5   5   5   5   5   5   5   5   5   5   5   5   5 
                          5                                                                                               5 
                          5       7   7   7   7   7   7   7   7   7   7   7   7   7   7   7   7   7   7   7   7   7       5 
                          5       7                                                                               7       5 
                          5       7      16  16  16  16  16  16  16  16  16  16  16  16  16  16  16  16  16       7       5 
                          5       7      16                                                              16       7       5 
                          5       7      16                                               8   8   8      16       7       5 
                          5       7      16                                               8       8      16       7       5 
                          5       7      16                              12  12  12       8       8      16       7       5 
                          5       7      16                              12      12       8       8      16       7       5 
                          5       7      16      14  14  14  14  14      12      12       8       8      16       7       5 
                          5       7      16      14              14      12      12       8       8      16       7       5 
                          5       7      16  16  -1  15  15  15  -2  20  -1  19  -2  18  -1  17  -2  16  16       7       5 
                          5       7               9              13      13      11       5       7               7       5 
                          5       7               9              13  13  13      11       5       7               7       5 
                          5       7               9                              11       5       7               7       5 
                          5       7               9                              11       5       7   7   7   7   7       5 
                          5       7               9                              11       5                               5 
                          5       7               9                              11       5   5   5   5   5   5   5   5   5 
                          5       7               9                              11                                         
 11  11  11  11  11       5       7               9                              11                                         
 11              11       5       7               9                              11                                         
 11       4   4  -1   3  -2   2  -1   1   1   1  -2   4   4                      11                                         
 11       4      10       6       6              10       4                      11                                         
 11       4      10       6   6   6              10       4                      11                                         
 11       4      10                              10       4                      11                                         
 11       4      10  10  10  10  10  10  10  10  10       4                      11                                         
 11       4                                               4                      11                                         
 11       4   4   4   4   4   4   4   4   4   4   4   4   4                      11                                         
 11                                                                              11                                         
 11  11  11  11  11  11  11  11  11  11  11  11  11  11  11  11  11  11  11  11  11                                         
