  6   6   6   6   6   6   6   6   6   6   6   6   6   6   6   6   6   6   6   6   6   6   6 
  6                                                                                       6 
  6                                       1   1   1   1   1   1   1                       6 
  6                                       1                       1                       6 
  6                                       1       7   7   7   7  -2   6   6   6   6   6   6 
  6                                       1       7               2                         
  6                                       1       7       9   9  -1  10  10  10  10         
  6                                       1       7       9       3              10         
  6      11  11  11  11  11  11  11       1       7       9       3              10         
  6      11                      11       1       7       9       3              10         
  6      11      13  13  13      11       1       7       9       3              10         
  6      11      13      13      11       1       7       9       3              10         
  6   6  -1   5  -2  20  -1  19  -2  18  -1  17  -2  16  -1  15  -2  14  14      10         
         10      14      12      12       4       8       8       4      14      10         
         10      14      12  12  12       4       8       8       4      14      10         
         10      14                       4       8       8       4      14      10         
         10      14                       4       8   8   8       4      14      10         
         10      14                       4                       4      14      10         
         10      14                       4   4   4   4   4   4   4      14      10         
         10      14                                                      14      10         
         10      14  14  14  14  14  14  14  14  14  14  14  14  14  14  14      10         
         10                                                                      10         
         10  10  10  10  10  10  10  10  10  10  10  10  10  10  10  10  10  10  10         
