  4   4   4   4   4   4   4   4   4   4   4   4   4   4   4   4   4   4   4   4   4   4   4   4   4   4   4   4   4 
  4                                                                                                               4 
  4      19  19  19  19  19  19  19  19  19  19  19  19  19  19  19  19  19  19  19  19  19                       4 
  4      19                                                                              19                       4 
  4      19      17  17  17  17  17  17  17  17  17  17  17  17  17  17  17              19                       4 
  4      19      17                                                      17              19                       4 
  4      19      17      15  15  15  15  15  15  15  15  15  15  15      17              19                       4 
  4      19      17      15                                      15      17              19                       4 
  4      19      17      15               9   9   9   9   9      15      17              19                       4 
  4      19      17      15               9               9      15      17              19                       4 
  4      19      17  17  -1  18  18       9      16  16  -1  15  15      17              19                       4 
  4      19              14      18       9      16       8              17              19                       4 
  4      19  19  19  19  -2  18  18       9      16  16  -2  17  17  17  17              19                       4 
  4                      13               9               7                              19                       4 
  4   4   4   4   4   4  -1   3   3   3  -2   2   2   2  -1   1   1   1   1   1   1   1  -2   4   4   4   4   4   4 
                         12              10               6                              20                         
                         12              10               6                      11  11  -1  12  12  12  12         
                         12              10               6                      11       5              12         
                         12              10               6                      11  11  -2  10  10      12         
                         12              10               6                               6      10      12         
                         12              10               6   6   6   6   6   6   6   6   6      10      12         
                         12              10                                                      10      12         
                         12              10  10  10  10  10  10  10  10  10  10  10  10  10  10  10      12         
                         12                                                                              12         
                         12  12  12  12  12  12  12  12  12  12  12  12  12  12  12  12  12  12  12  12  12         
