  2   2   2   2   2   2   2   2   2   2   2   2   2   2   2   2   2   2   2                                         
  2                                                                       2                                         
  2      16  16  16  16  16  16  16  16  16  16  16  16  16  16  16       2                                         
  2      16                                                      16       2                                         
  2      16      18  18  18  18  18  18  18  18  18  18  18      16       2                                         
  2      16      18                                      18      16       2                                         
  2      16      18       9   9   9   9   9   9   9      18      16       2                                         
  2      16      18       9                       9      18      16       2                                         
  2      16      18  18  -1  17  17               9      18      16       2                                         
  2      16               8      17               9      18      16       2                                         
  2      16  16  16  16  -2  17  17      19  19  -2  18  18      16       2                                         
  2                       7              19      10              16       2                                         
  2   2   2   2   2   2  -1   1   1   1  -2   4  -1   3   3   3  -2   2   2                                         
                          6              20      11              15                                                 
                          6              20      11              15               6   6   6   6   6   6   6   6   6 
                          6              20      11              15               6                               6 
                          6              20      11              15               6      20  20  20  20  20       6 
                          6              20      11              15               6      20              20       6 
                          6              20      11  11  11  11  -1  12  12  12  -2  13  -1  14  14      20       6 
                          6              20                      14               5       5      14      20       6 
                          6              20                      14               5   5   5      14      20       6 
                          6              20                      14                              14      20       6 
                          6              20                      14  14  14  14  14  14  14  14  14      20       6 
                          6              20                                                              20       6 
                          6              20  20  20  20  20  20  20  20  20  20  20  20  20  20  20  20  20       6 
                          6                                                                                       6 
                          6   6   6   6   6   6   6   6   6   6   6   6   6   6   6   6   6   6   6   6   6   6   6 
