  5   5   5   5   5   5   5   5   5                                                                 
  5                               5                                                                 
  5      16  16  16  16  16  16  -1  15  15                                                         
  5      16                       4      15                                                         
  5      16      14  14  14  14  -2  15  15                                                         
  5      16      14               3                                                                 
  5      16      14       8   8  -1   7   7   7   7   7   7   7   7   7   7   7   7   7   7   7   7 
  5      16      14       8       2                                                               7 
  5      16      14       8   8  -2   9   9   9   9   9   9   9   9   9   9   9   9   9   9       7 
  5      16      14               1                                                       9       7 
  5      16      14  14  14  14  -1  13  13  13  13  13  13  13  13  13  13  13  13       9       7 
  5      16                       6                                              13       9       7 
  5      16                       6              12  12  12  12  12  12  12      13       9       7 
  5      16                       6              12                      12      13       9       7 
  5      16                       6              12      10  10  10      12      13       9       7 
  5      16                       6              12      10      10      12      13       9       7 
  5      16  16  16  16  16  16  -2  17  17  17  -1  18  -2  19  -1  20  -2  13  13       9       7 
  5                               5               7       9      11      11               9       7 
  5                               5               7       9      11  11  11               9       7 
  5                               5               7       9                               9       7 
  5                               5               7       9   9   9   9   9   9   9   9   9       7 
  5                               5               7                                               7 
  5                               5               7   7   7   7   7   7   7   7   7   7   7   7   7 
  5                               5                                                                 
  5   5   5   5   5   5   5   5   5                                                                 
