                 16  16  16  16  16  16  16  16  16  16  16  16  16  16  16  16  16  16  16  16  16  16  16 
                 16                                                                                      16 
                 16       8   8   8   8   8   8   8   8   8   8   8   8   8   8   8   8   8   8   8      16 
                 16       8                                                                       8      16 
                 16       8      17  17  17  17  17  17  17  17  17  17  17  17  17  17  17       8      16 
                 16       8      17                                                      17       8      16 
                 16       8      17      11  11  11  11  11  11  11  11  11  11  11      17       8      16 
                 16       8      17      11                                      11      17       8      16 
                 16       8      17      11       4   4   4   4   4   4   4      11      17       8      16 
                 16       8      17      11       4                       4      11      17       8      16 
                 16       8      17      11  11  -2  10  10  10  10       4      11      17       8      16 
                 16       8      17               3              10       4      11      17       8      16 
                 16       8      17  17  17  17  -1  18  18  18  -2  19  -1  20  -2   7  -1   8   8      16 
                 16       8                       2               9       5      12      16              16 
                 16       8                       2               9       5      12      16  16  16  16  16 
                 16       8                       2               9       5      12                         
                 16       8   8   8   8   8   8  -2   9   9   9   9       5      12                         
                 16                               1                       5      12                         
 12  12  12  12  -2  13  13  13  13  13  13  13  -1  14  14               5      12                         
 12              15                               6      14               5      12                         
 12       5   5  -1   6   6   6   6   6   6   6   6      14               5      12                         
 12       5      14                                      14               5      12                         
 12       5      14  14  14  14  14  14  14  14  14  14  14               5      12                         
 12       5                                                               5      12                         
 12       5   5   5   5   5   5   5   5   5   5   5   5   5   5   5   5   5      12                         
 12                                                                              12                         
 12  12  12  12  12  12  12  12  12  12  12  12  12  12  12  12  12  12  12  12  12                         
