                         20  20  20  20  20  20  20  20  20  20  20  20  20  20  20  20  20  20  20  20  20  20  20 
                         20                                                                                      20 
                         20      15  15  15  15  15  15  15  15  15  15  15  15  15  15  15  15  15  15  15      20 
                         20      15                                                                      15      20 
                         20      15       3   3   3   3   3   3   3   3   3   3   3   3   3   3   3      15      20 
                         20      15       3                                                       3      15      20 
                         20      15       3                               6   6   6   6   6       3      15      20 
                         20      15       3                               6               6       3      15      20 
                         20      15       3      13  13  13  13  13       6               6       3      15      20 
                         20      15       3      13              13       6               6       3      15      20 
                         20      15       3   3  -1   4   4   4  -2   1  -1   2   2   2  -2   3   3      15      20 
                         20      15              12              14       7               5              15      20 
                         20      15  15  15  15  -2  14  14  14  14       7      16  16  -1  15  15  15  15      20 
                         20                      11                       7      16      20                      20 
                         20                      11                       7      16      20  20  20  20  20  20  20 
                         20                      11                       7      16                                 
                         20  20  20  20  20  20  -1  19  19               7      16                                 
                                                 10      19               7      16                                 
          8   8   8                              10      19               7      16                                 
          8       8                              10      19               7      16                                 
 16  16  -2  17  -1  18  18  18  18  18  18  18  -2  19  19               7      16                                 
 16       7       9                               9                       7      16                                 
 16       7       9   9   9   9   9   9   9   9   9                       7      16                                 
 16       7                                                               7      16                                 
 16       7   7   7   7   7   7   7   7   7   7   7   7   7   7   7   7   7      16                                 
 16                                                                              16                                 
 16  16  16  16  16  16  16  16  16  16  16  16  16  16  16  16  16  16  16  16  16                                 
