  4   4   4   4   4   4   4   4   4   4   4   4   4   4   4   4   4   4   4   4   4   4   4                                         
  4                                                                                       4                                         
  4       8   8   8   8   8   8   8   8   8   8   8   8   8   8   8   8   8   8   8       4                                         
  4       8                                                                       8       4                                         
  4       8       3   3   3   3   3   3   3   3   3   3   3   3   3   3   3       8       4                                         
  4       8       3                                                       3       8       4                                         
  4       8       3      14  14  14  14  14  14  14  14  14               3       8       4                                         
  4       8       3      14                              14               3       8       4                                         
  4       8       3      14      10  10  10  10  10      14               3       8       4                                         
  4       8       3      14      10              10      14               3       8       4                                         
  4       8       3      14      10              10      14               3       8       4      11  11  11  11  11  11  11  11  11 
  4       8       3      14      10              10      14               3       8       4      11                              11 
  4       8       3      14      10              10      14               3       8       4      11      13  13  13  13  13      11 
  4       8       3      14      10              10      14               3       8       4      11      13              13      11 
  4       8       3      14  14  -2  15  15  15  -1  16  -2  17  17  17  -1  18  -2  19  -1  20  -2   5  -1   6   6      13      11 
  4       8       3               9              11      13               2       7       1      12      12       6      13      11 
  4       8       3               9              11      13               2       7       1      12  12  12       6      13      11 
  4       8       3               9              11      13               2       7       1                       6      13      11 
  4       8       3   3   3   3  -1   4   4      11      13       6   6  -2   7   7       1                       6      13      11 
  4       8                       8       4      11      13       6       1               1                       6      13      11 
  4       8   8   8   8   8   8   8       4      11      13       6       1               1                       6      13      11 
  4                                       4      11      13       6       1               1                       6      13      11 
  4   4   4   4   4   4   4   4   4   4   4      11      13       6       1               1                       6      13      11 
                                                 11      13       6       1               1                       6      13      11 
                                                 11      13       6       1   1   1   1   1                       6      13      11 
                                                 11      13       6                                               6      13      11 
                                                 11      13       6   6   6   6   6   6   6   6   6   6   6   6   6      13      11 
                                                 11      13                                                              13      11 
                                                 11      13  13  13  13  13  13  13  13  13  13  13  13  13  13  13  13  13      11 
                                                 11                                                                              11 
                                                 11  11  11  11  11  11  11  11  11  11  11  11  11  11  11  11  11  11  11  11  11 
