  7   7   7   7   7   7   7   7   7   7   7   7   7                                         
  7                                               7                                         
  7                              16  16  16  16  -1  15  15  15  15  15  15                 
  7                              16               6                      15                 
  7                              16  16  16  16  -2  17  17  17  17      15                 
  7                                               5              17      15                 
  7      18  18  18  18  18  18  18  18  18  18  -1  17  17  17  17      15                 
  7      18                                       4                      15                 
  7      18      14  14  14  14  14  14  14  14  -2  15  15  15  15  15  15                 
  7      18      14                               3                                         
  7      18      14      12  12  12  12  12  12  -1  11  11  11  11  11  11  11  11  11  11 
  7      18      14      12                       2                                      11 
  7      18      14      12  12  12  12  12  12  -2  13  13  13  13  13  13  13  13      11 
  7      18      14                               1                              13      11 
  7      18      14  14  14  14  14  14  14  14  -1  13  13  13  13  13  13  13  13      11 
  7      18                                      10                                      11 
  7      18  18  18  18  18  18  18  18  18  18  -2  19  19                              11 
  7                                               9      19                              11 
  7                                      20  20  -1  19  19                              11 
  7                                      20       8                                      11 
  7                                      20  20  -2  11  11  11  11  11  11  11  11  11  11 
  7                                               7                                         
  7   7   7   7   7   7   7   7   7   7   7   7   7                                         
