  6   6   6   6   6   6   6   6   6   6   6   6   6   6   6   6   6   6   6   6   6   6   6 
  6                                                                                       6 
  6              15  15  15  15  15  15  15  15  15  15  15  15  15  15  15  15  15       6 
  6              15                                                              15       6 
  6              15      18  18  18  18  18                                      15       6 
  6              15      18              18                                      15       6 
  6              15  15  -1  16  16      18                                      15       6 
  6                      19      16      18                                      15       6 
  6                      19      16      18      10  10  10                      15       6 
  6                      19      16      18      10      10                      15       6 
  6                      19      16      18      10      10      13  13  13      15       6 
  6                      19      16      18      10      10      13      13      15       6 
  6   6   6   6   6   6  -2   7  -1   8  -2   1  -1   2  -2   3  -1   4  -2   5  -1   6   6 
                         20      17      17      11       9      12      14      14         
                         20      17  17  17      11       9      12      14      14         
                         20                      11       9      12      14      14         
                         20                      11       9      12      14  14  14         
                         20                      11       9      12                         
         12  12  12  12  -1  11  11  11  11  11  11       9      12                         
         12               9                               9      12                         
         12               9   9   9   9   9   9   9   9   9      12                         
         12                                                      12                         
         12  12  12  12  12  12  12  12  12  12  12  12  12  12  12                         
