  4   4   4   4   4   4   4   4   4   4   4   4   4   4   4   4   4   4   4                                 
  4                                                                       4                                 
  4      16  16  16  16  16  16  16  16  16  16  16  16  16  16  16  16  -1  15  15                         
  4      16                                                               5      15                         
  4      16      14  14  14  14  14  14  14  14  14  14  14  14  14  14  -2  15  15                         
  4      16      14                                                       6                                 
  4      16      14      17  17  17  17  17  17  17  17  17  17  17       6                                 
  4      16      14      17                                      17       6                                 
  4      16      14      17       3   3   3   3   3   3   3      17       6                                 
  4      16      14      17       3                       3      17       6                                 
  4      16      14      17       3       1   1   1       3      17       6                                 
  4      16      14      17       3       1       1       3      17       6                                 
  4      16      14      17       3       1       1       3      17       6               8   8   8   8   8 
  4      16      14      17       3       1       1       3      17       6               8               8 
  4      16      14  14  -1  13  -2  12  -1  11  -2  10  -1   9  -2  20  -1  19  19  19  -2  18  18       8 
  4      16              16       4       8       2       2      18       7               7      18       8 
  4      16  16  16  16  16       4       8       2       2      18       7               7      18       8 
  4                               4       8       2       2      18       7               7      18       8 
  4                               4       8       2       2      18       7   7   7   7   7      18       8 
  4                               4       8       2       2      18                              18       8 
  4                               4       8       2       2      18  18  18  18  18  18  18  18  18       8 
  4                               4       8       2       2                                               8 
  4   4   4   4   4   4   4   4   4       8       2       2                                               8 
                                          8       2       2                                               8 
                                          8       2   2   2                                               8 
                                          8                                                               8 
                                          8   8   8   8   8   8   8   8   8   8   8   8   8   8   8   8   8 
