 16  16  16  16  16  16  16  16  16  16  16  16  16  16  16  16  16  16  16  16  16  16  16  16  16  16  16  16  16  16  16  16  16 
 16                                                                                                                              16 
 16       3   3   3   3   3   3   3   3   3   3   3   3   3   3   3   3   3   3   3   3   3   3   3   3   3   3   3   3   3      16 
 16       3                                                                                                               3      16 
 16       3                                                                                       6   6   6   6   6       3      16 
 16       3                                                                                       6               6       3      16 
 16       3                      11  11  11  11  11  11  11  11  11                               6               6       3      16 
 16       3                      11                              11                               6               6       3      16 
 16       3   3   3   3   3   3  -1   4   4   4   4   4   4   4  -2   1   1   1   1   1   1   1  -1   2   2   2  -2   3   3      16 
 16                              10                              12                               7               5              16 
 16  16  16  16  16  16  16  16  -2  17  17  17  17  17  17      12                               7      15  15  -1  16  16  16  16 
                                  9                      17      12                               7      15      20                 
                 20  20  20  20  -1  19  19              17      12                               7      15      20                 
                 20               8      19              17      12                               7      15      20                 
                 20               8      19              17      12  12  12  12  12  12  12       7      15      20                 
                 20               8      19              17                              12       7      15      20                 
                 20               8      19              17  17  17  17  17  17  17      12       7      15      20                 
                 20               8      19                                      17      12       7      15      20                 
                 20               8      19  19  19  19  19  19  19              17      12       7      15      20                 
                 20               8                              19              17      12       7      15      20                 
                 20      15  15  -2  14  14  14  14  14  14  14  -1  13  13      17      12       7      15      20                 
                 20      15       7                              18      13      17      12       7      15      20                 
                 20      15       7              12  12  12  12  -2  13  13      17      12       7      15      20                 
                 20      15       7              12              17              17      12       7      15      20                 
                 20      15       7              12              17  17  17  17  17      12       7      15      20                 
                 20      15       7              12                                      12       7      15      20                 
                 20      15       7              12  12  12  12  12  12  12  12  12  12  12       7      15      20                 
                 20      15       7                                                               7      15      20                 
                 20      15       7   7   7   7   7   7   7   7   7   7   7   7   7   7   7   7   7      15      20                 
                 20      15                                                                              15      20                 
                 20      15  15  15  15  15  15  15  15  15  15  15  15  15  15  15  15  15  15  15  15  15      20                 
                 20                                                                                              20                 
                 20  20  20  20  20  20  20  20  20  20  20  20  20  20  20  20  20  20  20  20  20  20  20  20  20                 
