  5   5   5   5   5   5   5   5   5   5   5   5   5                                         
  5                                               5                                         
  5      12  12  12  12  12  12  12  12  12  12  -1  11  11  11  11  11  11  11  11  11  11 
  5      12                                       4                                      11 
  5      12      14  14  14  14  14  14  14  14  -2  15  15  15  15  15  15  15  15      11 
  5      12      14                               3                              15      11 
  5      12      14  14  14  14  14  14  14  14  -1  13  13  13  13  13  13      15      11 
  5      12                                       2                      13      15      11 
  5      12  12  12  12  12  12  12  12  12  12  -2  13  13  13  13  13  13      15      11 
  5                                               1                              15      11 
  5                      16  16  16  16  16  16  -1  15  15  15  15  15  15  15  15      11 
  5                      16                      10                                      11 
  5                      16              20  20  -2  11  11  11  11  11  11  11  11  11  11 
  5                      16              20       9                                         
  5                      16              20  20  -1  19  19                                 
  5                      16                       8      19                                 
  5                      16      18  18  18  18  -2  19  19                                 
  5                      16      18               7                                         
  5                      16      18  18  18  18  -1  17  17  17  17                         
  5                      16                       6              17                         
  5                      16  16  16  16  16  16  -2  17  17  17  17                         
  5                                               5                                         
  5   5   5   5   5   5   5   5   5   5   5   5   5                                         
