                          7   7   7   7   7   7   7   7   7   7   7   7   7   7   7   7   7   7   7   7   7   7   7   7   7 
                          7                                                                                               7 
                          7      17  17  17  17  17  17  17  17  17  17  17  17  17  17  17  17  17  17  17  17  17       7 
                          7      17                                                                              17       7 
                          7      17      13  13  13  13  13  13  13  13  13  13  13  13  13  13  13  13  13      17       7 
                          7      17      13                                                              13      17       7 
                          7      17      13              16  16  16  16  16  16  16  16  16  16  16      13      17       7 
                          7      17      13              16                                      16      13      17       7 
                          7      17      13              16       8   8   8   8   8   8   8      16      13      17       7 
                          7      17      13              16       8                       8      16      13      17       7 
                          7      17      13              16  16  -1  15  15  15  15  15  -2  14  -1  13  13      17       7 
                          7      17      13                       9                       7      17              17       7 
                          7      17      13                       9                       7      17  17  17  17  17       7 
                          7      17      13                       9                       7                               7 
                          7      17      13                       9                       7   7   7   7   7   7   7   7   7 
                          7      17      13                       9                                                         
  2   2   2   2   2   2  -1   1  -2   4  -1   3   3   3   3   3  -2   2   2   2   2                                         
  2                       6      18      12                      10               2                                         
  2      19  19  19  19  -2  18  18      12      20  20  20  20  -1  19  19       2                                         
  2      19               5              12      20              11      19       2                                         
  2      19      11  11  -1  12  12  12  12      20              11      19       2                                         
  2      19      11      20                      20              11      19       2                                         
  2      19      11      20  20  20  20  20  20  20              11      19       2                                         
  2      19      11                                              11      19       2                                         
  2      19      11  11  11  11  11  11  11  11  11  11  11  11  11      19       2                                         
  2      19                                                              19       2                                         
  2      19  19  19  19  19  19  19  19  19  19  19  19  19  19  19  19  19       2                                         
  2                                                                               2                                         
  2   2   2   2   2   2   2   2   2   2   2   2   2   2   2   2   2   2   2   2   2                                         
