                 18  18  18  18  18  18  18  18  18  18  18  18  18  18  18  18  18  18  18  18  18 
                 18                                                                              18 
                 18       9   9   9   9   9   9   9   9   9   9   9   9   9   9   9   9   9      18 
                 18       9                                                               9      18 
                 18       9                              11  11  11  11  11  11  11       9      18 
                 18       9                              11                      11       9      18 
                 18  18  -1  17  17      13  13  13  13  -2  20  20  20  20  20  -1  19  -2  18  18 
                          8      17      13              12                      10      10         
                          8      17      13              12                      10  10  10         
                          8      17      13              12                                         
 16  16  16  16  16  16  -2  17  17      13      15  15  -1  16  16  16  16                         
 16                       7              13      15       5              16                         
 16       2   2   2   2  -1   1   1   1  -2   4  -1   3  -2   2   2      16                         
 16       2               6              14      14       6       2      16                         
 16       2               6              14  14  14       6       2      16                         
 16       2               6                               6       2      16                         
 16       2               6   6   6   6   6   6   6   6   6       2      16                         
 16       2                                                       2      16                         
 16       2   2   2   2   2   2   2   2   2   2   2   2   2   2   2      16                         
 16                                                                      16                         
 16  16  16  16  16  16  16  16  16  16  16  16  16  16  16  16  16  16  16                         
