  2   2   2   2   2   2   2   2   2   2   2   2   2   2   2   2   2   2   2                                         
  2                                                                       2                                         
  2       6   6   6   6   6   6   6   6   6   6   6   6   6   6   6       2                                         
  2       6                                                       6       2                                         
  2       6      15  15  15  15  15  15  15  15  15               6       2                                         
  2       6      15                              15               6       2                                         
  2       6      15       5   5   5              15               6       2                                         
  2       6      15       5       5              15               6       2                                         
  2       6      15  15  -2  14  -1  13  13      15               6       2                                         
  2       6               6      10      13      15               6       2                                         
  2       6   6   6   6   6      10      13      15               6       2                                         
  2                              10      13      15               6       2                                         
  2   2   2   2   2   2   2   2  -2   3  -1   4  -2   1   1   1  -1   2   2                                         
                                  9      12      16               7                                                 
                                  9      12      16               7               9   9   9   9   9   9   9   9   9 
                                  9      12      16               7               9                               9 
                                  9      12      16               7               9      17  17  17               9 
                                  9      12      16               7               9      17      17               9 
                                  9      12      16      18  18  -2  19  19  19  -1  20  -2  11  -1  12  12       9 
                                  9      12      16      18       8               8      18      16      12       9 
                                  9      12      16      18       8   8   8   8   8      18      16      12       9 
                                  9      12      16      18                              18      16      12       9 
                                  9      12      16      18  18  18  18  18  18  18  18  18      16      12       9 
                                  9      12      16                                              16      12       9 
                                  9      12      16  16  16  16  16  16  16  16  16  16  16  16  16      12       9 
                                  9      12                                                              12       9 
                                  9      12  12  12  12  12  12  12  12  12  12  12  12  12  12  12  12  12       9 
                                  9                                                                               9 
                                  9   9   9   9   9   9   9   9   9   9   9   9   9   9   9   9   9   9   9   9   9 
