                                         10  10  10  10  10  10  10  10  10  10  10  10  10  10  10 
                                         10                                                      10 
                                         10                      19  19  19  19  19  19  19      10 
                                         10                      19                      19      10 
                                         10                      19       2   2   2      19      10 
                                         10                      19       2       2      19      10 
                                         10      13  13  13      19       2       2      19      10 
                                         10      13      13      19       2       2      19      10 
                                         10  10  -2  11  -1  12  -2   7  -1   8  -2   9  -1  10  10 
                                                 14      20      20       3       1      18         
                                                 14      20  20  20       3       1      18         
                                                 14                       3       1      18         
                         16  16  16              14                       3       1      18         
                         16      16              14                       3       1      18         
 18  18  18  18  18      16      16              14                       3       1      18         
 18              18      16      16              14                       3       1      18         
 18       1   1  -2   6  -1   5  -2   4   4   4  -1   3   3   3   3   3   3       1      18         
 18       1      17      17      15              15                               1      18         
 18       1      17  17  17      15              15                               1      18         
 18       1                      15              15                               1      18         
 18       1                      15  15  15  15  15                               1      18         
 18       1                                                                       1      18         
 18       1   1   1   1   1   1   1   1   1   1   1   1   1   1   1   1   1   1   1      18         
 18                                                                                      18         
 18  18  18  18  18  18  18  18  18  18  18  18  18  18  18  18  18  18  18  18  18  18  18         
