  2   2   2   2   2   2   2   2   2   2   2   2   2   2   2   2   2   2   2   2   2                                         
  2                                                                               2                                         
  2               9   9   9   9   9   9   9   9   9   9   9   9   9   9   9       2                                         
  2               9                                                       9       2                                         
  2      20  20  -1  19  19  19  19  19  19  19  19  19  19               9       2                                         
  2      20       8                                      19               9       2                                         
  2      20       8              11  11  11  11  11      19               9       2                                         
  2      20       8              11              11      19               9       2                                         
  2      20  20  -2  11  11  11  11      18  18  -2  19  19               9       2                                         
  2               7                      18      12                       9       2                                         
  2               7      18  18  18  18  18      12                       9       2                                         
  2               7      18                      12                       9       2                                         
  2   2   2   2  -1   1  -2   4   4   4   4   4  -1   3   3   3   3   3  -2   2   2                                         
                  6      17                      13                      10                                                 
                  6      17                      13                      10               6   6   6   6   6   6   6   6   6 
                  6      17                      13                      10               6                               6 
                  6      17                      13                      10               6      17  17  17  17  17       6 
                  6      17                      13                      10               6      17              17       6 
                  6      17                      13              16  16  -1  15  15  15  -2  14  -1  13  13      17       6 
                  6      17                      13              16       5               5      16      13      17       6 
                  6      17                      13              16       5   5   5   5   5      16      13      17       6 
                  6      17                      13              16                              16      13      17       6 
                  6      17                      13              16  16  16  16  16  16  16  16  16      13      17       6 
                  6      17                      13                                                      13      17       6 
                  6      17                      13  13  13  13  13  13  13  13  13  13  13  13  13  13  13      17       6 
                  6      17                                                                                      17       6 
                  6      17  17  17  17  17  17  17  17  17  17  17  17  17  17  17  17  17  17  17  17  17  17  17       6 
                  6                                                                                                       6 
                  6   6   6   6   6   6   6   6   6   6   6   6   6   6   6   6   6   6   6   6   6   6   6   6   6   6   6 
