         17  17  17  17  17  17  17  17  17  17  17  17  17  17  17  17  17                 
         17                                                              17                 
         17      15  15  15  15  15  15  15  15  15  15  15  15  15      17                 
         17      15                                              15      17                 
         17      15                      18  18  18  18  18      15      17                 
         17      15                      18              18      15      17                 
         17      15              13  13  -1  14  14  14  -2  15  15      17                 
         17      15              13      19              17              17                 
         17      15              13      19              17  17  17  17  17                 
         17      15              13      19                                                 
         17      15              13  13  -2  12  12                                         
         17      15                      20      12                                         
         17      15      11  11  11  11  -1  12  12                                         
         17      15      11               7                                                 
         17      15      11               7               9   9   9   9   9   9   9         
         17      15      11               7               9                       9         
  6   6  -1   5  -2   4  -1   3   3   3  -2   2   2   2  -1   1   1   1   1   1  -2   6   6 
  6      16      16      10               8               8                      10       6 
  6      16  16  16      10               8               8                      10       6 
  6                      10               8               8                      10       6 
  6                      10               8   8   8   8   8                      10       6 
  6                      10                                                      10       6 
  6                      10  10  10  10  10  10  10  10  10  10  10  10  10  10  10       6 
  6                                                                                       6 
  6   6   6   6   6   6   6   6   6   6   6   6   6   6   6   6   6   6   6   6   6   6   6 
