 10  10  10  10  10  10  10  10  10  10  10  10  10                                         
 10                                              10                                         
 10                      18  18  18  18  18  18  -2  19  19                                 
 10                      18                       9      19                                 
 10                      18      20  20  20  20  -1  19  19                                 
 10                      18      20               8                                         
 10                      18      20      14  14  -2  15  15  15  15  15  15  15  15  15  15 
 10                      18      20      14       7                                      15 
 10                      18      20      14  14  -1  13  13  13  13  13  13  13  13      15 
 10                      18      20               6                              13      15 
 10                      18      20  20  20  20  -2  11  11  11  11  11  11      13      15 
 10                      18                       5                      11      13      15 
 10                      18  18  18  18  18  18  -1  17  17  17  17      11      13      15 
 10                                               4              17      11      13      15 
 10      16  16  16  16  16  16  16  16  16  16  -2  17  17  17  17      11      13      15 
 10      16                                       3                      11      13      15 
 10      16      12  12  12  12  12  12  12  12  -1  11  11  11  11  11  11      13      15 
 10      16      12                               2                              13      15 
 10      16      12  12  12  12  12  12  12  12  -2  13  13  13  13  13  13  13  13      15 
 10      16                                       1                                      15 
 10      16  16  16  16  16  16  16  16  16  16  -1  15  15  15  15  15  15  15  15  15  15 
 10                                              10                                         
 10  10  10  10  10  10  10  10  10  10  10  10  10                                         
