 16  16  16  16  16  16  16  16  16  16  16  16  16  16  16  16  16  16  16  16  16  16  16  16  16                                 
 16                                                                                              16                                 
 16      20  20  20  20  20  20  20  20  20  20  20  20  20  20  20  20  20  20  20  20  20      16                                 
 16      20                                                                              20      16                                 
 16      20       4   4   4   4   4   4   4   4   4   4   4   4   4   4   4   4   4      20      16                                 
 16      20       4                                                               4      20      16                                 
 16      20       4      12  12  12  12  12  12  12  12  12  12  12  12  12       4      20      16                                 
 16      20       4      12                                              12       4      20      16                                 
 16      20       4      12               6   6   6                      12       4      20      16                                 
 16      20       4      12               6       6                      12       4      20      16                                 
 16      20       4   4  -2   1   1   1  -1   2  -2   3   3   3   3   3  -1   4   4      20      16                                 
 16      20              11               7       5                      13              20      16                                 
 16      20  20  20  20  -1  19  19       7       5      17  17  17  17  -2  20  20  20  20      16                                 
 16                      16      19       7       5      17              14                      16                                 
 16  16  16  16  16  16  16      19       7       5      17              14                      16                                 
                                 19       7       5      17              14                      16                                 
                                 19       7       5      17              14                      16      19  19  19  19  19  19  19 
                                 19       7       5      17              14                      16      19                      19 
                                 19       7       5      17      10  10  -1   9   9   9   9   9  -2   8  -1   7   7   7   7      19 
                                 19       7       5      17      10      15                      15      18               7      19 
                                 19       7       5      17      10      15  15  15  15  15  15  15      18               7      19 
                                 19       7       5      17      10                                      18               7      19 
                                 19       7       5      17      10  10  10  10  10  10  10  10  10  10  -2   5   5       7      19 
                                 19       7       5      17                                              17       5       7      19 
                                 19       7       5      17  17  17  17  17  17  17  17  17  17  17  17  17       5       7      19 
                                 19       7       5                                                               5       7      19 
                                 19       7       5   5   5   5   5   5   5   5   5   5   5   5   5   5   5   5   5       7      19 
                                 19       7                                                                               7      19 
                                 19       7   7   7   7   7   7   7   7   7   7   7   7   7   7   7   7   7   7   7   7   7      19 
                                 19                                                                                              19 
                                 19  19  19  19  19  19  19  19  19  19  19  19  19  19  19  19  19  19  19  19  19  19  19  19  19 
