                         10  10  10  10  10  10  10  10  10  10  10  10  10  10  10  10  10  10  10  10  10 
                         10                                                                              10 
                         10      15  15  15  15  15  15  15  15  15  15  15  15  15  15  15  15  15      10 
                         10      15                                                              15      10 
                         10      15       3   3   3   3   3   3   3   3   3   3   3   3   3      15      10 
                         10      15       3                                               3      15      10 
                         10      15       3                       6   6   6   6   6       3      15      10 
                         10      15       3                       6               6       3      15      10 
                         10      15       3      12  12  12       6               6       3      15      10 
                         10      15       3      12      12       6               6       3      15      10 
                         10      15       3   3  -1   4  -2   1  -1   2   2   2  -2   3   3      15      10 
                         10      15              13      11       7               5              15      10 
          8   8   8      10      15              13      11       7               5              15      10 
          8       8      10      15              13      11       7               5              15      10 
 16  16  -2  17  -1  18  -2  19  -1  20  20  20  -2  11  11       7      16  16  -1  15  15  15  15      10 
 16       7       9       9      14              14               7      16      10                      10 
 16       7       9       9      14  14  14  14  14               7      16      10                      10 
 16       7       9       9                                       7      16      10                      10 
 16       7       9       9                                       7      16      10  10  10  10  10  10  10 
 16       7       9       9                                       7      16                                 
 16       7       9   9   9                                       7      16                                 
 16       7                                                       7      16                                 
 16       7   7   7   7   7   7   7   7   7   7   7   7   7   7   7      16                                 
 16                                                                      16                                 
 16  16  16  16  16  16  16  16  16  16  16  16  16  16  16  16  16  16  16                                 
