         20  20  20  20  20  20  20  20  20  20  20  20  20  20  20  20  20  20  20  20  20         
         20                                                                              20         
         20      15  15  15  15  15  15  15  15  15  15  15  15  15  15  15  15  15      20         
         20      15                                                              15      20         
         20      15      19  19  19  19  19  19  19  19  19  19  19  19  19      15      20         
         20      15      19                                              19      15      20         
         20      15      19       9   9   9   9   9   9   9   9   9      19      15      20         
         20      15      19       9                               9      19      15      20         
         20      15      19       9      18  18  18  18  18  18  -2  19  19      15      20         
         20      15      19       9      18                      10              15      20         
         20      15      19       9      18      16  16  16  16  -1  15  15  15  15      20         
         20      15      19       9      18      16              11                      20         
         20  20  -1  19  19       9      18      16       7   7  -2  20  20  20  20  20  20         
                 14               9      18      16       7      12                                 
  3   3   3   3  -2   2   2   2  -1   1  -2   6  -1   5  -2   4  -1   3   3   3   3   3   3   3   3 
  3              13               8      17      17       8      13                               3 
  3              13               8      17  17  17       8      13                               3 
  3              13               8                       8      13                               3 
  3              13               8   8   8   8   8   8   8      13                               3 
  3              13                                              13                               3 
  3              13  13  13  13  13  13  13  13  13  13  13  13  13                               3 
  3                                                                                               3 
  3   3   3   3   3   3   3   3   3   3   3   3   3   3   3   3   3   3   3   3   3   3   3   3   3 
