 18  18  18  18  18  18  18  18  18  18  18  18  18  18  18  18  18  18  18  18  18  18  18  18  18  18  18  18  18  18  18 
 18                                                                                                                      18 
 18       4   4   4   4   4   4   4   4   4   4   4   4   4   4   4   4   4   4   4   4   4   4   4   4   4   4   4      18 
 18       4                                                                                                       4      18 
 18       4      10  10  10  10  10  10  10  10  10  10  10  10  10  10  10                                       4      18 
 18       4      10                                                      10                                       4      18 
 18       4      10               6   6   6                              10                                       4      18 
 18       4      10               6       6                              10                                       4      18 
 18       4   4  -2   1   1   1  -1   2  -2   3   3   3   3   3   3   3  -1   4   4   4   4   4   4   4   4   4   4      18 
 18               9               7       5                              11                                              18 
 18  18  18  18  -1  17  17       7       5                      19  19  -2  18  18  18  18  18  18  18  18  18  18  18  18 
                 20      17       7       5                      19      12                                                 
                 20      17       7       5                      19  19  -1  20  20  20  20  20  20  20  20                 
                 20      17       7       5                              13                              20                 
                 20      17       7       5      16  16  16  16  16  16  -2  17  17  17  17  17  17      20                 
                 20      17       7       5      16                      14                      17      20                 
                 20      17       7       5      16       8   8   8   8  -1   7   7   7   7      17      20                 
                 20      17       7       5      16       8              15               7      17      20                 
                 20      17       7       5      16       8   8   8   8  -2   5   5       7      17      20                 
                 20      17       7       5      16                      16       5       7      17      20                 
                 20      17       7       5      16  16  16  16  16  16  16       5       7      17      20                 
                 20      17       7       5                                       5       7      17      20                 
                 20      17       7       5   5   5   5   5   5   5   5   5   5   5       7      17      20                 
                 20      17       7                                                       7      17      20                 
                 20      17       7   7   7   7   7   7   7   7   7   7   7   7   7   7   7      17      20                 
                 20      17                                                                      17      20                 
                 20      17  17  17  17  17  17  17  17  17  17  17  17  17  17  17  17  17  17  17      20                 
                 20                                                                                      20                 
                 20  20  20  20  20  20  20  20  20  20  20  20  20  20  20  20  20  20  20  20  20  20  20                 
