                                                  3   3   3   3   3   3   3   3   3   3   3 
                                                  3                                       3 
                                          8   8  -1   7   7   7   7   7   7   7   7       3 
                                          8       2                               7       3 
                                          8   8  -2   9   9   9   9   9   9       7       3 
                                                  1                       9       7       3 
 19  19  19  19  19  19  19  19  19  19  19  19  -1  20  20  20  20       9       7       3 
 19                                               6              20       9       7       3 
 19      14  14  14  14  14  14  14  14  14  14  -2  15  15      20       9       7       3 
 19      14                                       5      15      20       9       7       3 
 19      14                      16  16  16  16  -1  15  15      20       9       7       3 
 19      14                      16               4              20       9       7       3 
 19      14      18  18  18      16               4              20       9       7       3 
 19      14      18      18      16               4              20       9       7       3 
 19      14  14  -1  13  -2  12  -1  11  11  11  -2  10  10  10  -1   9   9       7       3 
 19              19      17      17               3               7               7       3 
 19  19  19  19  19      17      17               3               7               7       3 
                         17      17               3               7               7       3 
                         17  17  17               3               7               7       3 
                                                  3               7               7       3 
                                                  3               7   7   7   7   7       3 
                                                  3                                       3 
                                                  3   3   3   3   3   3   3   3   3   3   3 
