                          5   5   5   5   5   5   5   5   5   5   5   5   5   5   5   5   5   5   5   5   5   5   5   5   5 
                          5                                                                                               5 
                          5       7   7   7   7   7   7   7   7   7   7   7   7   7   7   7   7   7   7   7   7   7       5 
                          5       7                                                                               7       5 
                          5       7                                              15  15  15  15  15  15  15       7       5 
                          5       7                                              15                      15       7       5 
                          5       7                                              15       8   8   8      15       7       5 
                          5       7                                              15       8       8      15       7       5 
                          5       7      17  17  17  17  17  17  17  17  17      15       8       8      15       7       5 
                          5       7      17                              17      15       8       8      15       7       5 
                          5       7      17      12  12  12  12  12      17      15       8       8      15       7       5 
                          5       7      17      12              12      17      15       8       8      15       7       5 
                          5       7      17  17  -1  18  18  18  -2  19  -1  20  -2  13  -1  14  -2  15  15       7       5 
                          5       7               9              11      16      16       5       7               7       5 
                          5       7               9              11      16  16  16       5       7               7       5 
                          5       7               9              11                       5       7               7       5 
                          5       7               9              11                       5       7   7   7   7   7       5 
                          5       7               9              11                       5                               5 
                          5       7               9              11                       5   5   5   5   5   5   5   5   5 
                          5       7               9              11                                                         
 11  11  11  11  11       5       7               9              11                                                         
 11              11       5       7               9              11                                                         
 11       4   4  -1   3  -2   2  -1   1   1   1  -2   4   4      11                                                         
 11       4      10       6       6              10       4      11                                                         
 11       4      10       6   6   6              10       4      11                                                         
 11       4      10                              10       4      11                                                         
 11       4      10  10  10  10  10  10  10  10  10       4      11                                                         
 11       4                                               4      11                                                         
 11       4   4   4   4   4   4   4   4   4   4   4   4   4      11                                                         
 11                                                              11                                                         
 11  11  11  11  11  11  11  11  11  11  11  11  11  11  11  11  11                                                         
