 10  10  10  10  10  10  10  10  10  10  10  10  10  10  10  10  10  10  10  10  10  10  10  10  10 
 10                                                                                              10 
 10      19  19  19  19  19  19  19  19  19  19  19  19  19  19  19  19  19  19  19  19  19      10 
 10      19                                                                              19      10 
 10      19                                       2   2   2   2   2                      19      10 
 10      19                                       2               2                      19      10 
 10      19      14  14  14                       2               2                      19      10 
 10      19      14      14                       2               2                      19      10 
 10      19      14      14                       2               2      17  17  17      19      10 
 10      19      14      14                       2               2      17      17      19      10 
 10      19  19  -1  20  -2   5   5   5   5   5  -1   6   6   6  -2   7  -1   8  -2   9  -1  10  10 
 10              15      13                       3               1      16      18      18         
 10              15      13                       3               1      16      18  18  18         
 10              15      13                       3               1      16                         
 10              15      13  13  13  13  13       3               1      16                         
 10              15                      13       3               1      16                         
 10  10  10  10  -2  11  11  11  11      13  13  -2  12  12       1      16                         
                 16              11               4      12       1      16                         
                 16              11  11  11  11  -1  12  12       1      16                         
                 16                               1               1      16                         
                 16                               1   1   1   1   1      16                         
                 16                                                      16                         
                 16  16  16  16  16  16  16  16  16  16  16  16  16  16  16                         
