                                         13  13  13  13  13  13  13  13  13  13  13  13  13  13  13  13  13  13  13  13  13 
                                         13                                                                              13 
                                         13       7   7   7   7   7   7   7   7   7   7   7   7   7   7   7   7   7      13 
                                         13       7                                                               7      13 
                                         13       7       9   9   9   9   9                                       7      13 
                                         13       7       9               9                                       7      13 
                                         13       7       9               9                      14  14  14       7      13 
                                         13       7       9               9                      14      14       7      13 
                                         13       7       9      18  18  -2  19  19  19  19  19  -1  20  -2   7   7      13 
                                         13       7       9      18      10                      15      13              13 
                                         13       7       9      18      10                      15      13  13  13  13  13 
                                         13       7       9      18      10                      15                         
                                         13       7       9      18  18  -1  17  17  17  17      15                         
                                         13       7       9              11              17      15                         
 15  15  15  15  15  15  15  15  15      13       7       9              11              17      15                         
 15                              15      13       7       9              11              17      15                         
 15      17  17  17  17  17      15      13       7       9              11              17      15                         
 15      17              17      15      13       7       9              11              17      15                         
 15      17       6   6  -1   5  -2   4  -1   3  -2   2  -1   1   1   1  -2   6   6      17      15                         
 15      17       6      16      16      12       8       8              12       6      17      15                         
 15      17       6      16  16  16      12       8       8              12       6      17      15                         
 15      17       6                      12       8       8              12       6      17      15                         
 15      17       6                      12       8   8   8              12       6      17      15                         
 15      17       6                      12                              12       6      17      15                         
 15      17       6                      12  12  12  12  12  12  12  12  12       6      17      15                         
 15      17       6                                                               6      17      15                         
 15      17       6   6   6   6   6   6   6   6   6   6   6   6   6   6   6   6   6      17      15                         
 15      17                                                                              17      15                         
 15      17  17  17  17  17  17  17  17  17  17  17  17  17  17  17  17  17  17  17  17  17      15                         
 15                                                                                              15                         
 15  15  15  15  15  15  15  15  15  15  15  15  15  15  15  15  15  15  15  15  15  15  15  15  15                         
