         15  15  15  15  15  15  15  15  15  15  15  15  15  15  15  15  15  15  15         
         15                                                                      15         
         15               3   3   3   3   3   3   3   3   3                      15         
         15               3                               3                      15         
         15  15  15  15  -1  16  16                       3                      15         
                          2      16                       3                      15         
                          2      16                       3      13  13  13      15         
                          2      16                       3      13      13      15         
                          2      16      18  18  18       3      13      13      15         
                          2      16      18      18       3      13      13      15         
  6   6   6   6   6   6  -2   7  -1   8  -2   9  -1  10  -2  11  -1  12  -2   5  -1   6   6 
  6                       1      17      17      19       4      20      14      14       6 
  6                       1      17  17  17      19       4      20      14      14       6 
  6                       1                      19       4      20      14      14       6 
  6                       1                      19       4      20      14  14  14       6 
  6                       1                      19       4      20                       6 
  6              20  20  -1  19  19  19  19  19  19       4      20                       6 
  6              20       4                               4      20                       6 
  6              20       4   4   4   4   4   4   4   4   4      20                       6 
  6              20                                              20                       6 
  6              20  20  20  20  20  20  20  20  20  20  20  20  20                       6 
  6                                                                                       6 
  6   6   6   6   6   6   6   6   6   6   6   6   6   6   6   6   6   6   6   6   6   6   6 
