                         15  15  15  15  15  15  15  15  15  15  15  15  15  15  15  15  15  15  15  15  15 
                         15                                                                              15 
                         15                       3   3   3   3   3   3   3   3   3   3   3   3   3      15 
                         15                       3                                               3      15 
                         15                       3                       6   6   6   6   6       3      15 
                         15                       3                       6               6       3      15 
                         15                       3      10  10  10       6               6       3      15 
                         15                       3      10      10       6               6       3      15 
                         15                       3   3  -1   4  -2   1  -1   2   2   2  -2   3   3      15 
                         15                              11       9       7               5              15 
  8   8   8   8   8      15                              11       9       7               5              15 
  8               8      15                              11       9       7               5              15 
  8               8      15      13  13  13              11       9       7               5              15 
  8               8      15      13      13              11       9       7               5              15 
  8      16  16  -2  17  -1  18  -2  19  -1  20  20  20  -2   9   9       7      16  16  -1  15  15  15  15 
  8      16       7      14      14      12              12               7      16       8                 
  8      16       7      14  14  14      12              12               7      16       8                 
  8      16       7                      12              12               7      16       8                 
  8      16       7                      12  12  12  12  12               7      16       8                 
  8      16       7                                                       7      16       8                 
  8      16       7   7   7   7   7   7   7   7   7   7   7   7   7   7   7      16       8                 
  8      16                                                                      16       8                 
  8      16  16  16  16  16  16  16  16  16  16  16  16  16  16  16  16  16  16  16       8                 
  8                                                                                       8                 
  8   8   8   8   8   8   8   8   8   8   8   8   8   8   8   8   8   8   8   8   8   8   8                 
