                          5   5   5   5   5   5   5   5   5   5   5   5   5   5   5   5   5   5   5   5   5   5   5 
                          5                                                                                       5 
                          5       7   7   7   7   7   7   7   7   7   7   7   7   7   7   7   7   7   7   7       5 
                          5       7                                                                       7       5 
                          5       7      17  17  17  17  17  17  17  17  17  17  17  17  17  17  17       7       5 
                          5       7      17                                                      17       7       5 
                          5       7      17      12  12  12  12  12                              17       7       5 
                          5       7      17      12              12                              17       7       5 
                          5       7      17      12              12      16  16  16  16  16      17       7       5 
                          5       7      17      12              12      16              16      17       7       5 
                          5       7      17  17  -1  18  18  18  -2  19  -1  20  20  20  -2  17  17       7       5 
                          5       7               9              11      13              15               7       5 
 11  11  11  11  11       5       7               9              11      13              15               7       5 
 11              11       5       7               9              11      13              15               7       5 
 11       4   4  -1   3  -2   2  -1   1   1   1  -2   4   4      11      13       8   8  -1   7   7   7   7       5 
 11       4      10       6       6              10       4      11      13       8      14                       5 
 11       4      10       6   6   6              10       4      11      13       8      14                       5 
 11       4      10                              10       4      11      13       8      14                       5 
 11       4      10  10  10  10  10  10  10  10  10       4      11      13       8      14                       5 
 11       4                                               4      11      13       8      14                       5 
 11       4   4   4   4   4   4   4   4   4   4   4   4   4      11      13       8      14                       5 
 11                                                              11      13       8      14                       5 
 11  11  11  11  11  11  11  11  11  11  11  11  11  11  11  11  11      13       8      14                       5 
                                                                         13       8      14                       5 
                                                                         13       8   8  -2   5   5   5   5   5   5 
                                                                         13              13                         
                                                                         13  13  13  13  13                         
