                 11  11  11  11  11  11  11  11  11  11  11  11  11  11  11  11  11  11  11         
                 11                                                                      11         
                 11      20  20  20  20  20  20  20  20  20  20  20  20  20  20  20      11         
                 11      20                                                      20      11         
                 11      20      18  18  18  18  18  18  18  18  18  18  18      20      11         
                 11      20      18                                      18      20      11         
                 11      20      18      15  15  15  15  15  15  15      18      20      11         
                 11      20      18      15                      15      18      20      11         
         19  19  -1  20  20      18      15      17  17  17  17  -1  18  18      20      11         
         19      10              18      15      17              14              20      11         
         19  19  -2  18  18  18  18      15      17       7   7  -2  20  20  20  20      11         
                  9                      15      17       7      13                      11         
  2   2   2   2  -1   1   1   1   1   1  -2   6  -1   5  -2   4  -1   3   3   3   3   3  -2   2   2 
  2               8                      16      16       8      12                      12       2 
  2               8                      16  16  16       8      12                      12       2 
  2               8                                       8      12                      12       2 
  2               8                                       8      12  12  12  12  12  12  12       2 
  2               8                                       8                                       2 
  2               8   8   8   8   8   8   8   8   8   8   8                                       2 
  2                                                                                               2 
  2   2   2   2   2   2   2   2   2   2   2   2   2   2   2   2   2   2   2   2   2   2   2   2   2 
