         10  10  10  10  10  10  10  10  10  10  10  10  10  10  10  10  10  10  10  10  10  10  10 
         10                                                                                      10 
         10                               5   5   5   5   5   5   5   5   5                      10 
         10                               5                               5                      10 
         10                               5       2   2   2   2   2       5                      10 
         10                               5       2               2       5                      10 
         10                               5       2               2       5      19  19  19      10 
         10                               5       2               2       5      19      19      10 
         10                               5   5  -1   6   6   6  -2   7  -1   8  -2   9  -1  10  10 
         10                                       3               1      20      20      18         
         10                                       3               1      20  20  20      18         
         10                                       3               1                      18         
         10      12  12  12  12  12               3               1                      18         
         10      12              12               3               1                      18         
 18  18  -1  17  -2  16  16  16  -1  15  15  15  -2  14  14       1                      18         
 18      11      11              13               4      14       1                      18         
 18      11  11  11              13               4      14       1                      18         
 18                              13               4      14       1                      18         
 18                       1   1  -2   4   4   4   4      14       1                      18         
 18                       1      14                      14       1                      18         
 18                       1      14  14  14  14  14  14  14       1                      18         
 18                       1                                       1                      18         
 18                       1   1   1   1   1   1   1   1   1   1   1                      18         
 18                                                                                      18         
 18  18  18  18  18  18  18  18  18  18  18  18  18  18  18  18  18  18  18  18  18  18  18         
