                                 19  19  19  19  19  19  19  19  19  19  19  19  19  19  19  19  19  19  19  19  19  19  19 
                                 19                                                                                      19 
                                 19       5   5   5   5   5   5   5   5   5   5   5   5   5   5   5   5   5   5   5      19 
                                 19       5                                                                       5      19 
                                 19       5       7   7   7   7   7   7   7   7   7   7   7   7   7   7   7       5      19 
                                 19       5       7                                                       7       5      19 
                                 19       5       7      14  14  14  14  14  14  14  14  14               7       5      19 
                                 19       5       7      14                              14               7       5      19 
                                 19       5       7      14       8   8   8   8   8   8  -2   7   7   7   7       5      19 
                                 19       5       7      14       8                      15                       5      19 
                                 19       5       7      14       8              20  20  -1   5   5   5   5   5   5      19 
                                 19       5       7      14       8              20      16                              19 
                                 19       5       7      14       8              20  20  -2  19  19  19  19  19  19  19  19 
                                 19       5       7      14       8                      17                                 
 12  12  12  12  12  12  12      19       5       7      14       8                      17                                 
 12                      12      19       5       7      14       8                      17                                 
 12      18  18  18  18  -1  19  19       5       7      14  14  -2  13  13  13  13  13  -1  12  12                         
 12      18              11               5       7               9                      18      12                         
 12      18       4   4  -1   3   3   3  -2   2  -1   1   1   1  -2   4   4              18      12                         
 12      18       4      10               6       6              10       4              18      12                         
 12      18       4      10               6   6   6              10       4              18      12                         
 12      18       4      10                                      10       4              18      12                         
 12      18       4      10  10  10  10  10  10  10  10  10  10  10       4              18      12                         
 12      18       4                                                       4              18      12                         
 12      18       4   4   4   4   4   4   4   4   4   4   4   4   4   4   4              18      12                         
 12      18                                                                              18      12                         
 12      18  18  18  18  18  18  18  18  18  18  18  18  18  18  18  18  18  18  18  18  18      12                         
 12                                                                                              12                         
 12  12  12  12  12  12  12  12  12  12  12  12  12  12  12  12  12  12  12  12  12  12  12  12  12                         
