  4   4   4   4   4   4   4                                                                                         
  4                       4                                                                                         
  4      10  10  10  10  -1  11  11  11  11  11  11  11  11  11  11  11  11  11  11  11  11  11  11  11  11  11  11 
  4      10               3                                                                                      11 
  4      10               3               5   5   5   5   5   5   5   5   5   5   5   5   5                      11 
  4      10               3               5                                               5                      11 
  4      10               3               5       7   7   7   7   7   7   7   7   7       5                      11 
  4      10               3               5       7                               7       5                      11 
  4      10               3               5       7      17  17  17  17  17       7       5                      11 
  4      10               3               5       7      17              17       7       5                      11 
  4      10       6   6  -1   5   5   5   5       7      17       8   8  -2   7   7       5                      11 
  4      10       6       2                       7      17       8      16               5                      11 
  4      10       6   6  -2   7   7   7   7   7   7      17       8   8  -1   5   5   5   5                      11 
  4      10               1                              17              15                                      11 
  4      10               1      17  17  17  17  17  17  17              15                                      11 
  4      10               1      17                                      15                                      11 
  4      10               1      17                                      15                      19  19  19      11 
  4      10               1      17                                      15                      19      19      11 
  4      10  10  10  10  -2   9  -2  14  14  14  14  14  14  14  14  14  -1  13  13  13  13  13  -2  12  -1  11  11 
  4                       4      18                                      20                      20      18         
  4                       4      18                                      20  20  20  20  20  20  20      18         
  4                       4      18                                                                      18         
  4                       4      18  18  18  18  18  18  18  18  18  18  18  18  18  18  18  18  18  18  18         
  4                       4                                                                                         
  4   4   4   4   4   4   4                                                                                         
