 19  19  19  19  19  19  19  19  19  19  19  19  19  19  19  19  19  19  19  19  19  19  19                         
 19                                                                                      19                         
 19       3   3   3   3   3   3   3   3   3   3   3   3   3   3   3   3   3   3   3      19                         
 19       3                                                                       3      19                         
 19       3      20  20  20  20  20  20  20  20  20  20  20  20  20  20  20       3      19                         
 19       3      20                                                      20       3      19                         
 19       3      20       9   9   9   9   9   9   9   9   9   9   9      20       3      19                         
 19       3      20       9                                       9      20       3      19                         
 19       3      20       9                      13  13  13  13  -1  20  20       3      19                         
 19       3      20       9                      13              10               3      19                         
 19       3      20       9      15  15  15      13              10               3      19                         
 19       3      20       9      15      15      13              10               3      19                         
 19       3   3  -1   2  -1   1  -2   6  -1   5  -2   4   4   4  -2   3   3   3   3      19                         
 19              19       8      16      14      14              11                      19                         
 19  19  19  19  19       8      16      14      14              11                      19                         
                          8      16      14      14              11                      19                         
                          8      16      14  14  14              11                      19                         
                          8      16                              11                      19                         
                          8      16                      18  18  -2  19  19  19  19  19  19                         
                          8      16                      18      12                                                 
                          8      16                      18      12                               8   8   8   8   8 
                          8      16                      18      12                               8               8 
                          8      16                      18  18  -1  17  17  17  17  17  17  17  -2  16  16       8 
                          8      16                               7                               7      16       8 
                          8      16                               7   7   7   7   7   7   7   7   7      16       8 
                          8      16                                                                      16       8 
                          8      16  16  16  16  16  16  16  16  16  16  16  16  16  16  16  16  16  16  16       8 
                          8                                                                                       8 
                          8   8   8   8   8   8   8   8   8   8   8   8   8   8   8   8   8   8   8   8   8   8   8 
