                                         17  17  17  17  17  17  17  17  17  17  17  17  17         
                                         17                                              17         
                                         17      11  11  11  11  11  11  11  11  11      17         
                                         17      11                              11      17         
                                         17      11              16  16  16  16  -1  17  17         
                                         17      11              16              12                 
                  8   8   8   8   8      17      11              16              12                 
                  8               8      17      11              16              12                 
  6   6   6   6  -2   1   1   1  -1   2  -2   3  -2   4   4   4  -1   5   5   5  -1   6   6   6   6 
  6               7               9      18      10              15              13               6 
  6      13  13  -1  14  14       9   9  -1  10  10      19  19  -1  20  20      13               6 
  6      13      20      14              19              19      14      20      13               6 
  6      13      20      14              19  19  19  19  19      14      20      13               6 
  6      13      20      14                                      14      20      13               6 
  6      13      20      14  14  14  14  14  14  14  14  14  14  14      20      13               6 
  6      13      20                                                      20      13               6 
  6      13      20  20  20  20  20  20  20  20  20  20  20  20  20  20  20      13               6 
  6      13                                                                      13               6 
  6      13  13  13  13  13  13  13  13  13  13  13  13  13  13  13  13  13  13  13               6 
  6                                                                                               6 
  6   6   6   6   6   6   6   6   6   6   6   6   6   6   6   6   6   6   6   6   6   6   6   6   6 
