 10  10  10  10  10  10  10  10  10  10  10  10  10  10  10  10  10  10  10  10  10  10  10                 
 10                                                                                      10                 
 10      15  15  15  15  15  15  15  15  15  15  15  15  15  15  15  15  15  15  15      10                 
 10      15                                                                      15      10                 
 10      15      17  17  17  17  17  17  17  17  17  17  17  17  17  17  17      15      10                 
 10      15      17                                                      17      15      10                 
 10      15      17                               6   6   6   6   6      17      15      10                 
 10      15      17                               6               6      17      15      10                 
 10  10  -1  11  -2  12  12  12  12  12  12  12  -1  13  13       6      17      15      10                 
         16      16                               5      13       6      17      15      10                 
         16  16  16                               5      13       6      17      15      10                 
                                                  5      13       6      17      15      10                 
                         14  14  14  14  14  14  -2  13  13       6      17      15  15  -1  14  14  14  14 
                         14                      20               6      17               9              14 
                         14       4   4   4   4  -2   1   1   1  -1   2  -2   3   3   3  -1   4   4      14 
                         14       4              19               7      18               8       4      14 
                         14       4       8   8  -1   7   7   7   7      18               8       4      14 
                         14       4       8      18                      18               8       4      14 
                         14       4       8      18  18  18  18  18  18  18               8       4      14 
                         14       4       8                                               8       4      14 
                         14       4       8   8   8   8   8   8   8   8   8   8   8   8   8       4      14 
                         14       4                                                               4      14 
                         14       4   4   4   4   4   4   4   4   4   4   4   4   4   4   4   4   4      14 
                         14                                                                              14 
                         14  14  14  14  14  14  14  14  14  14  14  14  14  14  14  14  14  14  14  14  14 
