 15  15  15  15  15  15  15  15  15  15  15  15  15  15  15  15  15  15  15                                                 
 15                                                                      15                                                 
 15       3   3   3   3   3   3   3   3   3   3   3   3   3   3   3      15                                                 
 15       3                                                       3      15                                                 
 15       3      16  16  16  16  16  16  16  16  16  16  16       3      15                                                 
 15       3      16                                      16       3      15                                                 
 15       3      16       7   7   7   7   7   7   7      16       3      15                                                 
 15       3      16       7                       7      16       3      15                                                 
 15       3      16       7      17  17  17  17  -2  16  16       3      15                                                 
 15       3      16       7      17               8               3      15                                                 
 15       3   3  -1   2  -1   1  -2   4   4   4  -2   3   3   3   3      15                                                 
 15              15       6      18               9                      15                                                 
 15  15  15  15  15       6      18               9                      15                                                 
                          6      18               9                      15                                                 
                          6      18               9                      15       6   6   6   6   6   6   6   6   6   6   6 
                          6      18               9                      15       6                                       6 
                          6      18               9                      15       6      18  18  18  18  18  18  18       6 
                          6      18               9                      15       6      18                      18       6 
                          6      18      11  11  -1  14  14  14  14  14  -2  13  -1  12  -2  11  11  11  11      18       6 
                          6      18      11      10                      20       5      19              11      18       6 
                          6      18      11      10                      20       5   5  -1  10  10      11      18       6 
                          6      18      11      10                      20              20      10      11      18       6 
                          6      18      11      10                      20  20  20  20  20      10      11      18       6 
                          6      18      11      10                                              10      11      18       6 
                          6      18      11      10  10  10  10  10  10  10  10  10  10  10  10  10      11      18       6 
                          6      18      11                                                              11      18       6 
                          6      18      11  11  11  11  11  11  11  11  11  11  11  11  11  11  11  11  11      18       6 
                          6      18                                                                              18       6 
                          6      18  18  18  18  18  18  18  18  18  18  18  18  18  18  18  18  18  18  18  18  18       6 
                          6                                                                                               6 
                          6   6   6   6   6   6   6   6   6   6   6   6   6   6   6   6   6   6   6   6   6   6   6   6   6 
