                         15  15  15  15  15  15  15  15  15  15  15  15  15  15  15  15  15  15  15                 
                         15                                                                      15                 
                         15      17  17  17  17  17  17  17  17  17  17  17  17  17  17  17      15                 
                         15      17                                                      17      15                 
                         15      17       1   1   1   1   1   1   1   1   1              17      15                 
                         15      17       1                               1              17      15                 
                         15      17       1       3   3   3   3   3       1              17      15                 
                         15      17       1       3               3       1              17      15                 
                         15      17       1       3      12  12  -2  13  -1  14  14  14  -1  15  15                 
                         15      17       1       3      12       4       4              18                         
                         15      17       1       3      12       4   4   4              18                         
                         15      17       1       3      12                              18                         
                         15      17       1       3      12  12  12  12  12  12  12      18                         
                         15      17       1       3                              12      18                         
                         15      17       1       3   3   3   3   3   3   3      12      18                         
                         15      17       1                               3      12      18                         
                         15      17       1   1   1   1   1   1   1       3      12      18                         
                         15      17                               1       3      12      18                         
                         15      17                               1       3      12  12  -1  11  11  11  11  11  11 
                         15      17                               1       3              19                      11 
 11  11  11  11  11      15      17                               1       3              19                      11 
 11              11      15      17                               1       3              19                      11 
 11      10  10  -1   9  -1   8  -2   7   7   7   7   7   7   7  -2   6  -1   5   5   5  -2  10  10  10  10      11 
 11      10      20      16      16                               2       2              20              10      11 
 11      10      20      16  16  16                               2       2              20              10      11 
 11      10      20                                               2       2              20              10      11 
 11      10      20                                               2   2   2              20              10      11 
 11      10      20                                                                      20              10      11 
 11      10      20  20  20  20  20  20  20  20  20  20  20  20  20  20  20  20  20  20  20              10      11 
 11      10                                                                                              10      11 
 11      10  10  10  10  10  10  10  10  10  10  10  10  10  10  10  10  10  10  10  10  10  10  10  10  10      11 
 11                                                                                                              11 
 11  11  11  11  11  11  11  11  11  11  11  11  11  11  11  11  11  11  11  11  11  11  11  11  11  11  11  11  11 
