                         18  18  18  18  18  18  18  18  18  18  18  18  18  18  18         
                         18                                                      18         
                         18                      16  16  16  16  16  16  16      18         
                         18                      16                      16      18         
                         18                      16       2   2   2      16      18         
                         18                      16       2       2      16      18         
          4   4   4      18                      16       2       2      16      18         
          4       4      18                      16       2       2      16      18         
          4       4      18      20  20  20      16       2       2      16      18         
          4       4      18      20      20      16       2       2      16      18         
  9   9  -1  10  -2  11  -2  12  -1  13  -2  14  -1   5  -1   6  -2   7  -2   8  -1   9   9 
  9       1       3      19      19      15      15       3       1      17      17       9 
  9       1       3      19  19  19      15      15       3       1      17      17       9 
  9       1       3                      15      15       3       1      17      17       9 
  9       1       3                      15      15       3       1      17  17  17       9 
  9       1       3                      15      15       3       1                       9 
  9       1       3                      15  15  15       3       1                       9 
  9       1       3                                       3       1                       9 
  9       1       3   3   3   3   3   3   3   3   3   3   3       1                       9 
  9       1                                                       1                       9 
  9       1   1   1   1   1   1   1   1   1   1   1   1   1   1   1                       9 
  9                                                                                       9 
  9   9   9   9   9   9   9   9   9   9   9   9   9   9   9   9   9   9   9   9   9   9   9 
