                 14  14  14  14  14  14  14  14  14  14  14  14  14  14  14  14  14  14  14  14  14  14  14  14  14 
                 14                                                                                              14 
                 14       8   8   8   8   8   8   8   8   8   8   8   8   8   8   8   8   8   8   8   8   8      14 
                 14       8                                                                               8      14 
                 14       8              17  17  17  17  17  17  17  17  17  17  17  17  17  17  17       8      14 
                 14       8              17                                                      17       8      14 
                 14       8              17      16  16  16  16  16  16  16  16  16  16  16      17       8      14 
                 14       8              17      16                                      16      17       8      14 
                 14       8              17      16      20  20  20  20  20  20  20  20  -1  17  17       8      14 
                 14       8              17      16      20                              15               8      14 
                 14       8              17      16      20               2   2   2      15               8      14 
                 14       8              17      16      20               2       2      15               8      14 
                 14       8              17      16  16  -1   5   5   5  -1   6  -2   7  -2   8   8   8   8      14 
                 14       8              17              19               3       1      14                      14 
                 14       8              17              19               3       1      14  14  14  14  14  14  14 
                 14       8              17              19               3       1                                 
                 14  14  -2  13  13  13  -1  12  12  12  -2  11  11       3       1                                 
                          9              18              18      11       3       1                                 
                          9              18  18  18  18  18      11       3       1                                 
                          9                                      11       3       1                                 
  1   1   1   1   1   1  -2   4   4                              11       3       1                                 
  1                      10       4                              11       3       1                                 
  1       3   3   3   3  -1   4   4                              11       3       1                                 
  1       3              11                                      11       3       1                                 
  1       3              11  11  11  11  11  11  11  11  11  11  11       3       1                                 
  1       3                                                               3       1                                 
  1       3   3   3   3   3   3   3   3   3   3   3   3   3   3   3   3   3       1                                 
  1                                                                               1                                 
  1   1   1   1   1   1   1   1   1   1   1   1   1   1   1   1   1   1   1   1   1                                 
