  3   3   3   3   3   3   3   3   3   3   3                                                 
  3                                       3                                                 
  3                               8   8  -1   7   7   7   7   7   7   7   7   7   7   7   7 
  3                               8       2                                               7 
  3                               8   8  -2   9   9   9   9   9   9   9   9   9   9       7 
  3                                       1                                       9       7 
  3      17  17  17  17  17  17  17  17  -1  18  18                               9       7 
  3      17                               6      18                               9       7 
  3      17                               6      18      20  20  20  20  20       9       7 
  3      17                               6      18      20              20       9       7 
  3      17      12  12  12  12  12  12  -1  13  -1  14  -2  15  15      20       9       7 
  3      17      12                       5      19      19      15      20       9       7 
  3      17      12                       5      19  19  19      15      20       9       7 
  3      17      12                       5                      15      20       9       7 
  3      17      12      16  16  16  16  -2  15  15  15  15  15  15      20       9       7 
  3      17      12      16               4                              20       9       7 
  3      17      12      16               4      20  20  20  20  20  20  20       9       7 
  3      17      12      16               4      20                               9       7 
  3      17      12  12  -2  11  11  11  -2  10  -1   9   9   9   9   9   9   9   9       7 
  3      17              17               3       7                                       7 
  3      17  17  17  17  17               3       7                                       7 
  3                                       3       7                                       7 
  3                                       3       7   7   7   7   7   7   7   7   7   7   7 
  3                                       3                                                 
  3   3   3   3   3   3   3   3   3   3   3                                                 
