                                  4   4   4   4   4   4   4   4   4   4   4   4   4   4   4   4   4   4   4 
                                  4                                                                       4 
                                  4      20  20  20  20  20  20  20  20  20  20  20  20  20  20  20       4 
                                  4      20                                                      20       4 
                                  4      20               6   6   6   6   6   6   6              20       4 
                                  4      20               6                       6              20       4 
                                  4      20               6      15  15  15  15  -1  14  14      20       4 
                                  4      20               6      15               5      14      20       4 
                                  4      20               6      15      13  13  -2  14  14      20       4 
                                  4      20               6      15      13      12              20       4 
                                  4      20               6      15      13  13  -1  20  20  20  20       4 
                                  4      20               6      15              11                       4 
                                  4   4  -1   1   1   1  -1   2  -2   3   3   3  -2   4   4   4   4   4   4 
                                         19               7      16              10                         
 10  10  10  10  10  10  10  10  10  10  -1   9   9       7      16              10                         
 10                                      18       9       7      16              10                         
 10      16  16  16  16  16              18       9       7      16              10                         
 10      16              16              18       9       7      16              10                         
 10      16       7   7  -1   8   8   8  -2   9   9       7      16              10                         
 10      16       7      17              17               7      16              10                         
 10      16       7      17  17  17  17  17               7      16              10                         
 10      16       7                                       7      16              10                         
 10      16       7   7   7   7   7   7   7   7   7   7   7      16              10                         
 10      16                                                      16              10                         
 10      16  16  16  16  16  16  16  16  16  16  16  16  16  16  16              10                         
 10                                                                              10                         
 10  10  10  10  10  10  10  10  10  10  10  10  10  10  10  10  10  10  10  10  10                         
