 20  20  20  20  20  20  20  20  20  20  20  20  20  20  20  20  20  20  20  20  20  20  20                 
 20                                                                                      20                 
 20      17  17  17  17  17  17  17  17  17  17  17  17  17  17  17  17  17  17  17      20                 
 20      17                                                                      17      20                 
 20      17      13  13  13  13  13  13  13  13  13  13  13  13  13  13  13      17      20                 
 20      17      13                                                      13      17      20                 
 20      17      13                      11  11  11  11  11  11  11      13      17      20                 
 20      17      13                      11                      11      13      17      20                 
 20      17  17  -1  16  16  16  16  16  -2  15  15  15  15      11      13      17      20                 
 20              14                      10              15      11      13      17      20                 
 20              14  14  14  14  14  14  -1  15  15  15  15      11      13      17      20                 
 20                                       9                      11      13      17      20                 
 20  20  20  20  20  20  20  20  20  20  -2  19  19              11      13      17      20                 
                                          8      19              11      13      17      20                 
                         18  18  18  18  -1  19  19              11      13      17  17  -2  18  18  18  18 
                         18               7                      11      13               5              18 
                         18       2   2  -1   1   1   1   1   1  -1   4  -2   3   3   3  -2   2   2      18 
                         18       2       6                      12      12               6       2      18 
                         18       2       6                      12  12  12               6       2      18 
                         18       2       6                                               6       2      18 
                         18       2       6   6   6   6   6   6   6   6   6   6   6   6   6       2      18 
                         18       2                                                               2      18 
                         18       2   2   2   2   2   2   2   2   2   2   2   2   2   2   2   2   2      18 
                         18                                                                              18 
                         18  18  18  18  18  18  18  18  18  18  18  18  18  18  18  18  18  18  18  18  18 
