                 20  20  20  20  20  20  20  20  20  20  20  20  20  20  20  20  20         
                 20                                                              20         
                 20      10  10  10  10  10  10  10  10  10  10  10  10  10      20         
                 20      10                                              10      20         
                 20  20  -1  11  11  11  11  11  11  11  11  11  11      10      20         
                          9                                      11      10      20         
                          9              18  18  18  18  18      11      10      20         
                          9              18              18      11      10      20         
         16  16  16  16  -2  15  15  15  -1  14  14      18      11      10      20         
         16               8              17      14      18      11      10      20         
         16               8      17  17  17      14      18      11      10      20         
         16               8      17              14      18      11      10      20         
         16               8      17      14  14  14      18      11      10      20         
         16               8      17      14              18      11      10      20         
         16  16  16  16  -1  17  17      14              18  18  -1  19  -2  20  20         
                          7              14                      12       5                 
  2   2   2   2   2   2  -1   1   1   1  -1   4   4   4   4   4  -2   3  -2   2   2   2   2 
  2                       6              13                      13       6               2 
  2                       6              13  13  13  13  13  13  13       6               2 
  2                       6                                               6               2 
  2                       6   6   6   6   6   6   6   6   6   6   6   6   6               2 
  2                                                                                       2 
  2   2   2   2   2   2   2   2   2   2   2   2   2   2   2   2   2   2   2   2   2   2   2 
