  3   3   3   3   3   3   3   3   3   3   3   3   3   3   3                                         
  3                                                       3                                         
  3      14  14  14  14  14  14  14  14  14  14  14       3                                         
  3      14                                      14       3                                         
  3      14       7   7   7   7   7   7   7      14       3                                         
  3      14       7                       7      14       3                                         
  3      14       7      15  15  15  15  -2  14  14       3                                         
  3      14       7      15               8               3                                         
  3   3  -1   2  -1   1  -2   4   4   4  -2   3   3   3   3                                         
         13       6      16               9                                                         
         13       6      16               9                       5   5   5   5   5   5   5         
         13       6      16               9                       5                       5         
         13       6      16               9                       5      17  17  17       5         
         13       6      16               9                       5      17      17       5         
         13       6      16      18  18  -1  19  19  19  19  19  -2  20  -1  11  -2  12  -1  13  13 
         13       6      16      18      10                      10      18      16       6      13 
         13       6      16      18      10  10  10  10  10  10  10      18      16       6      13 
         13       6      16      18                                      18      16       6      13 
         13       6      16      18  18  18  18  18  18  18  18  18  18  18      16       6      13 
         13       6      16                                                      16       6      13 
         13       6      16  16  16  16  16  16  16  16  16  16  16  16  16  16  16       6      13 
         13       6                                                                       6      13 
         13       6   6   6   6   6   6   6   6   6   6   6   6   6   6   6   6   6   6   6      13 
         13                                                                                      13 
         13  13  13  13  13  13  13  13  13  13  13  13  13  13  13  13  13  13  13  13  13  13  13 
