 14  14  14  14  14  14  14  14  14  14  14  14  14  14  14  14  14  14  14  14  14  14  14                 
 14                                                                                      14                 
 14      19  19  19  19  19  19  19  19  19  19  19  19  19  19  19  19  19  19  19  19  -1  18  18  18  18 
 14      19                                                                              13              18 
 14      19                                               2   2   2   2   2              13              18 
 14      19                                               2               2              13              18 
 14      19      15  15  15  15  15                       2               2              13              18 
 14      19      15              15                       2               2              13              18 
 14      19  19  -2  20  20  20  -1   5   5   5   5   5  -1   6   6   6  -2   7   7   7  -1   8   8      18 
 14              14              16                       3               1              12       8      18 
 14  14  14  14  14              16                       3               1              12       8      18 
                                 16                       3               1              12       8      18 
                          9   9  -2  10  10  10  10       3      11  11  -1  12  12  12  12       8      18 
                          9      17              10       3      11       4                       8      18 
                          9   9  -1   8   8      10       3      11  11  -2  10  10               8      18 
                                 18       8      10       3               3      10               8      18 
                                 18       8      10       3   3   3   3   3      10               8      18 
                                 18       8      10                              10               8      18 
                                 18       8      10  10  10  10  10  10  10  10  10               8      18 
                                 18       8                                                       8      18 
                                 18       8   8   8   8   8   8   8   8   8   8   8   8   8   8   8      18 
                                 18                                                                      18 
                                 18  18  18  18  18  18  18  18  18  18  18  18  18  18  18  18  18  18  18 
