  4   4   4   4   4   4   4   4   4   4   4   4   4   4   4   4   4                                         
  4                                                               4                                         
  4      18  18  18  18  18  18  18  18  18  18  18  18  18       4                                         
  4      18                                              18       4                                         
  4      18      12  12  12  12  12  12  12  12  12      18       4                                         
  4      18      12                              12      18       4                                         
  4      18  18  -1  19  19  19  19  19  19      12      18       4                                         
  4              11                      19      12      18       4                                         
  4              11       9   9   9      19      12      18       4                                         
  4              11       9       9      19      12      18       4                                         
  4   4   4   4  -1   3  -2   2  -1   1  -2   6  -2   5  -1   4   4                                         
                 10      10       8      20      13      17                                                 
                 10  10  10       8      20      13      17                                                 
                                  8      20      13      17                                                 
                                  8      20      13      17               8   8   8   8   8   8   8   8   8 
                                  8      20      13      17               8                               8 
                                  8      20      13      17               8      20  20  20  20  20       8 
                                  8      20      13      17               8      20              20       8 
                                  8      20      13  13  -1  14  14  14  -2  15  -1  16  16      20       8 
                                  8      20              16               7       7      16      20       8 
                                  8      20              16               7   7   7      16      20       8 
                                  8      20              16                              16      20       8 
                                  8      20              16  16  16  16  16  16  16  16  16      20       8 
                                  8      20                                                      20       8 
                                  8      20  20  20  20  20  20  20  20  20  20  20  20  20  20  20       8 
                                  8                                                                       8 
                                  8   8   8   8   8   8   8   8   8   8   8   8   8   8   8   8   8   8   8 
