         15  15  15  15  15  15  15  15  15  15  15  15  15  15  15  15  15  15  15  15  15  15  15  15  15  15  15 
         15                                                                                                      15 
         15      17  17  17  17  17  17  17  17  17  17  17  17  17  17  17  17  17  17  17  17  17  17  17      15 
         15      17                                                                                      17      15 
         15      17       6   6   6   6   6                                                              17      15 
         15      17       6               6                                                              17      15 
         15      17       6               6      11  11  11  11  11  11  11  11  11  11  11  11  11      17      15 
         15      17       6               6      11                                              11      17      15 
         15      17       6               6      11      19  19  19  19  19  19  19  19  19      11      17      15 
         15      17       6               6      11      19                              19      11      17      15 
         15      17  17  -1  16  16       6      11      19      10  10  10  10  10  10  -1  11  11      17      15 
         15               5      16       6      11      19      10                      20              17      15 
         15  15  15  15  -2  16  16       6      11      19  19  -1  18  18  18  18  18  -2  17  17  17  17      15 
                         14               6      11               9                      15                      15 
                         14               6      11               9                      15  15  15  15  15  15  15 
                         14               6      11               9                                                 
  4   4   4   4   4   4  -2   1   1   1  -1   2  -2   3   3   3  -1   4   4   4   4                                 
  4                      13               7      12               8               4                                 
  4                      13               7      12  12  12  12  -2  13  13       4                                 
  4                      13               7                       7      13       4                                 
  4                      13               7   7   7   7   7   7   7      13       4                                 
  4                      13                                              13       4                                 
  4                      13  13  13  13  13  13  13  13  13  13  13  13  13       4                                 
  4                                                                               4                                 
  4   4   4   4   4   4   4   4   4   4   4   4   4   4   4   4   4   4   4   4   4                                 
