                                                          3   3   3   3   3   3   3   3   3 
                                                          3                               3 
 15  15  15  15  15  15  15  15  15  15  15  15  15  15  -1  16  16  16  16  16  16       3 
 15                                                       2                      16       3 
 15       6   6   6   6   6   6   6   6   6   6   6   6  -2   7   7   7   7      16       3 
 15       6                                               1               7      16       3 
 15       6                                      18  18  -2  17  17       7      16       3 
 15       6                                      18       4      17       7      16       3 
 15       6              12  12  12  12  12      18       4      17       7      16       3 
 15       6              12              12      18       4      17       7      16       3 
 15       6   6   6   6  -2   5   5   5  -1  10  -2   9  -1   8  -1   7   7      16       3 
 15                      13              11      19       3      16              16       3 
 15                      13              11      19       3      16  16  16  16  16       3 
 15                      13              11      19       3                               3 
 15                      13              11      19       3   3   3   3   3   3   3   3   3 
 15                      13              11      19                                         
 15  15  15  15  15  15  -1  20  20      11      19                                         
                         14      20      11      19                                         
                 19  19  -2  20  20      11      19                                         
                 19      11              11      19                                         
                 19      11  11  11  11  11      19                                         
                 19                              19                                         
                 19  19  19  19  19  19  19  19  19                                         
