         13  13  13  13  13  13  13  13  13  13  13  13  13  13  13  13  13  13  13  13  13         
         13                                                                              13         
         13      15  15  15  15  15  15  15  15  15  15  15  15  15  15  15  15  15      13         
         13      15                                                              15      13         
         13      15              17  17  17  17  17  17  17  17  17  17  17      15      13         
         13      15              17                                      17      15      13         
         13      15              17       8   8   8   8   8   8   8      17      15      13         
         13      15              17       8                       8      17      15      13         
         13      15              17       8              16  16  -1  17  17      15      13         
         13      15              17       8              16       7              15      13         
         13      15              17       8              16  16  -2  15  15  15  15      13         
         13      15              17       8                      12                      13         
         13      15              17       8      20  20  20  20  -1  13  13  13  13  13  13         
         13      15              17       8      20              11                                 
  4   4  -1   5  -2   6   6   6  -1   1  -1   2  -2   3   3   3  -2   4   4   4   4   4   4   4   4 
  4      14      14              18       9      19              10                               4 
  4      14  14  14              18       9      19              10                               4 
  4                              18       9      19              10                               4 
  4                      10  10  -1   9   9      19              10                               4 
  4                      10      19              19              10                               4 
  4                      10      19  19  19  19  19              10                               4 
  4                      10                                      10                               4 
  4                      10  10  10  10  10  10  10  10  10  10  10                               4 
  4                                                                                               4 
  4   4   4   4   4   4   4   4   4   4   4   4   4   4   4   4   4   4   4   4   4   4   4   4   4 
