 14  14  14  14  14  14  14  14  14  14  14  14  14  14  14  14  14  14  14  14  14         
 14                                                                              14         
 14                      16  16  16  16  16  16  16  16  16                      14         
 14                      16                              16                      14         
 14                      16       3   3   3   3   3      16                      14         
 14                      16       3               3      16                      14         
 14                      16       3       6   6  -1   5  -1   8   8   8   8   8  -2   7   7 
 14                      16       3       6       2      15                      15       7 
 14                      16       3       6       2      15  15  15  15  15  15  15       7 
 14                      16       3       6       2                                       7 
 14                      16       3       6   6  -2   7   7   7   7   7   7   7   7   7   7 
 14                      16       3               1                                         
 14                      16       3               1      18  18  18  18  18                 
 14                      16       3               1      18              18                 
 14      19  19  19      16       3               1      18              18                 
 14      19      19      16       3               1      18              18                 
 14  14  -1  13  -2  12  -1  11  -1  10  10  10  -2   9  -2  20  20      18                 
         18      20      17       4               4      17      20      18                 
         18      20      17       4   4   4   4   4      17      20      18                 
         18      20      17                              17      20      18                 
         18      20      17  17  17  17  17  17  17  17  17      20      18                 
         18      20                                              20      18                 
         18      20  20  20  20  20  20  20  20  20  20  20  20  20      18                 
         18                                                              18                 
         18  18  18  18  18  18  18  18  18  18  18  18  18  18  18  18  18                 
