                         20  20  20  20  20  20  20  20  20  20  20  20  20  20  20  20  20  20  20  20  20  20  20 
                         20                                                                                      20 
                         20      18  18  18  18  18  18  18  18  18  18  18  18  18  18  18  18  18  18  18      20 
                         20      18                                                                      18      20 
                         20      18       3   3   3   3   3   3   3   3   3   3   3   3   3   3   3      18      20 
                         20      18       3                                                       3      18      20 
                         20      18       3                               6   6   6   6   6       3      18      20 
                         20      18       3                               6               6       3      18      20 
                         20      18       3      13  13  13  13  13       6               6       3      18      20 
                         20      18       3      13              13       6               6       3      18      20 
                         20      18       3   3  -1   4   4   4  -2   1  -1   2   2   2  -2   3   3      18      20 
                         20      18              12              14       7               5              18      20 
                         20      18  18  18  18  -2  19  19      14       7      17  17  -1  18  18  18  18      20 
                         20                      11      19      14       7      17      20                      20 
                         20                      11      19      14       7      17      20  20  20  20  20  20  20 
                         20                      11      19      14       7      17                                 
                         20  20  20  20  20  20  -1  19  19      14       7      17                                 
                                                 10              14       7      17                                 
          8   8   8                              10              14       7      17                                 
          8       8                              10              14       7      17                                 
 17  17  -1  16  -2  15  15  15  15  15  15  15  -1  14  14  14  14       7      17                                 
 17       7       9                               9                       7      17                                 
 17       7       9   9   9   9   9   9   9   9   9                       7      17                                 
 17       7                                                               7      17                                 
 17       7   7   7   7   7   7   7   7   7   7   7   7   7   7   7   7   7      17                                 
 17                                                                              17                                 
 17  17  17  17  17  17  17  17  17  17  17  17  17  17  17  17  17  17  17  17  17                                 
