                                  4   4   4   4   4   4   4   4   4   4   4   4   4   4   4   4   4   4   4   4   4 
                                  4                                                                               4 
                                  4      16  16  16  16  16  16  16  16  16  16  16  16  16  16  16  16  16       4 
                                  4      16                                                              16       4 
                                  4      16      12  12  12  12  12  12  12  12  12  12  12  12  12      16       4 
                                  4      16      12                                              12      16       4 
                                  4      16      12      17  17  17  17  17  17  17  17  17      12      16       4 
                                  4      16      12      17                              17      12      16       4 
                                  4      16      12      17       3   3   3   3   3      17      12      16       4 
                                  4      16      12      17       3               3      17      12      16       4 
                                  4      16      12      17  17  -2  18  18       3      17      12      16       4 
                                  4      16      12               2      18       3      17      12      16       4 
 19  19  19  19  19  19  19  19  -1  20  -2   7  -1   8   8   8  -2   9  -2  10  -1  11  -1  12  12      16       4 
 19                               5      15      13               1      19       4      16              16       4 
 19                               5      15      13               1      19       4      16  16  16  16  16       4 
 19                               5      15      13               1      19       4                               4 
 19                               5      15      13               1      19       4   4   4   4   4   4   4   4   4 
 19                               5      15      13               1      19                                         
 19       1   1   1   1   1       5      15      13               1      19                                         
 19       1               1       5      15      13               1      19                                         
 19       1      13  13  -1  14  -2  15  15      13               1      19                                         
 19       1      13       6       6              13               1      19                                         
 19       1      13       6   6   6              13               1      19                                         
 19       1      13                              13               1      19                                         
 19       1      13  13  13  13  13  13  13  13  13               1      19                                         
 19       1                                                       1      19                                         
 19       1   1   1   1   1   1   1   1   1   1   1   1   1   1   1      19                                         
 19                                                                      19                                         
 19  19  19  19  19  19  19  19  19  19  19  19  19  19  19  19  19  19  19                                         
