  6   6   6   6   6   6   6   6   6   6   6   6   6   6   6   6   6   6   6                 
  6                                                                       6                 
  6      13  13  13  13  13  13  13  13  13  13  13  13  13  13  13       6                 
  6      13                                                      13       6                 
  6      13       9   9   9   9   9   9   9   9   9   9   9      13       6                 
  6      13       9                                       9      13       6                 
  6      13       9       4   4   4   4   4               9      13       6                 
  6      13       9       4               4               9      13       6                 
  6      13       9   9  -2   8   8       4               9      13  13  -1  12  12  12  12 
  6      13               3       8       4               9               5              12 
  6      13  13  13  13  -1  14  -2  15  -1  16  16  16  -1  17  17  17  -2  18  18      12 
  6                       2       7       1              10              20      18      12 
  6   6   6   6   6   6  -2   7   7       1      19  19  -2  20  20  20  20      18      12 
                          1               1      19      11                      18      12 
                          1   1   1   1   1      19      11                      18      12 
                                                 19      11                      18      12 
                                                 19  19  -1  18  18  18  18  18  18      12 
                                                         12                              12 
                                                         12  12  12  12  12  12  12  12  12 
