                  8   8   8   8   8   8   8   8   8   8   8   8   8   8   8   8   8   8   8   8   8   8   8   8   8 
                  8                                                                                               8 
                  8      16  16  16  16  16  16  16  16  16  16  16  16  16  16  16  16  16  16  16  16  16       8 
                  8      16                                                                              16       8 
                  8      16       9   9   9   9   9   9   9   9   9   9   9   9   9   9   9   9   9      16       8 
                  8      16       9                                                               9      16       8 
                  8      16       9      11  11  11  11  11  11  11                               9      16       8 
                  8      16       9      11                      11                               9      16       8 
                  8      16       9      11      18  18  18  18  -2  19  19                       9      16       8 
                  8      16       9      11      18              12      19                       9      16       8 
                  8      16       9      11      18      20  20  -1  19  19                       9      16       8 
                  8      16       9      11      18      20      13                               9      16       8 
                  8      16       9      11      18      20  20  -2  15  15  15  15  15  15  15  -2  16  16       8 
                  8      16       9      11      18              14                               8               8 
                  8      16       9      11      18              14                               8   8   8   8   8 
                  8      16       9      11      18              14                                                 
 17  17  17  17  -1  16  16       9      11      18  18  18  18  -1  17  17  17  17  17  17                         
 17               7               9      11                       5                      17                         
 17       2   2  -1   1   1   1  -2   4  -1   3   3   3   3   3  -2   2   2   2   2      17                         
 17       2       6              10      10                       6               2      17                         
 17       2       6              10  10  10                       6               2      17                         
 17       2       6                                               6               2      17                         
 17       2       6   6   6   6   6   6   6   6   6   6   6   6   6               2      17                         
 17       2                                                                       2      17                         
 17       2   2   2   2   2   2   2   2   2   2   2   2   2   2   2   2   2   2   2      17                         
 17                                                                                      17                         
 17  17  17  17  17  17  17  17  17  17  17  17  17  17  17  17  17  17  17  17  17  17  17                         
