 20  20  20  20  20  20  20  20  20  20  20  20  20  20  20  20  20  20  20  20  20  20  20  20  20 
 20                                                                                              20 
 20      14  14  14  14  14  14  14  14  14  14  14  14  14  14  14  14  14  14  14  14  14      20 
 20      14                                                                              14      20 
 20      14      19  19  19  19  19  19  19  19  19  19  19  19  19                      14      20 
 20      14      19                                              19                      14      20 
 20      14      19               4   4   4   4   4   4   4      19                      14      20 
 20      14      19               4                       4      19                      14      20 
 20      14  14  -1  15  15  15  -2  16  16  16  16       4      19                      14      20 
 20              20               5              16       4      19                      14      20 
 20  20  20  20  20               5              16       4      19                      14      20 
                                  5              16       4      19                      14      20 
                                  5              16       4      19       1   1   1      14      20 
                                  5              16       4      19       1       1      14      20 
                         13  13  -1  12  12  12  -2  11  -1  10  -2   9  -2   8  -1   7  -1  20  20 
                         13       6              17       3      18       2       6      13         
                         13       6       2   2  -1   3   3      18       2       6      13         
                         13       6       2      18              18       2       6      13         
                         13       6       2      18  18  18  18  18       2       6      13         
                         13       6       2                               2       6      13         
                         13       6       2   2   2   2   2   2   2   2   2       6      13         
                         13       6                                               6      13         
                         13       6   6   6   6   6   6   6   6   6   6   6   6   6      13         
                         13                                                              13         
                         13  13  13  13  13  13  13  13  13  13  13  13  13  13  13  13  13         
