                  8   8   8   8   8   8   8   8   8   8   8   8   8   8   8   8   8   8   8   8   8   8   8   8   8   8   8 
                  8                                                                                                       8 
                  8      17  17  17  17  17  17  17  17  17  17  17  17  17  17  17  17  17  17  17  17  17  17  17       8 
                  8      17                                                                                      17       8 
                  8      17      12  12  12  12  12  12  12  12  12  12  12  12  12  12  12  12  12  12  12      17       8 
                  8      17      12                                                                      12      17       8 
                  8      17      12      10  10  10  10  10                                              12      17       8 
                  8      17      12      10              10                                              12      17       8 
                  8      17      12      10              10              18  18  18  18  18  18  18      12      17       8 
                  8      17      12      10              10              18                      18      12      17       8 
                  8      17      12      10      15  15  -1  14  14  14  -2  13  13  13  13  13  -1  12  12      17       8 
                  8      17      12      10      15       9              19                      17              17       8 
                  8      17      12      10      15       9              19                      17  17  17  17  17       8 
                  8      17      12      10      15       9              19                                               8 
                  8      17      12      10      15       9   9   9   9  -1   8   8   8   8   8   8   8   8   8   8   8   8 
                  8      17      12      10      15                      20                                                 
                  8      17      12      10      15  15  15  15  15      20                                                 
                  8      17      12      10                      15      20                                                 
                  8      17      12      10  10  10  10  10      15      20                                                 
                  8      17      12                      10      15      20                                                 
 16  16  16  16  -1  17  17      12                      10      15  15  -2  16  16  16  16                                 
 16               7              12                      10               5              16                                 
 16       2   2  -1   1   1   1  -1   4   4   4   4   4  -2   3   3   3  -2   2   2      16                                 
 16       2       6              11                      11               6       2      16                                 
 16       2       6              11  11  11  11  11  11  11               6       2      16                                 
 16       2       6                                                       6       2      16                                 
 16       2       6   6   6   6   6   6   6   6   6   6   6   6   6   6   6       2      16                                 
 16       2                                                                       2      16                                 
 16       2   2   2   2   2   2   2   2   2   2   2   2   2   2   2   2   2   2   2      16                                 
 16                                                                                      16                                 
 16  16  16  16  16  16  16  16  16  16  16  16  16  16  16  16  16  16  16  16  16  16  16                                 
