                 14  14  14  14  14  14  14  14  14  14  14  14  14  14  14  14  14  14  14         
                 14                                                                      14         
                 14      12  12  12  12  12  12  12  12  12  12  12  12  12              14         
                 14      12                                              12              14         
                 14      12                                      15  15  -1  14  14  14  14         
                 14      12                                      15      11                         
                 14      12       6   6   6   6   6              15      11                         
                 14      12       6               6              15      11                         
                 14      12  12  -1  13  13       6              15  15  -2  16  16                 
                 14               5      13       6                      10      16                 
                 14  14  14  14  -2  13  13       6      17  17  17  17  -1  16  16                 
                                 20               6      17               9                         
  4   4   4   4   4   4   4   4  -2   1   1   1  -1   2  -2   3   3   3  -1   4   4   4   4   4   4 
  4                              19               7      18               8                       4 
  4       8   8   8   8   8   8  -1   7   7   7   7      18               8                       4 
  4       8                      18                      18               8                       4 
  4       8                      18  18  18  18  18  18  18               8                       4 
  4       8                                                               8                       4 
  4       8   8   8   8   8   8   8   8   8   8   8   8   8   8   8   8   8                       4 
  4                                                                                               4 
  4   4   4   4   4   4   4   4   4   4   4   4   4   4   4   4   4   4   4   4   4   4   4   4   4 
