  3   3   3   3   3   3   3   3   3   3   3   3   3   3   3   3   3   3   3   3   3   3   3   3   3   3   3   3   3         
  3                                                                                                               3         
  3                                                                              11  11  11  11  11               3         
  3                                                                              11              11               3         
  3                                                                              11       4   4  -2   3   3   3   3         
  3                                                                              11       4      10                         
  3      13  13  13  13  13  13  13  13  13  13  13  13  13  13  13  13  13      11       4      10                         
  3      13                                                              13      11       4      10                         
  3      13       8   8   8   8   8   8   8   8   8   8   8   8   8      13      11       4      10                         
  3      13       8                                               8      13      11       4      10                         
  3      13       8      14  14  14  14  14  14  14  14  14       8      13      11       4      10                         
  3      13       8      14                              14       8      13      11       4      10                         
  3      13       8      14       2   2   2              14       8      13      11       4      10                         
  3      13       8      14       2       2              14       8      13      11       4      10                         
  3      13       8   8  -1   5  -1   6  -2   7   7   7  -2   8   8      13      11       4   4  -1   1   1   1   1   1   1 
  3      13              13       3       1              15              13      11               9                       1 
  3      13  13  13  13  13       3       1              15              13      11               9                       1 
  3                               3       1              15              13      11               9                       1 
  3   3   3   3   3   3   3   3   3       1              15              13      11               9                       1 
                                          1              15              13      11               9                       1 
                                          1      20  20  -2  17  17  17  -2  18  -1  19  19  19  -1  20  20               1 
                                          1      20      16              12      12              16      20               1 
                                          1      20      16              12  12  12              16      20               1 
                                          1      20      16                                      16      20               1 
                                          1      20      16  16  16  16  16  16  16  16  16  16  16      20               1 
                                          1      20                                                      20               1 
                                          1      20  20  20  20  20  20  20  20  20  20  20  20  20  20  20               1 
                                          1                                                                               1 
                                          1   1   1   1   1   1   1   1   1   1   1   1   1   1   1   1   1   1   1   1   1 
