                  8   8   8   8   8   8   8   8   8   8   8   8   8   8   8   8   8   8   8   8   8   8   8   8   8   8   8 
                  8                                                                                                       8 
                  8      18  18  18  18  18  18  18  18  18  18  18  18  18  18  18  18  18  18  18  18  18  18  18       8 
                  8      18                                                                                      18       8 
                  8      18      11  11  11  11  11  11  11  11  11  11  11  11  11  11  11  11  11  11  11      18       8 
                  8      18      11                                                                      11      18       8 
                  8      18      11      13  13  13  13  13  13  13  13  13  13  13  13  13  13  13      11      18       8 
                  8      18      11      13                                                      13      11      18       8 
                  8      18      11      13      20  20  20  20  20  20  20  20  20  20  20      13      11      18       8 
                  8      18      11      13      20                                      20      13      11      18       8 
                  8      18      11      13      20              14  14  14  14  14  14  -2  13  13      11      18       8 
                  8      18      11      13      20              14                      17              11      18       8 
                  8      18      11      13      20       9   9  -2  10  10  10  10  10  -1  11  11  11  11      18       8 
                  8      18      11      13      20       9      15                      18                      18       8 
                  8      18      11      13      20       9      15                      18  18  18  18  18  18  18       8 
                  8      18      11      13      20       9      15                                                       8 
                  8      18      11      13      20       9   9  -1   8   8   8   8   8   8   8   8   8   8   8   8   8   8 
                  8      18      11      13      20              16                                                         
 19  19  19  19  -1  18  18      11      13      20  20  20  20  -2  19  19  19  19                                         
 19               7              11      13                       5              19                                         
 19       2   2  -1   1   1   1  -1   4  -2   3   3   3   3   3  -2   2   2      19                                         
 19       2       6              12      12                       6       2      19                                         
 19       2       6              12  12  12                       6       2      19                                         
 19       2       6                                               6       2      19                                         
 19       2       6   6   6   6   6   6   6   6   6   6   6   6   6       2      19                                         
 19       2                                                               2      19                                         
 19       2   2   2   2   2   2   2   2   2   2   2   2   2   2   2   2   2      19                                         
 19                                                                              19                                         
 19  19  19  19  19  19  19  19  19  19  19  19  19  19  19  19  19  19  19  19  19                                         
