 12  12  12  12  12  12  12  12  12  12  12  12  12  12  12  12  12  12  12                                                 
 12                                                                      12                                                 
 12      17  17  17  17  17  17  17  17  17  17  17  17  17  17  17      12                                                 
 12      17                                                      17      12                                                 
 12      17       3   3   3   3   3   3   3   3   3   3   3      17      12                                                 
 12      17       3                                       3      17      12                                                 
 12      17       3      18  18  18  18  18  18  18       3      17      12                                                 
 12      17       3      18                      18       3      17      12                                                 
 12      17       3      18      13  13  13      18       3      17      12                                                 
 12      17       3      18      13      13      18       3      17      12                                                 
 12      17       3      18      13      13      18       3      17      12      14  14  14  14  14  14  14  14  14  14  14 
 12      17       3      18      13      13      18       3      17      12      14                                      14 
 12      17       3      18      13      13      18       3      17      12      14      19  19  19  19  19  19  19      14 
 12      17       3      18      13      13      18       3      17      12      14      19                      19      14 
 12      17       3   3  -1   2  -1   1  -2  10  -2   9  -1   8  -1   7  -2   6  -1   5  -2   4   4   4   4      19      14 
 12      17              17      12      14      19       4      16      11      15      20               4      19      14 
 12      17  17  17  17  17      12      14      19       4      16      11      15      20               4      19      14 
 12                              12      14      19       4      16      11      15      20               4      19      14 
 12  12  12  12  12  12  12  12  12      14      19       4      16      11      15      20               4      19      14 
                                         14      19       4      16      11      15      20               4      19      14 
                                         14      19       4      16      11      15  15  -1  16  16       4      19      14 
                                         14      19       4      16      11              11      16       4      19      14 
                                         14      19       4      16      11  11  11  11  11      16       4      19      14 
                                         14      19       4      16                              16       4      19      14 
                                         14      19       4      16  16  16  16  16  16  16  16  16       4      19      14 
                                         14      19       4                                               4      19      14 
                                         14      19       4   4   4   4   4   4   4   4   4   4   4   4   4      19      14 
                                         14      19                                                              19      14 
                                         14      19  19  19  19  19  19  19  19  19  19  19  19  19  19  19  19  19      14 
                                         14                                                                              14 
                                         14  14  14  14  14  14  14  14  14  14  14  14  14  14  14  14  14  14  14  14  14 
