 17  17  17  17  17  17  17  17  17  17  17  17  17  17  17  17  17  17  17  17  17  17  17  17  17         
 17                                                                                              17         
 17      20  20  20  20  20  20  20  20  20  20  20  20  20  20  20  20  20                      17         
 17      20                                                              20                      17         
 17      20      18  18  18  18  18  18  18  18  18  18  18  18  18      20                      17         
 17      20      18                                              18      20                      17         
 17      20      18                       2   2   2   2   2      18      20                      17         
 17      20      18                       2               2      18      20                      17         
 17      20      18                       2               2      18      20      15  15  15      17         
 17      20      18                       2               2      18      20      15      15      17         
 17      20  20  -1   5   5   5   5   5  -1   6   6   6  -2   7  -2   8  -1   9  -1  10  -2  11  -1  12  12 
 17              17                       3               1      19      19      14      16      16      12 
 17              17                       3               1      19  19  19      14      16      16      12 
 17              17                       3               1                      14      16      16      12 
 17  17  17  17  17                       3               1                      14      16      16      12 
                                          3               1                      14      16      16      12 
                                          3               1                      14      16  16  16      12 
                                          3               1                      14                      12 
                         12  12  12  12  -2  13  13       1                      14                      12 
                         12               4      13       1                      14                      12 
                         12      14  14  -1  13  13       1                      14                      12 
                         12      14       1               1                      14                      12 
                         12      14       1   1   1   1   1                      14                      12 
                         12      14                                              14                      12 
                         12      14  14  14  14  14  14  14  14  14  14  14  14  14                      12 
                         12                                                                              12 
                         12  12  12  12  12  12  12  12  12  12  12  12  12  12  12  12  12  12  12  12  12 
