 11  11  11  11  11  11  11  11  11  11  11  11  11  11  11  11  11  11  11  11  11  11  11 
 11                                                                                      11 
 11               6   6   6   6   6   6   6   6   6   6   6   6   6                      11 
 11               6                                               6                      11 
 11               6               1   1   1   1   1               6                      11 
 11               6               1               1               6                      11 
 11  11  11  11  -1  10  10       1       7   7  -2   6   6   6   6                      11 
                  5      10       1       7       2                                      11 
                  5      10       1       7       2                      19  19  19      11 
                  5      10       1       7       2                      19      19      11 
         18  18  -2  17  -1  16  -2  15  -2  14  -1  13  13  13  13  13  -1  12  -2  11  11 
         18      20       9       4       8       3                      20      18         
         18      20       9       4       8   8  -1   9   9              20      18         
         18      20       9       4               4       9              20      18         
         18      20       9       4   4   4   4   4       9              20      18         
         18      20       9                               9              20      18         
         18      20       9   9   9   9   9   9   9   9   9              20      18         
         18      20                                                      20      18         
         18      20  20  20  20  20  20  20  20  20  20  20  20  20  20  20      18         
         18                                                                      18         
         18  18  18  18  18  18  18  18  18  18  18  18  18  18  18  18  18  18  18         
