                                          7   7   7   7   7   7   7   7   7   7   7                                 
                                          7                                       7                                 
                                          7      17  17  17  17  17  17  17       7                                 
                                          7      17                      17       7                                 
                                          7      17               8   8  -1   7   7                                 
                                          7      17               8      16                                         
  4   4   4   4   4   4   4               7      17               8      16                                         
  4                       4               7      17               8      16                                         
  4       6   6   6   6  -1   7   7   7   7      17               8   8  -2   9   9   9   9   9   9   9   9   9   9 
  4       6               3                      17                      15                                       9 
  4       6               3                      17                      15              13  13  13  13  13       9 
  4       6               3                      17                      15              13              13       9 
  4       6      12  12  -1  11  11  11  11  11  -1  20  20  20  20  20  -2  19  19  19  -1  18  18      13       9 
  4       6      12       2                      18                      14              14      18      13       9 
  4       6      12       2                      18                      14  14  14  14  14      18      13       9 
  4       6      12       2                      18                                              18      13       9 
  4       6      12       2                      18  18  18  18  18  18  18  18  18  18  18  18  18      13       9 
  4       6      12       2                                                                              13       9 
  4       6      12       2      13  13  13  13  13  13  13  13  13  13  13  13  13  13  13  13  13  13  13       9 
  4       6      12       2      13                                                                               9 
  4       6      12       2      13               9   9   9   9   9   9   9   9   9   9   9   9   9   9   9   9   9 
  4       6      12       2      13               9                                                                 
  4       6      12  12  -2  13  13               9                                                                 
  4       6               1                       9                                                                 
  4       6   6   6   6  -2   5   5   5   5   5  -1   4   4                                                         
  4                      10                      10       4                                                         
  4                      10  10  10  10  10  10  10       4                                                         
  4                                                       4                                                         
  4   4   4   4   4   4   4   4   4   4   4   4   4   4   4                                                         
