  4   4   4   4   4   4   4                                                                         
  4                       4                                                                         
  4       6   6   6   6  -1   7   7   7   7   7   7   7   7   7   7   7   7   7   7   7   7   7   7 
  4       6               3                                                                       7 
  4       6               3              16  16  16  16  16  16  16  16  16  16  16  16  16       7 
  4       6               3              16                                              16       7 
  4       6               3              16                               8   8   8      16       7 
  4       6               3              16                               8       8      16       7 
  4       6               3              16              14  14  14       8       8      16       7 
  4       6               3              16              14      14       8       8      16       7 
  4       6      12  12  -1  11  11  11  -2  20  20  20  -1  19  -2  18  -1  17  -2  16  16       7 
  4       6      12       2              15              15      13       9       7               7 
  4       6      12       2              15  15  15  15  15      13       9       7               7 
  4       6      12       2                                      13       9       7               7 
  4       6      12       2      13  13  13  13  13  13  13  13  13       9       7               7 
  4       6      12       2      13                                       9       7               7 
  4       6      12       2      13       9   9   9   9   9   9   9   9   9       7               7 
  4       6      12       2      13       9                                       7               7 
  4       6      12       2      13       9                                       7   7   7   7   7 
  4       6      12       2      13       9                                                         
  4       6      12  12  -2  13  13       9                                                         
  4       6               1               9                                                         
  4       6   6   6   6  -2   5   5   5  -1   4   4                                                 
  4                      10              10       4                                                 
  4                      10  10  10  10  10       4                                                 
  4                                               4                                                 
  4   4   4   4   4   4   4   4   4   4   4   4   4                                                 
