         14  14  14  14  14  14  14  14  14  14  14  14  14  14  14  14  14  14  14  14  14         
         14                                                                              14         
         14      10  10  10  10  10  10  10  10  10  10  10  10  10  10  10  10  10      14         
         14      10                                                              10      14         
         14      10      15  15  15  15  15  15  15  15  15  15  15  15  15      10      14         
         14      10      15                                              15      10      14         
         14      10      15      18  18  18  18  18  18  18  18  18      15      10      14         
         14      10      15      18                              18      15      10      14         
         14      10      15      18      16  16  16  16  16  16  -2  15  15      10      14         
         14      10      15      18      16                      19              10      14         
         14      10      15      18      16      11  11  11  11  -1  10  10  10  10      14         
         14      10      15      18      16      11              20                      14         
         14  14  -1  15  15      18      16      11      13  13  -1  14  14  14  14  14  14         
                  9              18      16      11      13       7                                 
  2   2   2   2  -1   1   1   1  -1   6  -2   5  -2   4  -1   3  -2   2   2   2   2   2   2   2   2 
  2               8              17      17      12      12       8                               2 
  2               8              17  17  17      12      12       8                               2 
  2               8                              12      12       8                               2 
  2               8                              12  12  12       8                               2 
  2               8                                               8                               2 
  2               8   8   8   8   8   8   8   8   8   8   8   8   8                               2 
  2                                                                                               2 
  2   2   2   2   2   2   2   2   2   2   2   2   2   2   2   2   2   2   2   2   2   2   2   2   2 
