  8   8   8   8   8   8   8   8   8   8   8   8   8                                         
  8                                               8                                         
  8      14  14  14  14  14  14  14  14  14  14  -1  15  15                                 
  8      14                                       7      15                                 
  8      14      16  16  16  16  16  16  16  16  -2  15  15                                 
  8      14      16                               6                                         
  8      14      16                      20  20  -2   9   9   9   9   9   9   9   9   9   9 
  8      14      16                      20       5                                       9 
  8      14      16                      20  20  -1  19  19  19  19  19  19  19  19       9 
  8      14      16                               4                              19       9 
  8      14      16      13  13  13  13  13  13  -2  12  12  12  12  12  12      19       9 
  8      14      16      13                       3                      12      19       9 
  8      14      16  16  -1  17  17  17  17  17  -1  18  18  18  18      12      19       9 
  8      14              14                       2              18      12      19       9 
  8      14  14  14  14  14                       2              18      12      19       9 
  8                                               2              18      12      19       9 
  8                              10  10  10  10  -2  11  11  11  -1  12  12      19       9 
  8                              10               1              19              19       9 
  8                              10               1              19  19  19  19  19       9 
  8                              10               1                                       9 
  8                              10  10  10  10  -1   9   9   9   9   9   9   9   9   9   9 
  8                                               8                                         
  8   8   8   8   8   8   8   8   8   8   8   8   8                                         
