  3   3   3   3   3   3   3   3   3   3   3   3   3                                         
  3                                               3                                         
  3      16  16  16  16  16  16  16  16  16       3                                         
  3      16                              16       3                                         
  3      16       7   7   7   7   7      16       3                                         
  3      16       7               7      16       3                                         
  3      16       7      17  17  -2  16  16       3                                         
  3      16       7      17       8               3                                         
  3   3  -1   2  -1   1  -2   4  -2   3   3   3   3                                         
         15       6      18       9                                                         
         15       6      18       9                       5   5   5   5   5   5   5         
         15       6      18       9                       5                       5         
         15       6      18       9                       5      11  11  11       5         
         15       6      18       9                       5      11      11       5         
         15       6      18  18  -1  19  19  19  19  19  -2  20  -1  13  -2  14  -1  15  15 
         15       6              10                      12      12      10       6      15 
         15       6              10                      12  12  12      10       6      15 
         15       6              10                                      10       6      15 
         15       6              10  10  10  10  10  10  10  10  10  10  10       6      15 
         15       6                                                               6      15 
         15       6   6   6   6   6   6   6   6   6   6   6   6   6   6   6   6   6      15 
         15                                                                              15 
         15  15  15  15  15  15  15  15  15  15  15  15  15  15  15  15  15  15  15  15  15 
