 15  15  15  15  15  15  15  15  15  15  15  15  15  15  15  15  15  15  15  15  15  15  15  15  15                         
 15                                                                                              15                         
 15      13  13  13  13  13  13  13  13  13  13  13  13  13  13  13  13  13  13  13  13  13      15                         
 15      13                                                                              13      15                         
 15      13                                                       2   2   2   2   2      13      15                         
 15      13                                                       2               2      13      15                         
 15      13      18  18  18  18  18  18  18                       2               2      13      15                         
 15      13      18                      18                       2               2      13      15                         
 15      13      18      14  14  14      18                       2               2      13      15                         
 15      13      18      14      14      18                       2               2      13      15                         
 15      13      18      14      14      18                       2               2      13      15      17  17  17  17  17 
 15      13      18      14      14      18                       2               2      13      15      17              17 
 15      13      18  18  -1  19  -2  20  -1   5   5   5   5   5  -1   6   6   6  -2   7  -1   8  -2   9  -1  10  10      17 
 15      13              13      15      17                       3               1      12      16      16      10      17 
 15      13              13      15      17                       3               1      12      16  16  16      10      17 
 15      13              13      15      17                       3               1      12                      10      17 
 15      13  13  13  13  13      15      17                       3               1      12                      10      17 
 15                              15      17                       3               1      12                      10      17 
 15  15  15  15  15  15  15  15  15      17                       3               1      12                      10      17 
                                         17                       3               1      12                      10      17 
                                         17      10  10  10  10  -2  11  11       1      12                      10      17 
                                         17      10               4      11       1      12                      10      17 
                                         17      10      12  12  -1  11  11       1      12                      10      17 
                                         17      10      12       1               1      12                      10      17 
                                         17      10      12       1   1   1   1   1      12                      10      17 
                                         17      10      12                              12                      10      17 
                                         17      10      12  12  12  12  12  12  12  12  12                      10      17 
                                         17      10                                                              10      17 
                                         17      10  10  10  10  10  10  10  10  10  10  10  10  10  10  10  10  10      17 
                                         17                                                                              17 
                                         17  17  17  17  17  17  17  17  17  17  17  17  17  17  17  17  17  17  17  17  17 
