                                                                  1   1   1   1   1   1   1   1   1   1   1   1   1 
                                                                  1                                               1 
                                                                  1       3   3   3   3   3   3   3   3   3       1 
                                                                  1       3                               3       1 
 14  14  14  14  14  14  14  14  14  14  14  14  14  14  14       1       3                               3       1 
 14                                                      14       1       3                               3       1 
 14      19  19  19  19  19  19  19  19  19  19  19      14       1       3                               3       1 
 14      19                                      19      14       1       3                               3       1 
 14      19      17  17  17  17  17  17  17      19      14       1       3                               3       1 
 14      19      17                      17      19      14       1       3                               3       1 
 14      19      17       4   4   4      17      19      14       1       3                               3       1 
 14      19      17       4       4      17      19      14       1       3                               3       1 
 14      19      17       4       4      17      19      14       1       3      16  16  16  16  16       3       1 
 14      19      17       4       4      17      19      14       1       3      16              16       3       1 
 14  14  -2  13  -1  12  -2  11  -1  10  -2   9  -1   8  -2   7  -2   6  -1   5  -1  20  20      16       3       1 
         18      18       1       3      16      20      15       2       2      15      20      16       3       1 
         18  18  18       1       3      16      20      15       2       2      15      20      16       3       1 
                          1       3      16      20      15       2       2      15      20      16       3       1 
                          1       3      16      20      15       2   2   2      15      20      16       3       1 
                          1       3      16      20      15                      15      20      16       3       1 
                          1       3      16      20      15  15  15  15  15  15  15      20      16       3       1 
                          1       3      16      20                                      20      16       3       1 
                          1       3      16      20  20  20  20  20  20  20  20  20  20  20      16       3       1 
                          1       3      16                                                      16       3       1 
                          1       3      16  16  16  16  16  16  16  16  16  16  16  16  16  16  16       3       1 
                          1       3                                                                       3       1 
                          1       3   3   3   3   3   3   3   3   3   3   3   3   3   3   3   3   3   3   3       1 
                          1                                                                                       1 
                          1   1   1   1   1   1   1   1   1   1   1   1   1   1   1   1   1   1   1   1   1   1   1 
