                                                  8   8   8   8   8   8   8   8   8   8   8   8   8   8   8   8   8   8   8   8   8   8   8 
                                                  8                                                                                       8 
                                                  8      13  13  13  13  13  13  13  13  13  13  13  13  13  13  13  13  13  13  13       8 
                                                  8      13                                                                      13       8 
                                                  8      13       3   3   3   3   3   3   3   3   3   3   3   3   3   3   3      13       8 
                                                  8      13       3                                                       3      13       8 
                                                  8      13       3                               6   6   6   6   6       3      13       8 
                                                  8      13       3                               6               6       3      13       8 
                                                  8      13       3      10  10  10  10  10       6               6       3      13       8 
                                                  8      13       3      10              10       6               6       3      13       8 
 14  14  14  14  14  14  14  14  14  14  14       8      13       3      10              10       6               6       3      13       8 
 14                                      14       8      13       3      10              10       6               6       3      13       8 
 14       7   7   7   7   7   7   7   7  -1   8   8      13       3   3  -1   4   4   4  -2   1  -1   2   2   2  -2   3   3      13       8 
 14       7                              15              13              11               9       7               5              13       8 
 14       7       9   9   9   9   9      15              13              11               9       7               5              13       8 
 14       7       9               9      15              13              11               9       7               5              13       8 
 14       7       9      19  19  -2  20  -1  17  17  17  -2  18  18  18  -1  19  19       9       7      14  14  -1  13  13  13  13       8 
 14       7       9      19      16      16              12              12      19       9       7      14       8                       8 
 14       7       9      19      16  16  16              12              12      19       9       7      14       8                       8 
 14       7       9      19                              12              12      19       9       7      14       8                       8 
 14       7       9      19                              12  12  12  12  12      19       9       7      14       8                       8 
 14       7       9      19                                                      19       9       7      14       8                       8 
 14       7       9      19  19  19  19  19  19  19  19  19  19  19  19  19  19  19       9       7      14       8                       8 
 14       7       9                                                                       9       7      14       8                       8 
 14       7       9   9   9   9   9   9   9   9   9   9   9   9   9   9   9   9   9   9   9       7      14       8                       8 
 14       7                                                                                       7      14       8                       8 
 14       7                                                                                       7      14       8   8   8   8   8   8   8 
 14       7                                                                                       7      14                                 
 14       7   7   7   7   7   7   7   7   7   7   7   7   7   7   7   7   7   7   7   7   7   7   7      14                                 
 14                                                                                                      14                                 
 14  14  14  14  14  14  14  14  14  14  14  14  14  14  14  14  14  14  14  14  14  14  14  14  14  14  14                                 
