                          4   4   4   4   4   4   4   4   4   4   4   4   4   4   4   4   4   4   4 
                          4                                                                       4 
                          4      14  14  14  14  14  14  14  14  14  14  14  14  14  14  14       4 
                          4      14                                                      14       4 
                          4      14      12  12  12  12  12  12  12  12  12  12  12      14       4 
                          4      14      12                                      12      14       4 
                          4      14      12       6   6   6   6   6              12      14       4 
                          4      14      12       6               6              12      14       4 
                          4      14      12  12  -1  13  13       6              12      14       4 
                          4      14               5      13       6              12      14       4 
                          4      14  14  14  14  -2  13  13       6      15  15  -1  14  14       4 
                          4                      20               6      15      11               4 
                          4   4   4   4   4   4  -2   1   1   1  -1   2  -1   3  -2   4   4   4   4 
                                                 19               7      16      10                 
         17  17  17                              19               7      16      10                 
         17      17                              19               7      16      10                 
 10  10  -1   9  -2   8   8   8   8   8   8   8  -1   7   7   7   7      16      10                 
 10      16      18                              18                      16      10                 
 10      16      18  18  18  18  18  18  18  18  18                      16      10                 
 10      16                                                              16      10                 
 10      16  16  16  16  16  16  16  16  16  16  16  16  16  16  16  16  16      10                 
 10                                                                              10                 
 10  10  10  10  10  10  10  10  10  10  10  10  10  10  10  10  10  10  10  10  10                 
