         13  13  13  13  13  13  13  13  13  13  13  13  13  13  13  13  13  13  13  13  13  13  13  13  13  13  13  13  13 
         13                                                                                                              13 
         13      15  15  15  15  15  15  15  15  15  15  15  15  15  15  15  15  15  15  15  15  15  15  15  15  15      13 
         13      15                                                                                              15      13 
         13      15      17  17  17  17  17  17  17  17  17  17  17                                              15      13 
         13      15      17                                      17                                              15      13 
         13      15      17      10  10  10  10  10  10  10      17                                              15      13 
         13      15      17      10                      10      17                                              15      13 
         13      15      17  17  -1  16  16              10      17                                              15      13 
         13      15               9      16              10      17                                              15      13 
         13      15  15  15  15  -2  16  16              10      17                                              15      13 
         13                       8                      10      17                                              15      13 
         13                       8                      10      17      20  20  20  20  20  20  20  20  20      15      13 
         13                       8                      10      17      20                              20      15      13 
         13                       8                      10      17      20              14  14  14      20      15      13 
         13                       8                      10      17      20              14      14      20      15      13 
         13  13  13  13  13  13  -2  12  12  12  12      10      17  17  -2  18  18  18  -1  19  -2  20  20      15      13 
                                  7              12      10               5              13      15              15      13 
                                  7              12      10               5              13      15  15  15  15  15      13 
                                  7              12      10               5              13                              13 
                                  7              12      10               5              13  13  13  13  13  13  13  13  13 
                                  7              12      10               5                                                 
  2   2   2   2   2   2   2   2  -1   1   1   1  -2   4  -1   3   3   3  -2   2   2                                         
  2                               6              11      11               6       2                                         
  2                               6              11  11  11               6       2                                         
  2                               6                                       6       2                                         
  2                               6   6   6   6   6   6   6   6   6   6   6       2                                         
  2                                                                               2                                         
  2   2   2   2   2   2   2   2   2   2   2   2   2   2   2   2   2   2   2   2   2                                         
