  3   3   3   3   3   3   3   3   3   3   3                                         
  3                                       3                                         
  3      10  10  10  10  10  10  10  10  -1   9   9   9   9   9   9   9   9   9   9 
  3      10                               2                                       9 
  3      10  10  10  10  10  10  10  10  -2  11  11  11  11  11  11  11  11       9 
  3                                       1                              11       9 
  3                      15  15  15  15  -1  16  16  16  16              11       9 
  3                      15               8              16              11       9 
  3                      15  15  15  15  -2  14  14      16              11       9 
  3                                       7      14      16              11       9 
  3              13  13  13  13  13  13  -1  14  14      16              11       9 
  3              13                       6              16              11       9 
  3              13              18  18  -1  19  19  19  -2  20  20      11       9 
  3              13              18       5              17      20      11       9 
  3              13              18  18  -2  17  17  17  17      20      11       9 
  3              13                       4                      20      11       9 
  3              13                       4              20  20  20      11       9 
  3              13                       4              20              11       9 
  3              13  13  13  13  13  13  -2  12  12  12  -1  11  11  11  11       9 
  3                                       3               9                       9 
  3                                       3               9   9   9   9   9   9   9 
  3                                       3                                         
  3   3   3   3   3   3   3   3   3   3   3                                         
