  5   5   5   5   5   5   5   5   5   5   5   5   5   5   5   5   5   5   5   5   5   5   5   5   5 
  5                                                                                               5 
  5                                              16  16  16  16  16  16  16  16  16  16  16       5 
  5                                              16                                      16       5 
  5                                              16      14  14  14  14  14  14  14      16       5 
  5                                              16      14                      14      16       5 
  5                                              16      14      10  10  10      14      16       5 
  5                                              16      14      10      10      14      16       5 
  5      20  20  20  20  20  20  20              16      14      10      10      14      16       5 
  5      20                      20              16      14      10      10      14      16       5 
  5   5  -1   6   6   6   6   6  -2   7   7   7  -2   8  -1   1  -1   2  -2   3  -2   4  -1   5   5 
          9                      19              17      13      11       9      15      15         
          9                      19              17      13      11       9      15  15  15         
          9                      19              17      13      11       9                         
          9      11  11  11  11  -2  12  12      17      13      11       9                         
          9      11              18      12      17      13      11       9                         
          9      11      13  13  -1  12  12      17      13      11       9                         
          9      11      13      17              17      13      11       9                         
          9      11      13      17  17  17  17  17      13      11       9                         
          9      11      13                              13      11       9                         
          9      11      13  13  13  13  13  13  13  13  13      11       9                         
          9      11                                              11       9                         
          9      11  11  11  11  11  11  11  11  11  11  11  11  11       9                         
          9                                                               9                         
          9   9   9   9   9   9   9   9   9   9   9   9   9   9   9   9   9                         
