 16  16  16  16  16  16  16  16  16  16  16  16  16  16  16  16  16  16  16  16  16  16  16  16  16 
 16                                                                                              16 
 16                                      19  19  19  19  19  19  19  19  19  19  19  19  19      16 
 16                                      19                                              19      16 
 16                                      19       3   3   3   3   3                      19      16 
 16                                      19       3               3                      19      16 
 16                                      19       3       6   6  -1   5   5   5   5   5  -2  16  16 
 16                                      19       3       6       2                      20         
 16                                      19       3       6   6  -2   7   7   7   7      20         
 16                                      19       3               1               7      20         
 16      17  17  17  17  17  17  17      19       3               1               7      20         
 16      17                      17      19       3               1               7      20         
 16      17       8   8   8      17      19       3               1               7      20         
 16      17       8       8      17      19       3               1               7      20         
 16  16  -1  15  -1  14  -2  13  -2  12  -1  11  -2  10  10  10  -1   9   9       7      20         
         20       7       9      18      18       4               4       9       7      20         
         20       7       9      18  18  18       4               4       9       7      20         
         20       7       9                       4               4       9       7      20         
         20       7       9                       4   4   4   4   4       9       7      20         
         20       7       9                                               9       7      20         
         20       7       9   9   9   9   9   9   9   9   9   9   9   9   9       7      20         
         20       7                                                               7      20         
         20       7   7   7   7   7   7   7   7   7   7   7   7   7   7   7   7   7      20         
         20                                                                              20         
         20  20  20  20  20  20  20  20  20  20  20  20  20  20  20  20  20  20  20  20  20         
