         17  17  17  17  17  17  17  17  17  17  17  17  17  17  17  17  17  17  17  17  17         
         17                                                                              17         
         17      15  15  15  15  15  15  15  15  15  15  15  15  15  15  15  15  15      17         
         17      15                                                              15      17         
         17      15      13  13  13  13  13  13  13  13  13  13  13  13  13      15      17         
         17      15      13                                              13      15      17         
         17      15      13       4   4   4   4   4   4   4              13      15      17         
         17      15      13       4                       4              13      15      17         
         17      15      13       4              14  14  -2  13  13  13  13      15      17         
         17      15      13       4              14       5                      15      17         
         17      15      13       4              14  14  -1  15  15  15  15  15  15      17         
         17      15      13       4                       6                              17         
         17      15      13       4      18  18  18  18  -2  17  17  17  17  17  17  17  17         
         17      15      13       4      18               1                                         
  8   8  -1   7  -2  12  -1  11  -1  10  -2   9   9   9  -2   8   8   8   8   8   8   8   8   8   8 
  8      16      16      20       3      19               2                                       8 
  8      16  16  16      20       3      19               2                                       8 
  8                      20       3      19               2                                       8 
  8                      20       3      19  19  19  19  -1  20  20                               8 
  8                      20       3                       3      20                               8 
  8                      20       3   3   3   3   3   3   3      20                               8 
  8                      20                                      20                               8 
  8                      20  20  20  20  20  20  20  20  20  20  20                               8 
  8                                                                                               8 
  8   8   8   8   8   8   8   8   8   8   8   8   8   8   8   8   8   8   8   8   8   8   8   8   8 
