                                                                                                  3   3   3   3   3   3   3   3   3 
                                                                                                  3                               3 
 13  13  13  13  13  13  13  13  13  13  13  13  13  13  13  13  13  13  13  13  13  13  13  13  -1  14  14  14  14  14  14       3 
 13                                                                                               2                      14       3 
 13       6   6   6   6   6   6   6   6   6   6   6   6   6   6   6   6   6                       2                      14       3 
 13       6                                                               6                       2                      14       3 
 13       6      16  16  16  16  16  16  16  16  16  16  16  16  16       6                       2                      14       3 
 13       6      16                                              16       6                       2                      14       3 
 13       6      16      18  18  18  18  18  18  18  18  18      16       6                       2                      14       3 
 13       6      16      18                              18      16       6                       2                      14       3 
 13       6      16      18      20  20  20  20  20      18      16       6                       2                      14       3 
 13       6      16      18      20              20      18      16       6                       2                      14       3 
 13       6      16      18  18  -2  17  17      20      18      16       6   6   6   6   6   6  -2   7   7   7   7      14       3 
 13       6      16              11      17      20      18      16                               1               7      14       3 
 13       6      16  16  16  16  -1  17  17      20      18      16  16  16  16  16  16  16  16  -2  15  15       7      14       3 
 13       6                      12              20      18                                       4      15       7      14       3 
 13       6                      12              20      18  18  18  18  18  18  18  18  18       4      15       7      14       3 
 13       6                      12              20                                      18       4      15       7      14       3 
 13       6                      12              20  20  20  20  20  20  20  20  20      18       4      15       7      14       3 
 13       6                      12                                              20      18       4      15       7      14       3 
 13       6   6   6   6   6   6  -2   5   5   5   5   5   5   5   5   5   5   5  -1  10  -2   9  -1   8  -1   7   7      14       3 
 13                              13                                              19      19       3      14              14       3 
 13                              13                                              19  19  19       3      14              14       3 
 13                              13                                                               3      14              14       3 
 13                              13                                                               3      14  14  14  14  14       3 
 13                              13                                                               3                               3 
 13  13  13  13  13  13  13  13  13                                                               3                               3 
                                                                                                  3                               3 
                                                                                                  3   3   3   3   3   3   3   3   3 
