 14  14  14  14  14  14  14  14  14  14  14  14  14  14  14  14  14  14  14  14  14  14  14         
 14                                                                                      14         
 14      10  10  10  10  10  10  10  10  10  10  10  10  10  10  10  10  10  10  10      14         
 14      10                                                                      10      14         
 14      10       6   6   6   6   6   6   6   6   6   6   6   6   6              10      14         
 14      10       6                                               6              10      14         
 14      10  10  -1  11  11  11  11  11  11  11  11  11  11       6              10      14         
 14               5                                      11       6              10      14         
 14               5      19  19  19  19  19  19  19      11       6              10      14         
 14               5      19                      19      11       6              10      14         
 14  14  14  14  -2  13  -1  12  12  12  12  12  -2  11  11       6      15  15  -1  14  14         
                 20      20                      18               6      15       9                 
                 20  20  20                      18               6      15       9                 
                                                 18               6      15       9                 
                                  4   4   4   4  -2   1   1   1  -1   2  -1   3  -2   4   4   4   4 
                                  4              17               7      16       8               4 
                                  4       8   8  -1   7   7   7   7      16       8               4 
                                  4       8      16                      16       8               4 
                                  4       8      16  16  16  16  16  16  16       8               4 
                                  4       8                                       8               4 
                                  4       8   8   8   8   8   8   8   8   8   8   8               4 
                                  4                                                               4 
                                  4   4   4   4   4   4   4   4   4   4   4   4   4   4   4   4   4 
