 10  10  10  10  10  10  10  10  10  10  10  10  10  10  10  10  10  10  10  10  10                 
 10                                                                              10                 
 10       6   6   6   6   6   6   6   6   6   6   6   6   6   6   6              10                 
 10       6                                                       6              10                 
 10       6      20  20  20  20  20  20  20  20  20               6              10                 
 10       6      20                              20               6              10                 
 10  10  -1  11  -2  12  12  12  12  12  12  12  -1  13  13       6              10                 
          5       5                              19      13       6              10                 
          5   5   5                              19      13       6              10                 
                                                 19      13       6              10                 
                         14  14  14  14  14  14  -2  13  13       6      15  15  -1  14  14  14  14 
                         14                      18               6      15       9              14 
                         14       4   4   4   4  -2   1   1   1  -1   2  -2   3  -1   4   4      14 
                         14       4              17               7      16       8       4      14 
                         14       4       8   8  -1   7   7   7   7      16       8       4      14 
                         14       4       8      16                      16       8       4      14 
                         14       4       8      16  16  16  16  16  16  16       8       4      14 
                         14       4       8                                       8       4      14 
                         14       4       8   8   8   8   8   8   8   8   8   8   8       4      14 
                         14       4                                                       4      14 
                         14       4   4   4   4   4   4   4   4   4   4   4   4   4   4   4      14 
                         14                                                                      14 
                         14  14  14  14  14  14  14  14  14  14  14  14  14  14  14  14  14  14  14 
