                                                          3   3   3   3   3   3   3   3   3 
                                                          3                               3 
 15  15  15  15  15  15  15  15  15  15  15  15  15  15  -1  16  16  16  16  16  16       3 
 15                                                       2                      16       3 
 15       6   6   6   6   6   6   6   6   6   6   6   6  -2   7   7   7   7      16       3 
 15       6                                               1               7      16       3 
 15       6                                      18  18  -2  17  17       7      16       3 
 15       6                                      18       4      17       7      16       3 
 15       6      14  14  14  14  14  14  14      18       4      17       7      16       3 
 15       6      14                      14      18       4      17       7      16       3 
 15       6      14      20  20  20      14      18       4      17       7      16       3 
 15       6      14      20      20      14      18       4      17       7      16       3 
 15       6   6  -2   5  -1  12  -2  11  -1  10  -2   9  -1   8  -1   7   7      16       3 
 15              15      19      13      13      19       3      16              16       3 
 15              15      19      13      13      19       3      16  16  16  16  16       3 
 15              15      19      13      13      19       3                               3 
 15  15  15  15  15      19      13      13      19       3                               3 
                         19      13      13      19       3                               3 
                         19      13  13  13      19       3                               3 
                         19                      19       3                               3 
                         19  19  19  19  19  19  19       3                               3 
                                                          3                               3 
                                                          3   3   3   3   3   3   3   3   3 
