                 20  20  20  20  20  20  20  20  20  20  20  20  20  20  20  20  20  20  20  20  20                 
                 20                                                                              20                 
                 20      18  18  18  18  18  18  18  18  18  18  18  18  18  18  18  18  18      20                 
                 20      18                                                              18      20                 
                 20      18       7   7   7   7   7   7   7   7   7   7   7   7   7      18      20                 
                 20      18       7                                               7      18      20                 
                 20      18       7      15  15  15  15  15  15  15               7      18      20                 
                 20      18       7      15                      15               7      18      20                 
                 20      18       7   7  -1   8   8   8   8   8  -2   5   5       7      18      20                 
                 20      18              14                      16       5       7      18      20                 
                 20      18  18  18  18  -1  19  19              16       5       7      18      20                 
                 20                      13      19              16       5       7      18      20                 
                 20                      13      19      16  16  16       5       7      18      20                 
                 20                      13      19      16               5       7      18      20                 
                 20                      13      19      16       5   5   5       7      18      20                 
                 20                      13      19      16       5               7      18      20                 
                 20  20  20  20  20  20  -2  19  19      16       5               7      18      20                 
                                         12              16       5               7      18      20                 
 17  17  17  17  17  17  17  17  17  17  -1  16  16  16  16       5               7      18  18  -2  17  17  17  17 
 17                                      11                       5               7               9              17 
 17       4   4   4   4   4   4   4   4  -1   3   3   3   3   3  -2   2   2   2  -1   1   1   1  -2   4   4      17 
 17       4                              10                       6               6              10       4      17 
 17       4                              10                       6   6   6   6   6              10       4      17 
 17       4                              10                                                      10       4      17 
 17       4                              10  10  10  10  10  10  10  10  10  10  10  10  10  10  10       4      17 
 17       4                                                                                               4      17 
 17       4   4   4   4   4   4   4   4   4   4   4   4   4   4   4   4   4   4   4   4   4   4   4   4   4      17 
 17                                                                                                              17 
 17  17  17  17  17  17  17  17  17  17  17  17  17  17  17  17  17  17  17  17  17  17  17  17  17  17  17  17  17 
