                          8   8   8   8   8   8   8   8   8   8   8   8   8   8   8   8   8   8   8   8   8   8   8   8   8 
                          8                                                                                               8 
                          8       2   2   2   2   2   2   2   2   2   2   2   2   2   2   2   2   2   2   2   2   2       8 
                          8       2                                                                               2       8 
                          8       2      16  16  16  16  16  16  16  16  16  16  16  16  16  16  16  16  16       2       8 
                          8       2      16                                                              16       2       8 
                          8       2      16       3   3   3   3   3   3   3   3   3   3   3   3   3      16       2       8 
                          8       2      16       3                                               3      16       2       8 
                          8       2      16       3               7   7   7   7   7   7   7       3      16       2       8 
                          8       2      16       3               7                       7       3      16       2       8 
 18  18  18  18  18       8       2      16       3               7                       7       3      16       2       8 
 18              18       8       2      16       3               7                       7       3      16       2       8 
 18      20  20  -1   9  -1  10  -2  11  -2  12  -1  13  13  13  -2  14  14  14  14  14  -1  15  -2  16  16       2       8 
 18      20      17       1       1      17       4               6                       8       2               2       8 
 18      20      17       1       1      17       4               6                       8       2   2   2   2   2       8 
 18      20      17       1       1      17       4               6                       8                               8 
 18      20      17       1       1      17       4               6                       8   8   8   8   8   8   8   8   8 
 18      20      17       1       1      17       4               6                                                         
 18      20      17       1   1   1      17       4               6                                                         
 18      20      17                      17       4               6                                                         
 18      20      17  17  17  17  17  17  17       4               6                                                         
 18      20                                       4               6                                                         
 18      20                                       4      19  19  -1  18  18  18  18                                         
 18      20                                       4      19       5              18                                         
 18      20                                       4      19  19  -2  20  20      18                                         
 18      20                                       4               4      20      18                                         
 18      20                                       4   4   4   4   4      20      18                                         
 18      20                                                              20      18                                         
 18      20  20  20  20  20  20  20  20  20  20  20  20  20  20  20  20  20      18                                         
 18                                                                              18                                         
 18  18  18  18  18  18  18  18  18  18  18  18  18  18  18  18  18  18  18  18  18                                         
