  4   4   4   4   4   4   4                                                                                                         
  4                       4                                                                                                         
  4      10  10  10  10  -1  11  11  11  11  11  11  11  11  11  11  11  11  11  11  11  11  11  11  11  11  11  11  11  11  11  11 
  4      10               3                                                                                                      11 
  4      10       6   6  -1   5   5   5   5   5   5   5   5   5   5   5   5   5   5   5   5   5   5   5   5   5   5   5   5      11 
  4      10       6       2                                                                                               5      11 
  4      10       6       2               7   7   7   7   7   7   7   7   7   7   7   7   7   7   7   7   7   7   7       5      11 
  4      10       6       2               7                                                                       7       5      11 
  4      10       6       2               7      17  17  17  17  17  17  17  17  17  17  17  17  17  17  17       7       5      11 
  4      10       6       2               7      17                                                      17       7       5      11 
  4      10       6       2               7      17      16  16  16  16  16  16  16  16  16  16  16      17       7       5      11 
  4      10       6       2               7      17      16                                      16      17       7       5      11 
  4      10       6       2               7      17      16      20  20  20  20  20  20  20      16      17       7       5      11 
  4      10       6       2               7      17      16      20                      20      16      17       7       5      11 
  4      10       6       2               7      17      16      20       8   8   8      20      16      17       7       5      11 
  4      10       6       2               7      17      16      20       8       8      20      16      17       7       5      11 
  4      10       6   6  -2   7   7   7   7      17      16  16  -2  13  -2  14  -1  15  -1  16  16      17       7       5      11 
  4      10               1                      17              19       5       7      17              17       7       5      11 
  4      10               1                      17              19       5       7      17  17  17  17  17       7       5      11 
  4      10               1                      17              19       5       7                               7       5      11 
  4      10               1                      17              19       5       7   7   7   7   7   7   7   7   7       5      11 
  4      10               1                      17              19       5                                               5      11 
  4      10               1                      17              19       5   5   5   5   5   5   5   5   5   5   5   5   5      11 
  4      10               1                      17              19                                                              11 
  4      10               1      17  17  17  17  17              19                                                              11 
  4      10               1      17                              19                                                              11 
  4      10  10  10  10  -2   9  -1  12  12  12  12  12  12  12  -2  11  11  11  11  11  11  11  11  11  11  11  11  11  11  11  11 
  4                       4      18                              18                                                                 
  4                       4      18  18  18  18  18  18  18  18  18                                                                 
  4                       4                                                                                                         
  4   4   4   4   4   4   4                                                                                                         
