  1   1   1   1   1   1   1   1   1   1   1   1   1   1   1   1   1   1   1   1   1   1   1   1   1   1   1   1   1   1   1 
  1                                                                                                                       1 
  1      19  19  19  19  19  19  19  19  19  19  19  19  19  19  19  19  19  19  19  19  19  19  19  19  19               1 
  1      19                                                                                              19               1 
  1      19      16  16  16  16  16  16  16  16  16  16  16  16  16  16  16  16  16  16  16  16  16      19               1 
  1      19      16                                                                              16      19               1 
  1      19      16      20  20  20  20  20  20  20                                              16      19               1 
  1      19      16      20                      20                                              16      19               1 
  1      19      16      20       4   4   4      20                                              16      19               1 
  1      19      16      20       4       4      20                                              16      19               1 
  1      19      16      20       4       4      20       9   9   9   9   9   9   9              16      19               1 
  1      19      16      20       4       4      20       9                       9              16      19               1 
  1      19      16  16  -1  11  -2  12  -1  13  -2  14  -1  15  15  15  15  15  -2  16  16  16  16      19               1 
  1      19              19       1       3      17      10                       8                      19               1 
  1      19  19  19  19  19       1       3      17      10                       8                      19               1 
  1                               1       3      17      10                       8                      19               1 
  1   1   1   1   1   1   1   1   1       3      17      10                       8                      19               1 
                                          3      17      10                       8                      19               1 
                                          3      17      10      18  18  18  18  -1  19  19  19  19  19  19               1 
                                          3      17      10      18               7                                       1 
                                          3      17      10      18       2   2  -1   1   1   1   1   1   1   1   1   1   1 
                                          3      17      10      18       2       6                                         
                                          3      17      10      18       2   2  -2   3   3   3   3   3   3   3   3         
                                          3      17      10      18               5                               3         
                                          3      17      10      18  18  18  18  -2  17  17                       3         
                                          3      17      10                      10      17                       3         
                                          3      17      10  10  10  10  10  10  10      17                       3         
                                          3      17                                      17                       3         
                                          3      17  17  17  17  17  17  17  17  17  17  17                       3         
                                          3                                                                       3         
                                          3   3   3   3   3   3   3   3   3   3   3   3   3   3   3   3   3   3   3         
