                 16  16  16  16  16  16  16  16  16  16  16  16  16  16  16  16  16  16  16  16  16  16  16  16  16  16  16  16  16 
                 16                                                                                                              16 
                 16       9   9   9   9   9                                                                                      16 
                 16       9               9                                                                                      16 
                 16  16  -2  15  15       9                                                                                      16 
                          8      15       9                                                                                      16 
                          8      15       9      11  11  11  11  11  11  11  11  11  11  11  11  11  11  11  11  11  11  11      16 
                          8      15       9      11                                                                      11      16 
                          8      15       9      11      17  17  17  17  17  17  17  17  17  17  17  17  17  17  17      11      16 
                          8      15       9      11      17                                                      17      11      16 
                          8      15       9      11      17      20  20  20  20  20  20  20  20  20  20  20      17      11      16 
                          8      15       9      11      17      20                                      20      17      11      16 
                          8      15       9      11      17      20              13  13  13  13  13      20      17      11      16 
                          8      15       9      11      17      20              13              13      20      17      11      16 
 14  14  14  14  14  14  -1  15  15       9      11      17  17  -1  18  18  18  -2  19  19  19  -1  20  20      17      11      16 
 14                       7               9      11               5              14              12              17      11      16 
 14       2   2   2   2  -1   1   1   1  -2   4  -1   3   3   3  -2   2   2      14      16  16  -2  17  17  17  17      11      16 
 14       2               6              10      10               6       2      14      16      11                      11      16 
 14       2               6              10      10               6       2      14      16      11  11  11  11  11  11  11      16 
 14       2               6              10      10               6       2      14      16                                      16 
 14       2               6              10      10               6       2      14      16  16  16  16  16  16  16  16  16  16  16 
 14       2               6              10      10               6       2      14                                                 
 14       2               6              10  10  10               6       2      14                                                 
 14       2               6                                       6       2      14                                                 
 14       2               6   6   6   6   6   6   6   6   6   6   6       2      14                                                 
 14       2                                                               2      14                                                 
 14       2   2   2   2   2   2   2   2   2   2   2   2   2   2   2   2   2      14                                                 
 14                                                                              14                                                 
 14  14  14  14  14  14  14  14  14  14  14  14  14  14  14  14  14  14  14  14  14                                                 
