  6   6   6   6   6   6   6   6   6   6   6   6   6   6   6   6   6   6   6   6   6   6   6   6   6         
  6                                                                                               6         
  6      13  13  13  13  13  13  13  13  13  13  13  13  13  13  13  13  13  13  13               6         
  6      13                                                                      13               6         
  6      13      16  16  16  16  16  16  16  16  16  16  16  16  16  16  16      13               6         
  6      13      16                                                      16      13               6         
  6      13      16      14  14  14  14  14  14  14  14  14  14  14      16      13               6         
  6      13      16      14                                      14      16      13               6         
  6      13      16      14               3   3   3   3   3      14      16      13               6         
  6      13      16      14               3               3      14      16      13               6         
  6      13      16  16  -1  17  17  17  -1  18  18       3      14      16      13  13  13  13  -1  12  12 
  6      13              13               2      18       3      14      16                       5      12 
  6      13  13  13  13  13               2      18       3      14      16                       5      12 
  6                                       2      18       3      14      16                       5      12 
  6                                       2      18       3      14      16  16  16  16  16       5      12 
  6                                       2      18       3      14                      16       5      12 
  6   6   6   6   6   6   6   6   6   6  -2   7  -1   8  -2   9  -2  10  10  10  10  10  -1  11  -2  12  12 
                                          1      19       4      15                      15      20         
                                          1      19       4      15  15  15  15  15  15  15      20         
                                          1      19       4                                      20         
                                 20  20  -1  19  19       4                                      20         
                                 20       4               4                                      20         
                                 20       4   4   4   4   4                                      20         
                                 20                                                              20         
                                 20  20  20  20  20  20  20  20  20  20  20  20  20  20  20  20  20         
