                  8   8   8   8   8   8   8   8   8   8   8   8   8   8   8   8   8   8   8   8   8   8   8 
                  8                                                                                       8 
                  8      14  14  14  14  14  14  14  14  14  14  14  14  14  14  14  14  14               8 
                  8      14                                                              14               8 
                  8      14       9   9   9   9   9   9   9   9   9   9   9   9   9      14               8 
                  8      14       9                                               9      14               8 
                  8      14       9      11  11  11  11  11                       9      14               8 
                  8      14       9      11              11                       9      14               8 
                  8      14       9      11      18  18  -1  19  19  19  19       9   9  -1   8   8   8   8 
                  8      14       9      11      18      12              19              13                 
 15  15  15  15  -1  14  14       9      11      18  18  -2  17  17  17  -1  16  16  16  -2  15  15         
 15               7               9      11               5              20              20      15         
 15               7               9      11               5              20  20  20  20  20      15         
 15               7               9      11               5                                      15         
 15       2   2  -1   1   1   1  -2   4  -1   3   3   3  -2   2   2                              15         
 15       2       6              10      10               6       2                              15         
 15       2       6              10  10  10               6       2                              15         
 15       2       6                                       6       2                              15         
 15       2       6   6   6   6   6   6   6   6   6   6   6       2                              15         
 15       2                                                       2                              15         
 15       2   2   2   2   2   2   2   2   2   2   2   2   2   2   2                              15         
 15                                                                                              15         
 15  15  15  15  15  15  15  15  15  15  15  15  15  15  15  15  15  15  15  15  15  15  15  15  15         
