                                         13  13  13  13  13  13  13  13  13  13  13  13  13  13  13  13  13  13  13  13  13  13  13  13  13  13  13  13  13  13  13 
                                         13                                                                                                                      13 
                                         13      20  20  20  20  20  20  20  20  20  20  20  20  20  20  20  20  20  20  20  20  20  20  20  20  20  20  20      13 
                                         13      20                                                                                                      20      13 
                                         13      20      18  18  18  18  18  18  18  18  18  18  18  18  18  18  18  18  18  18  18  18  18  18  18      20      13 
                                         13      20      18                                                                                      18      20      13 
                                         13      20      18      21  21  21  21  21  21  21  21  21  21  21  21  21  21  21  21  21  21  21      18      20      13 
                                         13      20      18      21                                                                      21      18      20      13 
                                         13      20      18      21      14  14  14  14  14  14  14  14  14  14  14  14  14  14  14      21      18      20      13 
                                         13      20      18      21      14                                                      14      21      18      20      13 
                                         13      20      18      21      14       8   8   8   8   8   8   8   8   8   8   8      14      21      18      20      13 
                                         13      20      18      21      14       8                                       8      14      21      18      20      13 
                                         13      20      18      21      14  14  -2  15  15  15  15  15  15  15  15  15  -1  16  -2  17  -1  18  18      20      13 
                                         13      20      18      21               7                                       1      13      20              20      13 
                                         13      20      18      21               7                                       1      13      20  20  20  20  20      13 
                                         13      20      18      21               7                                       1      13                              13 
                                         13      20      18      21               7                                       1      13  13  13  13  13  13  13  13  13 
                                         13      20      18      21               7                                       1                                         
                                         13      20      18      21  21  21  21  -1  22  22  22  22  22  22  22  22       1                                         
                                         13      20      18                       6                              22       1                                         
                                         13      20      18  18  18  18  18  18  -2  19  19                      22       1                                         
                                         13      20                               5      19                      22       1                                         
                                         13      20  20  20  20  20  20  20  20  -1  19  19                      22       1                                         
                                         13                                       4                              22       1                                         
                                         13  13  13  13  13  13  13  13  13  13  -2  12  12  12  12  12  12      22       1                                         
                                                                                  3                      12      22       1                                         
  1   1   1   1   1   1   1   1   1                                               3                      12      22       1                                         
  1                               1                                               3                      12      22       1                                         
  1      22  22  22  22  22       1                                               3                      12      22       1                                         
  1      22              22       1                                               3                      12      22       1                                         
  1      22      12  12  -1  11  -2  10  10  10  10  10  10  10  10  10  10  10  -1   9   9   9   9      12      22       1                                         
  1      22      12       9       2                                               2               9      12      22       1                                         
  1      22      12       9       2   2   2   2   2   2   2   2   2   2   2   2   2               9      12      22       1                                         
  1      22      12       9                                                                       9      12      22       1                                         
  1      22      12       9   9   9   9   9   9   9   9   9   9   9   9   9   9   9   9   9   9   9      12      22       1                                         
  1      22      12                                                                                      12      22       1                                         
  1      22      12  12  12  12  12  12  12  12  12  12  12  12  12  12  12  12  12  12  12  12  12  12  12      22       1                                         
  1      22                                                                                                      22       1                                         
  1      22  22  22  22  22  22  22  22  22  22  22  22  22  22  22  22  22  22  22  22  22  22  22  22  22  22  22       1                                         
  1                                                                                                                       1                                         
  1   1   1   1   1   1   1   1   1   1   1   1   1   1   1   1   1   1   1   1   1   1   1   1   1   1   1   1   1   1   1                                         
