         21  21  21  21  21  21  21  21  21  21  21  21  21  21  21                                         
         21                                                      21                                         
         21       7   7   7   7   7   7   7   7   7   7   7      21                                         
         21       7                                       7      21                                         
         21       7               1   1   1   1   1       7      21                                         
         21       7               1               1       7      21                                         
         21       7   7   7   7  -2   6   6       1       7      21                                         
         21                       2       6       1       7      21                                         
 18  18  -2   5   5   5   5   5  -1   6   6       1       7      21                                         
 18      22                       3               1       7      21                                         
 18      22                       3               1       7      21      19  19  19  19  19  19  19         
 18      22                       3               1       7      21      19                      19         
 18      22                       3               1       7      21      19       9   9   9      19         
 18      22                       3               1       7      21      19       9       9      19         
 18      22              10  10  -2  11  11  11  -1  12  -2  13  -1  14  -2  15  -1  16  -2  17  -1  18  18 
 18      22              10       4               4       8      20      20       8      10      22      18 
 18      22              10       4               4       8      20  20  20       8      10      22      18 
 18      22              10       4               4       8                       8      10      22      18 
 18      22              10       4               4       8   8   8   8   8   8   8      10      22      18 
 18      22              10       4               4                                      10      22      18 
 18      22              10       4   4   4   4   4                                      10      22      18 
 18      22              10                                                              10      22      18 
 18      22              10  10  10  10  10  10  10  10  10  10  10  10  10  10  10  10  10      22      18 
 18      22                                                                                      22      18 
 18      22  22  22  22  22  22  22  22  22  22  22  22  22  22  22  22  22  22  22  22  22  22  22      18 
 18                                                                                                      18 
 18  18  18  18  18  18  18  18  18  18  18  18  18  18  18  18  18  18  18  18  18  18  18  18  18  18  18 
