  2   2   2   2   2   2   2   2   2   2   2   2   2   2   2   2   2   2   2   2   2   2   2   2   2   2   2 
  2                                                                                                       2 
  2                      11  11  11  11  11  11  11  11  11  11  11  11  11  11  11                       2 
  2                      11                                                      11                       2 
  2                      11              21  21  21  21  21  21  21  21  21      11                       2 
  2                      11              21                              21      11                       2 
  2                      11              21      16  16  16  16  16      21      11                       2 
  2                      11              21      16              16      21      11                       2 
  2                      11              21      16      20  20  -2  21  21      11                       2 
  2                      11              21      16      20      15              11                       2 
  2                      11              21      16      20      15              11      13  13  13       2 
  2                      11              21      16      20      15              11      13      13       2 
  2   2   2   2   2   2  -1   1   1   1  -2   8  -1   7  -2   6  -1   5   5   5  -2   4  -1   3  -2   2   2 
                         10              22      17      19      14              12      12      14         
                         10              22      17      19      14              12  12  12      14         
                         10              22      17      19      14                              14         
                         10              22      17      19      14  14  14  14  14  14  14  14  14         
                         10              22      17      19                                                 
         19  19  19  19  -2  18  18      22      17      19                                                 
         19               9      18      22      17      19                                                 
         19      17  17  -1  18  18      22      17      19                                                 
         19      17      22              22      17      19                                                 
         19      17      22  22  22  22  22      17      19                                                 
         19      17                              17      19                                                 
         19      17  17  17  17  17  17  17  17  17      19                                                 
         19                                              19                                                 
         19  19  19  19  19  19  19  19  19  19  19  19  19                                                 
