  9   9   9   9   9   9   9   9   9   9   9   9   9                                                 
  9                                               9                                                 
  9      12  12  12  12  12  12  12  12  12  12  -1  11  11  11  11  11  11  11  11  11  11  11  11 
  9      12                                       8                                              11 
  9      12              18  18  18  18  18  18  -2  19  19  19  19  19  19  19  19  19  19      11 
  9      12              18                       7                                      19      11 
  9      12              18      16  16  16  16  -1  15  15  15  15                      19      11 
  9      12              18      16               6              15                      19      11 
  9      12              18      16  16  16  16  -2  17  17      15                      19      11 
  9      12              18                       5      17      15                      19      11 
  9      12              18  18  18  18  18  18  -1  17  17      15                      19      11 
  9      12                                       4              15                      19      11 
  9      12      14  14  14  14  14  14  14  14  -2  15  15  15  15                      19      11 
  9      12      14                               3                                      19      11 
  9      12      14  14  14  14  14  14  14  14  -1  13  13  13  13  13  13              19      11 
  9      12                                       2                      13              19      11 
  9      12  12  12  12  12  12  12  12  12  12  -2  13  13  13  13  13  13              19      11 
  9                                               1                                      19      11 
  9                                      21  21  -1  22  22  22  22  22  22  22  22      19      11 
  9                                      21      10                              22      19      11 
  9                                      21  21  -2  20  20  20  20  20  20  20  -1  19  19      11 
  9                                               9                              11              11 
  9                                               9                              11  11  11  11  11 
  9                                               9                                                 
  9   9   9   9   9   9   9   9   9   9   9   9   9                                                 
