                         21  21  21  21  21  21  21  21  21  21  21  21  21  21  21  21  21  21  21  21  21  21  21  21  21  21  21  21  21 
                         21                                                                                                              21 
                         21      14  14  14  14  14  14  14  14  14  14  14  14  14  14  14  14  14  14  14  14  14  14  14  14  14      21 
                         21      14                                                                                              14      21 
                         21      14       1   1   1   1   1   1   1   1   1   1   1   1   1   1   1   1   1   1   1   1   1      14      21 
                         21      14       1                                                                               1      14      21 
                         21      14       1      13  13  13  13  13  13  13  13  13  13  13  13  13  13  13  13  13       1      14      21 
                         21      14       1      13                                                              13       1      14      21 
                         21      14       1      13      19  19  19  19  19                                      13       1      14      21 
                         21      14       1      13      19              19                                      13       1      14      21 
                         21      14       1      13      19       5   5  -1   6   6   6   6   6   6   6   6   6  -2   1   1      14      21 
                         21      14       1      13      19       5      18                                      14              14      21 
                         21      14       1      13      19       5      18                                      14  14  14  14  14      21 
                         21      14       1      13      19       5      18                                                              21 
                         21      14       1      13      19  19  -1  20  -2  21  21  21  21  21  21  21  21  21  21  21  21  21  21  21  21 
                         21      14       1      13               4      17                                                                 
                         21      14       1      13               4      17  17  17  17  17  17  17  17  17                                 
                         21      14       1      13               4                                      17                                 
                         21      14       1      13  13  13  13  -2  12  12  12  12  12  12  12  12      17                                 
                         21      14       1                       3                              12      17                                 
                         21      14       1                       3      16  16  16  16  16      12      17                                 
                         21      14       1                       3      16              16      12      17                                 
 17  17  17  17  17      21      14       1                       3      16              16      12      17                                 
 17              17      21      14       1                       3      16              16      12      17                                 
 17      12  12  -1  11  -2  10  -1   9  -2   8   8   8   8   8  -1   7  -2  22  22      16      12      17                                 
 17      12      16      22      15       2                       2      15      22      16      12      17                                 
 17      12      16      22      15       2   2   2   2   2   2   2      15      22      16      12      17                                 
 17      12      16      22      15                                      15      22      16      12      17                                 
 17      12      16      22      15  15  15  15  15  15  15  15  15  15  15      22      16      12      17                                 
 17      12      16      22                                                      22      16      12      17                                 
 17      12      16      22  22  22  22  22  22  22  22  22  22  22  22  22  22  22      16      12      17                                 
 17      12      16                                                                      16      12      17                                 
 17      12      16  16  16  16  16  16  16  16  16  16  16  16  16  16  16  16  16  16  16      12      17                                 
 17      12                                                                                      12      17                                 
 17      12  12  12  12  12  12  12  12  12  12  12  12  12  12  12  12  12  12  12  12  12  12  12      17                                 
 17                                                                                                      17                                 
 17  17  17  17  17  17  17  17  17  17  17  17  17  17  17  17  17  17  17  17  17  17  17  17  17  17  17                                 
