  7   7   7   7   7   7   7   7   7   7   7   7   7   7   7   7   7                                         
  7                                                               7                                         
  7       3   3   3   3   3   3   3   3   3   3   3   3   3       7                                         
  7       3                                               3       7                                         
  7       3       9   9   9   9   9   9   9   9   9       3       7                                         
  7       3       9                               9       3       7                                         
  7       3       9       2   2   2   2   2       9       3       7                                         
  7       3       9       2               2       9       3       7                                         
  7       3       9       2               2       9       3       7       5   5   5                         
  7       3       9       2               2       9       3       7       5       5                         
  7       3       9       2               2       9       3       7       5       5      21  21  21         
  7       3       9       2               2       9       3       7       5       5      21      21         
  7       3       9   9  -1  10  10  10  -2  11  -1  12  -2  13  -1  14  -2  15  -1  16  -2  17  -1  18  18 
  7       3               3               1      22       4       6       6       4      22      20      18 
  7       3               3               1      22       4       6   6   6       4      22      20      18 
  7       3               3               1      22       4                       4      22      20      18 
  7       3               3               1      22       4   4   4   4   4   4   4      22      20      18 
  7       3               3               1      22                                      22      20      18 
  7       3               3               1      22  22  22  22  22  22  22  22  22  22  22      20      18 
  7       3               3               1                                                      20      18 
  7       3   3   3   3   3               1                                                      20      18 
  7                                       1                                                      20      18 
  7                              19  19  -1  20  20  20  20  20  20  20  20  20  20  20  20  20  20      18 
  7                              19       8                                                              18 
  7                              19  19  -2  18  18  18  18  18  18  18  18  18  18  18  18  18  18  18  18 
  7                                       7                                                                 
  7   7   7   7   7   7   7   7   7   7   7                                                                 
