                                          3   3   3   3   3   3   3   3   3   3   3   3   3   3   3   3   3   3   3   3   3   3   3 
                                          3                                                                                       3 
                                          3                                              13  13  13  13  13  13  13  13  13       3 
                                          3                                              13                              13       3 
                                          3                                              13               4   4   4      13       3 
                                          3                                              13               4       4      13       3 
                                          3              10  10  10  10  10              13               4       4      13       3 
                                          3              10              10              13               4       4      13       3 
                                          3      17  17  -2  16  16      10  10  10  10  -2  11  11  11  -1  12  -2  13  13       3 
                                          3      17       9      16                      14               1       3               3 
                                          3      17       9      16                      14               1       3   3   3   3   3 
                                          3      17       9      16                      14               1                         
  1   1   1   1   1   1   1   1   1       3      17       9      16                      14               1                         
  1                               1       3      17       9      16                      14               1                         
  1                               1       3      17       9      16  16  16  16  16      14               1                         
  1                               1       3      17       9                      16      14               1                         
  1      19  19  19  19  19       1       3      17       9                      16      14               1                         
  1      19              19       1       3      17       9                      16      14               1                         
  1      19       8   8  -1   7  -2   6  -1   5  -2  22  -1  21  21  21  21  21  -2  20  -1  19  19       1                         
  1      19       8      18       2       2      18       8                      15      15      19       1                         
  1      19       8      18       2       2      18       8                      15  15  15      19       1                         
  1      19       8      18       2       2      18       8                                      19       1                         
  1      19       8      18       2   2   2      18       8                                      19       1                         
  1      19       8      18                      18       8                                      19       1                         
  1      19       8      18  18  18  18  18  18  18       8                                      19       1                         
  1      19       8                                       8                                      19       1                         
  1      19       8   8   8   8   8   8   8   8   8   8   8                                      19       1                         
  1      19                                                                                      19       1                         
  1      19  19  19  19  19  19  19  19  19  19  19  19  19  19  19  19  19  19  19  19  19  19  19       1                         
  1                                                                                                       1                         
  1   1   1   1   1   1   1   1   1   1   1   1   1   1   1   1   1   1   1   1   1   1   1   1   1   1   1                         
