                                 10  10  10  10  10  10  10  10  10  10  10  10  10  10  10  10  10  10  10  10  10  10  10  10  10  10  10 
                                 10                                                                                                      10 
                                 10       4   4   4   4   4   4   4   4   4   4   4   4   4   4   4   4   4   4   4   4   4   4   4      10 
                                 10       4                                                                                       4      10 
                                 10       4      11  11  11  11  11  11  11  11  11  11  11  11  11  11  11  11  11  11  11       4      10 
                                 10       4      11                                                                      11       4      10 
                                 10       4      11      15  15  15  15  15  15  15  15  15  15  15  15  15  15  15      11       4      10 
                                 10       4      11      15                                                      15      11       4      10 
                                 10       4      11      15       6   6   6   6   6   6   6   6   6   6   6      15      11       4      10 
                                 10       4      11      15       6                                       6      15      11       4      10 
                                 10       4      11      15       6      13  13  13  13  13  13  13       6      15      11       4      10 
                                 10       4      11      15       6      13                      13       6      15      11       4      10 
                                 10       4      11      15       6   6  -1   5   5              13       6      15      11       4      10 
                                 10       4      11      15              12       5              13       6      15      11       4      10 
                                 10       4      11      15  15  15  15  -2  14  -1  13  13  13  13       6      15      11       4      10 
                                 10       4      11                      11      22                       6      15      11       4      10 
                                 10       4      11  11  11  11  11  11  11      22                       6      15      11       4      10 
                                 10       4                                      22                       6      15      11       4      10 
                                 10       4   4   4   4   4   4   4   4   4   4  -2   1   1   1   1   1  -1   2  -2   3  -1   4   4      10 
                                 10                                              21                       7      16      10              10 
                                 10                                              21                       7      16      10  10  10  10  10 
                                 10                                              21                       7      16                         
                                 10  10  10  10  10  10  10  10  10  10  10      21                       7      16                         
                                                                         10      21                       7      16                         
 16  16  16  16  16  16  16  16  16  16  16  16  16  16  16  16  16  16  -2  17  -1  18  18               7      16                         
 16                                                                       9      20      18               7      16                         
 16       7   7   7   7   7                                               9      20      18               7      16                         
 16       7               7                                               9      20      18               7      16                         
 16       7      18  18  -2  19  19  19  19  19  19  19  19  19  19  19  -1  20  20      18               7      16                         
 16       7      18       8                                               8              18               7      16                         
 16       7      18       8   8   8   8   8   8   8   8   8   8   8   8   8              18               7      16                         
 16       7      18                                                                      18               7      16                         
 16       7      18  18  18  18  18  18  18  18  18  18  18  18  18  18  18  18  18  18  18               7      16                         
 16       7                                                                                               7      16                         
 16       7   7   7   7   7   7   7   7   7   7   7   7   7   7   7   7   7   7   7   7   7   7   7   7   7      16                         
 16                                                                                                              16                         
 16  16  16  16  16  16  16  16  16  16  16  16  16  16  16  16  16  16  16  16  16  16  16  16  16  16  16  16  16                         
