                                 19  19  19  19  19  19  19  19  19  19  19  19  19  19  19  19  19  19  19  19  19  19  19         
                                 19                                                                                      19         
                                 19      17  17  17  17  17  17  17  17  17  17  17  17  17  17  17  17  17  17  17      19         
                                 19      17                                                                      17      19         
                                 19      17       5   5   5   5   5   5   5   5   5   5   5   5   5   5   5      17      19         
                                 19      17       5                                                       5      17      19         
                                 19      17       5       7   7   7   7   7   7   7   7   7               5      17      19         
                                 19      17       5       7                               7               5      17      19         
                                 19      17       5       7       1   1   1   1   1       7               5      17      19         
                                 19      17       5       7       1               1       7               5      17      19         
                                 19      17       5       7   7  -2   6   6       1       7      18  18  -1  17  17      19         
                                 19      17       5               2       6       1       7      18      22              19         
 14  14  14  14  14  14  14      19      17       5               2       6       1       7      18      22              19         
 14                      14      19      17       5               2       6       1       7      18      22              19         
 14      20  20  20  20  -1  19  19      17       5   5   5   5  -1   6   6       1       7      18  18  -2  19  19  19  19         
 14      20              15              17                       3               1       7              21                         
 14      20       8   8  -2   9   9   9  -1  10  10  10  10  10  -2  11  11  11  -1  12  -2  13  13  13  -1  14  14  14  14  14  14 
 14      20       8      16              16                       4               4       8              20                      14 
 14      20       8      16  16  16  16  16                       4               4       8              20                      14 
 14      20       8                                               4               4       8              20                      14 
 14      20       8                                               4   4   4   4   4       8              20                      14 
 14      20       8                                                                       8              20                      14 
 14      20       8   8   8   8   8   8   8   8   8   8   8   8   8   8   8   8   8   8   8              20                      14 
 14      20                                                                                              20                      14 
 14      20  20  20  20  20  20  20  20  20  20  20  20  20  20  20  20  20  20  20  20  20  20  20  20  20                      14 
 14                                                                                                                              14 
 14  14  14  14  14  14  14  14  14  14  14  14  14  14  14  14  14  14  14  14  14  14  14  14  14  14  14  14  14  14  14  14  14 
