         17  17  17  17  17  17  17  17  17  17  17  17  17  17  17  17  17  17  17                 
         17                                                                      17                 
         17       1   1   1   1   1   1   1   1   1   1   1   1   1   1   1      17                 
         17       1                                                       1      17                 
         17       1                                      18  18  18  18  -1  17  17                 
         17       1                                      18               4                         
         17       1      14  14  14  14  14  14  14      18               4                         
         17       1      14                      14      18               4                         
         17       1      14      21  21  21      14      18               4                         
         17       1      14      21      21      14      18               4                         
  8   8  -1   7  -2   6  -1   5  -2  12  -1  11  -2  10  -1   9   9   9  -2   8   8   8   8   8   8 
  8      16       2      15      22      20      13      19               3                       8 
  8      16       2      15      22      20  20  -1  19  19      15  15  -1  16  16  16  16       8 
  8      16       2      15      22              22              15       2              16       8 
  8      16       2      15      22  22  22  22  22              15       2              16       8 
  8      16       2      15                                      15       2              16       8 
  8      16       2      15  15  15  15  15  15  15  15  15  15  15       2              16       8 
  8      16       2                                                       2              16       8 
  8      16       2   2   2   2   2   2   2   2   2   2   2   2   2   2   2              16       8 
  8      16                                                                              16       8 
  8      16  16  16  16  16  16  16  16  16  16  16  16  16  16  16  16  16  16  16  16  16       8 
  8                                                                                               8 
  8   8   8   8   8   8   8   8   8   8   8   8   8   8   8   8   8   8   8   8   8   8   8   8   8 
