                 19  19  19  19  19  19  19  19  19  19  19  19  19  19  19  19  19  19  19         
                 19                                                                      19         
                 19       2   2   2   2   2   2   2   2   2   2   2   2   2   2   2      19         
                 19       2                                                       2      19         
                 19       2               6   6   6   6   6   6   6   6   6       2      19         
                 19       2               6                               6       2      19         
                 19       2               6      15  15  15  15  15       6       2      19         
                 19       2               6      15              15       6       2      19         
                 19  19  -1  20  20  20  -2  21  -1  22  22  22  -2   9  -1  10  -2  11  -1  12  12 
                          3               5      14              16       7       1      18      12 
 12  12  12  12  12  12  -2  13  13       5      14       8   8  -1   7   7       1      18      12 
 12                       4      13       5      14       8      17               1      18      12 
 12      14  14  14  14  -1  13  13       5      14       8   8  -2   1   1   1   1      18      12 
 12      14               5               5      14              18                      18      12 
 12      14               5               5      14              18  18  18  18  18  18  18      12 
 12      14               5               5      14                                              12 
 12      14               5   5   5   5   5      14                                              12 
 12      14                                      14                                              12 
 12      14  14  14  14  14  14  14  14  14  14  14                                              12 
 12                                                                                              12 
 12  12  12  12  12  12  12  12  12  12  12  12  12  12  12  12  12  12  12  12  12  12  12  12  12 
