 13  13  13  13  13  13  13  13  13  13  13  13  13  13  13  13  13  13  13  13  13  13  13  13  13         
 13                                                                                              13         
 13      21  21  21  21  21  21  21  21  21  21  21  21  21  21  21  21  21  21  21  21  21      13         
 13      21                                                                              21      13         
 13      21      14  14  14  14  14                                                      21      13         
 13      21      14              14                                                      21      13         
 13      21  21  -2  20  20  20  -1  19  19  19  19  19  19                              21      13         
 13              13              15                      19                              21      13         
 13  13  13  13  13              15                      19                              21      13         
                                 15                      19                              21      13         
                                 15                      19              10  10  10      21      13         
                                 15                      19              10      10      21      13         
                                 15      17  17  17      19              10      10      21      13         
                                 15      17      17      19              10      10      21      13         
                          4   4  -2   5  -1   6  -2   7  -1   8   8   8  -2   1  -1   2  -2   3  -1   4   4 
                          4      16      16      18      18               9      11      22      12       4 
                          4      16      16      18  18  18               9      11      22      12       4 
                          4      16      16                               9      11      22      12       4 
                          4      16  16  16                               9      11      22      12       4 
                          4                                               9      11      22      12       4 
                          4                                      12  12  -1  11  11      22      12       4 
                          4                                      12      22              22      12       4 
                          4                                      12      22  22  22  22  22      12       4 
                          4                                      12                              12       4 
                          4                                      12  12  12  12  12  12  12  12  12       4 
                          4                                                                               4 
                          4   4   4   4   4   4   4   4   4   4   4   4   4   4   4   4   4   4   4   4   4 
