 10  10  10  10  10  10  10  10  10  10  10  10  10                                                                 
 10                                              10                                                                 
 10              20  20  20  20  20  20  20      10                                                                 
 10              20                      20      10                                                                 
 10  10  10  10  -1   9   9   9   9      20      10                                                                 
                 21               9      20      10                                                                 
                 21               9      20      10       3   3   3   3   3   3   3   3   3   3   3   3   3   3   3 
                 21               9      20      10       3                                                       3 
                 21               9      20      10       3                       6   6   6   6   6               3 
                 21               9      20      10       3                       6               6               3 
                 21               9      20      10       3      13  13  13       6               6               3 
                 21               9      20      10       3      13      13       6               6               3 
         18  18  -2  19  19  19  -1  20  20      10       3   3  -1   4  -2   1  -1   2   2   2  -2   3   3   3   3 
         18      22               8              10              12      14       7               5                 
         18      22      17  17  -2  16  16  16  -1  15  15  15  -2  14  14       7      17  17  -1  18  18         
         18      22      17       7              11              11               7      17      22      18         
         18      22      17       7              11  11  11  11  11               7      17      22      18         
         18      22      17       7                                               7      17      22      18         
         18      22      17       7   7   7   7   7   7   7   7   7   7   7   7   7      17      22      18         
         18      22      17                                                              17      22      18         
         18      22      17  17  17  17  17  17  17  17  17  17  17  17  17  17  17  17  17      22      18         
         18      22                                                                              22      18         
         18      22  22  22  22  22  22  22  22  22  22  22  22  22  22  22  22  22  22  22  22  22      18         
         18                                                                                              18         
         18  18  18  18  18  18  18  18  18  18  18  18  18  18  18  18  18  18  18  18  18  18  18  18  18         
