 18  18  18  18  18  18  18  18  18  18  18  18  18  18  18  18  18  18  18  18  18  18  18  18  18                 
 18                                                                                              18                 
 18      12  12  12  12  12  12  12  12  12  12  12  12  12  12  12  12  12  12  12              18                 
 18      12                                                                      12              18                 
 18      12                                                      17  17  17  17  -1  18  18  18  18                 
 18      12                                                      17              13                                 
 18      12                                                      17       5   5  -2   4   4   4   4   4   4   4   4 
 18      12                                                      17       5      14                               4 
 18      12                                                      17       5   5  -1   6   6   6   6   6   6       4 
 18      12                                                      17              15                       6       4 
 18      12      19  19  19  19  19  19  19  19  19  19  19      17              15                       6       4 
 18      12      19                                      19      17              15                       6       4 
 18      12      19                       1   1   1      19      17              15                       6       4 
 18      12      19                       1       1      19      17              15                       6       4 
 18      12      19       3   3   3       1       1      19      17              15                       6       4 
 18      12      19       3       3       1       1      19      17              15                       6       4 
 18      12  12  -1  11  -2  10  -1   9  -2   8  -1   7  -2  22  -1  21  21  21  -2  20  20               6       4 
 18              18       4       2       2       6      20      16              16      20               6       4 
 18  18  18  18  18       4       2       2       6      20      16              16      20               6       4 
                          4       2       2       6      20      16              16      20               6       4 
                          4       2       2       6      20      16  16  16  16  16      20               6       4 
                          4       2       2       6      20                              20               6       4 
                          4       2       2       6      20  20  20  20  20  20  20  20  20               6       4 
                          4       2       2       6                                                       6       4 
                          4       2       2       6   6   6   6   6   6   6   6   6   6   6   6   6   6   6       4 
                          4       2       2                                                                       4 
                          4       2   2   2                                                                       4 
                          4                                                                                       4 
                          4   4   4   4   4   4   4   4   4   4   4   4   4   4   4   4   4   4   4   4   4   4   4 
