          8   8   8   8   8   8   8   8   8   8   8   8   8   8   8   8   8   8   8   8   8   8   8   8   8   8   8   8   8   8   8   8   8 
          8                                                                                                                               8 
          8                                       1   1   1   1   1   1   1   1   1   1   1   1   1   1   1   1   1   1   1   1   1       8 
          8                                       1                                                                               1       8 
          8                                       1      18  18  18  18  18  18  18  18  18  18  18  18  18                       1       8 
          8                                       1      18                                              18                       1       8 
          8                                       1      18                              12  12  12      18                       1       8 
          8                                       1      18                              12      12      18                       1       8 
          8      15  15  15                       1      18                              12      12      18                       1       8 
          8      15      15                       1      18                              12      12      18                       1       8 
          8   8  -1   7  -2  22  22  22  22  22  -1  21  -2  20  20  20  20  20  20  20  -1  19  -2  18  18                       1       8 
                 14      16                       6      17                              13      11                               1       8 
                 14      16  16  16  16  16       6      17                              13      11                               1       8 
                 14                      16       6      17                              13      11                               1       8 
                 14                      16       6      17              13  13  13  13  13      11                               1       8 
                 14                      16       6      17              13                      11                               1       8 
                 14                      16       6      17              13                      11               9   9   9       1       8 
                 14                      16       6      17              13                      11               9       9       1       8 
  4   4   4   4  -2   5   5   5   5      16       6   6  -1   5   5      13       4   4   4   4  -1   3   3   3  -2   2  -1   1   1       8 
  4              13               5      16              16       5      13       4              10              10       8               8 
  4              13               5      16  16  16  16  16       5      13       4              10              10       8               8 
  4              13               5                               5      13       4              10              10       8               8 
  4              13               5                               5      13       4              10  10  10  10  10       8               8 
  4              13               5                               5      13       4                                       8               8 
  4              13               5                               5      13       4                                       8   8   8   8   8 
  4              13               5                               5      13       4                                                         
  4              13               5   5   5   5   5   5   5   5   5      13       4                                                         
  4              13                                                      13       4                                                         
  4              13  13  13  13  13  13  13  13  13  13  13  13  13  13  13       4                                                         
  4                                                                               4                                                         
  4   4   4   4   4   4   4   4   4   4   4   4   4   4   4   4   4   4   4   4   4                                                         
