                          5   5   5   5   5   5   5   5   5   5   5   5   5   5   5   5   5   5   5   5   5   5   5 
                          5                                                                                       5 
                          5      14  14  14  14  14  14  14  14  14  14  14  14  14  14  14  14  14               5 
                          5      14                                                              14               5 
                          5      14               8   8   8   8   8                              14               5 
                          5      14               8               8                              14               5 
                          5      14               8               8      10  10  10              14               5 
                          5      14               8               8      10      10              14               5 
                          5   5  -1   6   6   6  -2   1   1   1  -1   2  -2   3  -1   4   4   4  -2   5   5   5   5 
                                 15               7               9       9      11              13                 
                                 15               7               9   9   9      11              13                 
                                 15               7                              11              13                 
 17  17  17  17  17              15               7                              11              13                 
 17              17              15               7                              11              13                 
 17      22  22  -1  21  21  21  -2  20  20  20  -1  19  19                      11      18  18  -1  17  17         
 17      22      16              16              12      19                      11      18      22      17         
 17      22      16  16  16  16  16              12      19                      11      18      22      17         
 17      22                                      12      19                      11      18      22      17         
 17      22                              18  18  -2  19  19                      11      18      22      17         
 17      22                              18      11                              11      18      22      17         
 17      22                              18      11  11  11  11  11  11  11  11  11      18      22      17         
 17      22                              18                                              18      22      17         
 17      22                              18  18  18  18  18  18  18  18  18  18  18  18  18      22      17         
 17      22                                                                                      22      17         
 17      22  22  22  22  22  22  22  22  22  22  22  22  22  22  22  22  22  22  22  22  22  22  22      17         
 17                                                                                                      17         
 17  17  17  17  17  17  17  17  17  17  17  17  17  17  17  17  17  17  17  17  17  17  17  17  17  17  17         
