                 21  21  21  21  21  21  21  21  21  21  21  21  21  21  21  21  21  21  21  21  21  21  21 
                 21                                                                                      21 
                 21       9   9   9   9   9   9   9   9   9   9   9   9   9   9   9   9   9   9   9      21 
                 21       9                                                                       9      21 
                 21  21  -1  22  22  22  22  22  22                                               9      21 
                          8                      22                                               9      21 
                          8                      22              18  18  18  18  18  18  18       9      21 
                          8                      22              18                      18       9      21 
                          8                      22              18      20  20  20      18       9      21 
                          8                      22              18      20      20      18       9      21 
 17  17  17  17  17  17  -2  16  16      14  14  -1  13  13  13  -2  12  -1  11  -2  10  -1   9   9      21 
 17                       7      16      14       5              17      21      19      19              21 
 17                       7      16      14       5              17      21      19  19  19              21 
 17                       7      16      14       5              17      21                              21 
 17                       7      16      14       5              17      21  21  21  21  21  21  21  21  21 
 17                       7      16      14       5              17                                         
 17       2   2   2   2  -1   1  -2   4  -1   3  -2   2   2      17                                         
 17       2               6      15      15       6       2      17                                         
 17       2               6      15  15  15       6       2      17                                         
 17       2               6                       6       2      17                                         
 17       2               6   6   6   6   6   6   6       2      17                                         
 17       2                                               2      17                                         
 17       2   2   2   2   2   2   2   2   2   2   2   2   2      17                                         
 17                                                              17                                         
 17  17  17  17  17  17  17  17  17  17  17  17  17  17  17  17  17                                         
