 20  20  20  20  20  20  20  20  20  20  20  20  20  20  20  20  20  20  20  20  20  20  20  20  20                 
 20                                                                                              20                 
 20      14  14  14  14  14  14  14  14  14  14  14  14  14  14  14  14  14  14  14  14  14      20                 
 20      14                                                                              14      20                 
 20      14      21  21  21  21  21  21  21  21  21  21  21  21  21  21  21  21  21      14      20                 
 20      14      21                                                              21      14      20                 
 20      14      21                       1   1   1                              21      14      20                 
 20      14      21                       1       1                              21      14      20                 
 20      14      21       3   3   3       1       1                              21      14      20                 
 20      14      21       3       3       1       1                              21      14      20                 
 20      14      21       3       3       1       1      17  17  17  17  17      21      14      20                 
 20      14      21       3       3       1       1      17              17      21      14      20                 
 20      14  14  -1  13  -2  12  -1  11  -2  10  -1   9  -2  22  22  22  -1  21  21      14      20                 
 20              20       4       2       2       8      18              16              14      20                 
 20  20  20  20  20       4       2       2       8      18              16              14      20                 
                          4       2       2       8      18              16              14      20                 
                          4       2   2   2       8      18              16              14      20                 
                          4                       8      18              16              14      20                 
                          4                       8      18       7   7  -2   6   6   6  -1   5  -2   4   4   4   4 
                          4                       8      18       7      15              15      19               4 
                          4                       8      18       7      15  15  15  15  15      19               4 
                          4                       8      18       7                              19               4 
                          4                       8      18       7   7   7   7   7   7   7   7  -1   8   8       4 
                          4                       8      18                                      18       8       4 
                          4                       8      18  18  18  18  18  18  18  18  18  18  18       8       4 
                          4                       8                                                       8       4 
                          4                       8   8   8   8   8   8   8   8   8   8   8   8   8   8   8       4 
                          4                                                                                       4 
                          4   4   4   4   4   4   4   4   4   4   4   4   4   4   4   4   4   4   4   4   4   4   4 
