  8   8   8   8   8   8   8   8   8   8   8   8   8   8   8   8   8   8   8   8   8   8   8   8   8   8   8 
  8                                                                                                       8 
  8                              19  19  19  19  19  19  19  19  19  19  19  19  19  19  19  19  19       8 
  8                              19                                                              19       8 
  8                              19              10  10  10                                      19       8 
  8                              19              10      10                                      19       8 
  8                              19              10      10      13  13  13                      19       8 
  8                              19              10      10      13      13                      19       8 
  8                              19              10      10      13      13      15  15  15      19       8 
  8                              19              10      10      13      13      15      15      19       8 
  8   8   8   8   8   8   8   8  -2   1   1   1  -1   2  -2   3  -1   4  -2   5  -1   6  -2   7  -1   8   8 
                                 20              11       9      12      14      14      16      18         
                                 20              11       9      12      14  14  14      16      18         
                                 20              11       9      12                      16      18         
         18  18  18  18  18  18  -1  17  17      11       9      12                      16      18         
         18                      21      17      11       9      12                      16      18         
         18      16  16  16  16  -2  17  17      11       9      12                      16      18         
         18      16              22              11       9      12                      16      18         
         18      16      12  12  -1  11  11  11  11       9      12                      16      18         
         18      16      12       9                       9      12                      16      18         
         18      16      12       9   9   9   9   9   9   9      12                      16      18         
         18      16      12                                      12                      16      18         
         18      16      12  12  12  12  12  12  12  12  12  12  12                      16      18         
         18      16                                                                      16      18         
         18      16  16  16  16  16  16  16  16  16  16  16  16  16  16  16  16  16  16  16      18         
         18                                                                                      18         
         18  18  18  18  18  18  18  18  18  18  18  18  18  18  18  18  18  18  18  18  18  18  18         
