 10  10  10  10  10  10  10  10  10  10  10  10  10  10  10  10  10  10  10  10  10  10  10  10  10 
 10                                                                                              10 
 10                                      19  19  19  19  19  19  19  19  19  19  19  19  19      10 
 10                                      19                                              19      10 
 10                                      19      17  17  17  17  17  17  17  17  17      19      10 
 10                                      19      17                              17      19      10 
 10                                      19      17       8   8   8   8   8      17      19      10 
 10                                      19      17       8               8      17      19      10 
 10                                      19      17  17  -2  16  16       8      17      19      10 
 10                                      19               7      16       8      17      19      10 
 10                                      19  19  19  19  -1  20  -2  21  -1  22  -2   9  -1  10  10 
 10                                                       6      15       1      18      18         
 10                                                       6      15       1      18  18  18         
 10                                                       6      15       1                         
 10       2   2   2                                       6      15       1                         
 10       2       2                                       6      15       1                         
 10       2       2       4   4   4                       6      15       1                         
 10       2       2       4       4                       6      15       1                         
 10  10  -2  11  -1  12  -2  13  -1  14  14  14  14  14  -2  15  15       1                         
          1       3       3       5                       5               1                         
          1       3       3       5   5   5   5   5   5   5               1                         
          1       3       3                                               1                         
          1       3   3   3                                               1                         
          1                                                               1                         
          1   1   1   1   1   1   1   1   1   1   1   1   1   1   1   1   1                         
