                                         12  12  12  12  12  12  12  12  12  12  12  12  12  12  12  12  12 
                                         12                                                              12 
                                         12       3   3   3   3   3   3   3   3   3   3   3   3   3      12 
                                         12       3                                               3      12 
                                         12       3                       6   6   6   6   6       3      12 
                                         12       3                       6               6       3      12 
                                         12       3      13  13  13       6               6       3      12 
                                         12       3      13      13       6               6       3      12 
                                         12       3   3  -1   4  -2   1  -1   2   2   2  -2   3   3      12 
                                         12              12      14       7               5              12 
                                         12  12  12  12  12      14       7               5              12 
                                                                 14       7               5              12 
                          8   8   8   8   8   8   8   8   8   8  -1   7   7      11  11  -1  12  12  12  12 
                          8                                      15              11      10                 
 10  10  10  10  10       8                                      15              11      10                 
 10              10       8                                      15              11      10                 
 10              10       8      17  17  17  17  17  17  17      15              11      10                 
 10              10       8      17                      17      15              11      10                 
 10      18  18  -2  19  -1  20  -2  21  21  21  21  21  -1  22  -2  11  11  11  11      10                 
 10      18       9       9      18                      16      16                      10                 
 10      18       9       9      18                      16  16  16                      10                 
 10      18       9       9      18                                                      10                 
 10      18       9   9   9      18                                                      10                 
 10      18                      18                                                      10                 
 10      18  18  18  18  18  18  18                                                      10                 
 10                                                                                      10                 
 10  10  10  10  10  10  10  10  10  10  10  10  10  10  10  10  10  10  10  10  10  10  10                 
