  5   5   5   5   5   5   5   5   5   5   5   5   5                                         
  5                                               5                                         
  5      21  21  21  21  21  21  21  21  21  21  -1  22  22  22  22  22  22  22  22  22  22 
  5      21                                       4                                      22 
  5      21      13  13  13  13  13  13  13  13  -2  12  12  12  12  12  12  12  12      22 
  5      21      13                               3                              12      22 
  5      21      13              10  10  10  10  -1   9   9                      12      22 
  5      21      13              10               2       9                      12      22 
  5      21      13              10  10  10  10  -2  11  -1  12  12  12  12  12  12      22 
  5      21      13                               1      22                              22 
  5      21      13                               1      22  22  22  22  22  22  22  22  22 
  5      21      13                               1                                         
  5      21      13                      17  17  -1  18  18  18  18  18  18                 
  5      21      13                      17       8                      18                 
  5      21      13                      17  17  -2  16  16  16  16      18                 
  5      21      13                               7              16      18                 
  5      21      13      20  20  20  20  20  20  -1  19  19      16      18                 
  5      21      13      20                       6      19      16      18                 
  5      21      13  13  -1  14  14  14  14  14  -2  15  -1  16  16      18                 
  5      21              21                       5      18              18                 
  5      21  21  21  21  21                       5      18              18                 
  5                                               5      18              18                 
  5                                               5      18  18  18  18  18                 
  5                                               5                                         
  5   5   5   5   5   5   5   5   5   5   5   5   5                                         
