  5   5   5   5   5   5   5   5   5   5   5                                                                 
  5                                       5                                                                 
  5      13  13  13  13  13  13  13  13  -1  14  14                                                         
  5      13                               4      14                                                         
  5      13      15  15  15  15  15  15  -2  14  14                                                         
  5      13      15                       3                                                                 
  5      13      15               8   8  -1   7   7   7   7   7   7   7   7   7   7   7   7   7   7   7   7 
  5      13      15               8       2                                                               7 
  5      13      15               8   8  -2   9   9   9   9   9   9   9   9   9   9   9   9   9   9       7 
  5      13      15                       1                                                       9       7 
  5      13      15      22  22  22  22  -1  21  21  21  21  21  21  21  21  21  21  21  21       9       7 
  5      13      15      22               6                                              21       9       7 
  5      13      15      22               6              12  12  12  12  12  12  12      21       9       7 
  5      13      15      22               6              12                      12      21       9       7 
  5      13      15      22               6              12      10  10  10      12      21       9       7 
  5      13      15      22               6              12      10      10      12      21       9       7 
  5      13      15  15  -1  16  16  16  -2  17  17  17  -1  18  -2  19  -1  20  -2  21  21       9       7 
  5      13              13               5               7       9      11      11               9       7 
  5      13  13  13  13  13               5               7       9      11      11               9       7 
  5                                       5               7       9      11      11               9       7 
  5                                       5               7       9      11  11  11               9       7 
  5                                       5               7       9                               9       7 
  5                                       5               7       9   9   9   9   9   9   9   9   9       7 
  5                                       5               7                                               7 
  5                                       5               7   7   7   7   7   7   7   7   7   7   7   7   7 
  5                                       5                                                                 
  5   5   5   5   5   5   5   5   5   5   5                                                                 
