 20  20  20  20  20  20  20  20  20  20  20  20  20  20  20  20  20  20  20  20  20  20  20  20  20                                                 
 20                                                                                              20                                                 
 20      16  16  16  16  16  16  16  16  16  16  16  16  16  16  16  16  16  16  16  16  16      20                                                 
 20      16                                                                              16      20                                                 
 20      16                       8   8   8   8   8   8   8   8   8   8   8   8   8      16      20                                                 
 20      16                       8                                               8      16      20                                                 
 20      16                       8      19  19  19  19  19  19  19  19  19       8      16      20                                                 
 20      16                       8      19                              19       8      16      20                                                 
 20      16                       8      19               7   7   7      19       8      16      20                                                 
 20      16                       8      19               7       7      19       8      16      20                                                 
 20      16                       8      19      17  17  -1  18  -2  19  19       8      16      20                                                 
 20      16                       8      19      17       6       8               8      16      20                                                 
 20      16                       8      19      17       6       8   8   8   8   8      16      20                                                 
 20      16                       8      19      17       6                              16      20                                                 
 20      16                       8      19      17  17  -2  16  16  16  16  16  16  16  16      20                                                 
 20      16                       8      19               5                                      20                                                 
 20      16                       8      19  19  19  19  -1  20  20  20  20  20  20  20  20  20  20                                                 
 20      16                       8                       4                                                                                         
 20      16                       8                       4      22  22  22  22  22  22  22  22  22  22  22  22  22  22  22  22  22  22  22  22  22 
 20      16                       8                       4      22                                                                              22 
 20      16                       8                       4      22                                       1   1   1   1   1   1   1   1   1      22 
 20      16                       8                       4      22                                       1                               1      22 
 20      16                       8                       4      22                                       1       3   3   3   3   3       1      22 
 20      16                       8                       4      22                                       1       3               3       1      22 
 20      16      21  21  21       8                       4      22                                       1       3               3       1      22 
 20      16      21      21       8                       4      22                                       1       3               3       1      22 
 20      16  16  -1  15  -2  14  -1  13  13  13  13  13  -2  12  -1  11  11  11  11  11  11  11  11  11  -2  10  -1   9   9       3       1      22 
 20              20      22       1                       3       9                                       2       2       9       3       1      22 
 20  20  20  20  20      22       1                       3       9                                       2       2       9       3       1      22 
                         22       1                       3       9                                       2       2       9       3       1      22 
                         22       1                       3       9                                       2   2   2       9       3       1      22 
                         22       1                       3       9                                                       9       3       1      22 
                         22       1                       3       9   9   9   9   9   9   9   9   9   9   9   9   9   9   9       3       1      22 
                         22       1                       3                                                                       3       1      22 
                         22       1                       3   3   3   3   3   3   3   3   3   3   3   3   3   3   3   3   3   3   3       1      22 
                         22       1                                                                                                       1      22 
                         22       1   1   1   1   1   1   1   1   1   1   1   1   1   1   1   1   1   1   1   1   1   1   1   1   1   1   1      22 
                         22                                                                                                                      22 
                         22  22  22  22  22  22  22  22  22  22  22  22  22  22  22  22  22  22  22  22  22  22  22  22  22  22  22  22  22  22  22 
