                                                          7   7   7   7   7   7   7   7   7   7   7 
                                                          7                                       7 
 14  14  14  14  14  14  14  14  14  14  14  14  14  14  -1  13  13  13  13  13  13               7 
 14                                                       6                      13               7 
 14      21  21  21  21  21  21  21  21  21  21  21  21  -2  20  20              13               7 
 14      21                                               5      20              13               7 
 14      21      19  19  19  19  19  19  19  19  19  19  -1  20  20              13               7 
 14      21      19                                       4                      13               7 
 14      21      19                              12  12  -2  13  13  13  13  13  13               7 
 14      21      19                              12       3                                       7 
 14      21      19                              12  12  -1  11  11  11  11  11  11  11  11       7 
 14      21      19                                       2                              11       7 
 14      21      19                      10  10  10  10  -2  11  11  11  11  11  11  11  11       7 
 14      21      19                      10               1                                       7 
 14      21      19      22  22  22      10               1                                       7 
 14      21      19      22      22      10               1                                       7 
 14      21      19  19  -2  18  -1  17  -2  16  16  16  -1  15  15  15  15                       7 
 14      21              21       9       9               8              15                       7 
 14      21  21  21  21  21       9       9               8              15                       7 
 14                               9       9               8              15                       7 
 14                               9   9   9               8              15                       7 
 14                                                       8              15                       7 
 14  14  14  14  14  14  14  14  14  14  14  14  14  14  -2  15  15  15  15                       7 
                                                          7                                       7 
                                                          7   7   7   7   7   7   7   7   7   7   7 
