         17  17  17  17  17  17  17  17  17  17  17  17  17  17  17  17  17  17  17  17  17  17  17  17  17 
         17                                                                                              17 
         17      15  15  15  15  15  15  15  15  15  15  15  15  15  15  15  15  15  15  15  15  15      17 
         17      15                                                                              15      17 
         17      15      14  14  14  14  14  14  14  14  14  14  14  14  14  14  14  14  14      15      17 
         17      15      14                                                              14      15      17 
         17      15      14       1   1   1   1   1                                      14      15      17 
         17      15      14       1               1                                      14      15      17 
         17      15      14       1               1                      20  20  20      14      15      17 
         17      15      14       1               1                      20      20      14      15      17 
         17      15      14       1      11  11  -1  12  12  12  12  12  -2  13  -1  14  14      15      17 
         17      15      14       1      11       4                      19      21              15      17 
         17      15      14       1      11  11  -2  10  10  10  10      19  19  -2  18  18  18  -1  17  17 
         17      15      14       1               3              10              22              22         
         17      15      14       1               3              10              22  22  22  22  22         
         17      15      14       1               3              10                                         
 10  10  -1   9  -2   8  -1   7  -2   6   6   6  -1   5   5      10                                         
 10      16      16       5       2               2       5      10                                         
 10      16  16  16       5       2               2       5      10                                         
 10                       5       2               2       5      10                                         
 10                       5       2   2   2   2   2       5      10                                         
 10                       5                               5      10                                         
 10                       5   5   5   5   5   5   5   5   5      10                                         
 10                                                              10                                         
 10  10  10  10  10  10  10  10  10  10  10  10  10  10  10  10  10                                         
