                          3   3   3   3   3   3   3   3   3   3   3   3   3   3   3   3   3   3   3   3   3   3   3   3   3 
                          3                                                                                               3 
                          3       1   1   1   1   1   1   1   1   1   1   1   1   1   1   1   1   1   1   1   1   1       3 
                          3       1                                                                               1       3 
                          3       1      21  21  21  21  21  21  21  21  21  21  21  21  21  21  21  21  21       1       3 
                          3       1      21                                                              21       1       3 
                          3       1      21      15  15  15  15  15  15  15  15  15  15  15  15  15      21       1       3 
                          3       1      21      15                                              15      21       1       3 
                          3       1      21      15       9   9   9   9   9   9   9              15      21       1       3 
                          3       1      21      15       9                       9              15      21       1       3 
 19  19  19  19  19       3       1      21      15       9                       9              15      21       1       3 
 19              19       3       1      21      15       9                       9              15      21       1       3 
 19      14  14  -1  13  -2  12  -1  11  -2  18  -1  17  -2  16  16  16  16  16  -1  15  15  15  15      21       1       3 
 19      14      22       4       4      22      14      10                       8                      21       1       3 
 19      14      22       4   4   4      22      14      10                       8                      21       1       3 
 19      14      22                      22      14      10                       8                      21       1       3 
 19      14      22  22  22  22  22  22  22      14      10                       8                      21       1       3 
 19      14                                      14      10                       8                      21       1       3 
 19      14  14  14  14  14  14  14  14  14  14  14      10                       8                      21       1       3 
 19                                                      10                       8                      21       1       3 
 19                                                      10      20  20  20  20  -2  21  21  21  21  21  21       1       3 
 19                                                      10      20               7                               1       3 
 19                                                      10      20       2   2  -1   1   1   1   1   1   1   1   1       3 
 19                                                      10      20       2       6                                       3 
 19                                                      10      20       2   2  -2   3   3   3   3   3   3   3   3   3   3 
 19                                                      10      20               5                                         
 19                                                      10      20  20  20  20  -1  19  19                                 
 19                                                      10                      10      19                                 
 19                                                      10  10  10  10  10  10  10      19                                 
 19                                                                                      19                                 
 19  19  19  19  19  19  19  19  19  19  19  19  19  19  19  19  19  19  19  19  19  19  19                                 
