  7   7   7   7   7   7   7   7   7   7   7                                                 
  7                                       7                                                 
  7                              16  16  -1  15  15  15  15  15  15  15  15  15  15         
  7                              16       6                                      15         
  7                              16  16  -2  17  17                              15         
  7                                       5      17                              15         
  7      18  18  18  18  18  18  18  18  -1  17  17                              15         
  7      18                               4                                      15         
  7      18      12  12  12  12  12  12  -2  13  13  13  13  13  13  13  13      15         
  7      18      12                       3                              13      15         
  7      18      12      10  10  10  10  -1   9   9   9   9   9   9      13      15         
  7      18      12      10               2                       9      13      15         
  7      18      12      10  10  10  10  -2  11  11  11  11       9      13      15         
  7      18      12                       1              11       9      13      15         
  7      18      12  12  12  12  12  12  -1  11  11  11  11       9      13      15         
  7      18                               8                       9      13      15         
  7      18  18  18  18  18  18  18  18  -2  19  19  19  19  19  -1  20  -2  21  -1  22  22 
  7                                       7                      22      14      14      22 
  7                                       7                      22      14  14  14      22 
  7                                       7                      22                      22 
  7                                       7                      22  22  22  22  22  22  22 
  7                                       7                                                 
  7   7   7   7   7   7   7   7   7   7   7                                                 
