 18  18  18  18  18  18  18  18  18  18  18  18  18  18  18  18  18  18  18  18  18  18  18  18  18                         
 18                                                                                              18                         
 18      20  20  20  20  20  20  20  20  20  20  20  20  20  20  20  20  20  20  20  20  20      18                         
 18      20                                                                              20      18                         
 18      20      10  10  10  10  10  10  10  10  10  10  10  10  10                      20      18                         
 18      20      10                                              10                      20      18                         
 18      20      10      21  21  21  21  21  21  21  21  21      10                      20      18                         
 18      20      10      21                              21      10                      20      18                         
 18      20      10      21      17  17  17  17  17      21      10                      20      18                         
 18      20      10      21      17              17      21      10                      20      18                         
 18      20      10  10  -1   9  -2  22  22  22  -1  21  21      10                      20      18                         
 18      20              20      18              16              10                      20      18                         
 18      20  20  20  20  20      18              16              10                      20      18                         
 18                              18              16              10                      20      18                         
 18  18  18  18  18  18  18  18  18              16              10                      20      18                         
                                                 16              10                      20      18                         
                                                 16              10      12  12  12      20      18                         
                                                 16              10      12      12      20      18                         
                                                 16              10      12      12      20      18      14  14  14         
                                                 16              10      12      12      20      18      14      14         
                                          8   8  -2   1   1   1  -1   2  -2   3  -1   4  -2   5  -1   6  -2   7  -1   8   8 
                                          8      15              11      11      13      19      19      13      15       8 
                                          8      15              11      11      13      19  19  19      13      15       8 
                                          8      15              11      11      13                      13      15       8 
                                          8      15              11      11      13  13  13  13  13  13  13      15       8 
                                          8      15              11      11                                      15       8 
                                          8      15              11  11  11                                      15       8 
                                          8      15                                                              15       8 
                                          8      15  15  15  15  15  15  15  15  15  15  15  15  15  15  15  15  15       8 
                                          8                                                                               8 
                                          8   8   8   8   8   8   8   8   8   8   8   8   8   8   8   8   8   8   8   8   8 
