                 11  11  11  11  11  11  11  11  11  11  11  11  11  11  11  11  11         
                 11                                                              11         
                 11      15  15  15  15  15  15  15  15  15  15  15  15  15      11         
                 11      15                                              15      11         
                 11      15       6   6   6   6   6   6   6   6   6      15      11         
                 11      15       6                               6      15      11         
                 11      15       6      22  22  22               6      15      11         
                 11      15       6      22      22               6      15      11         
                 11      15  15  -2  14  -1  13  -2  12  12       6      15      11         
                 11               5       5      21      12       6      15      11         
                 11               5   5   5      21      12       6      15      11         
                 11                              21      12       6      15      11         
                 11  11  11  11  11  11  11  11  -1  12  12       6      15      11         
                                                 20               6      15      11         
  4   4   4   4   4   4   4   4   4   4   4   4  -2   1   1   1  -1   2  -2   3  -1   4   4 
  4                                              19               7      16      10       4 
  4                              17  17  17      19               7      16      10       4 
  4                              17      17      19               7      16      10       4 
  4      10  10  10  10  10  10  -1   9  -2   8  -1   7   7   7   7      16      10       4 
  4      10                      16      18      18                      16      10       4 
  4      10                      16      18  18  18                      16      10       4 
  4      10                      16                                      16      10       4 
  4      10                      16  16  16  16  16  16  16  16  16  16  16      10       4 
  4      10                                                                      10       4 
  4      10  10  10  10  10  10  10  10  10  10  10  10  10  10  10  10  10  10  10       4 
  4                                                                                       4 
  4   4   4   4   4   4   4   4   4   4   4   4   4   4   4   4   4   4   4   4   4   4   4 
