  4   4   4   4   4   4   4   4   4   4   4   4   4   4   4   4   4   4   4   4   4   4   4   4   4   4   4 
  4                                                                                                       4 
  4      13  13  13  13  13  13  13  13  13  13  13  13  13  13  13  13  13  13  13  13  13               4 
  4      13                                                                              13               4 
  4      13      15  15  15  15  15  15  15  15  15  15  15  15  15  15  15  15  15      13               4 
  4      13      15                                                              15      13               4 
  4      13      15                              19  19  19  19  19              15      13               4 
  4      13      15                              19              19              15      13               4 
  4      13      15                              19      14  14  -2  15  15  15  15      13               4 
  4      13      15                              19      14      20                      13               4 
  4      13      15                              19      14  14  -1  13  13  13  13  13  13               4 
  4      13      15                              19              21                                       4 
  4      13      15       9   9   9              19              21                                       4 
  4      13      15       9       9              19              21                                       4 
  4   4  -1   3  -2   2  -1   1  -2   6   6   6  -1   5   5   5  -2   4   4   4   4   4   4   4   4   4   4 
         12      16       8      10              18              22                                         
         12      16       8      10      18  18  18              22                                         
         12      16       8      10      18                      22                                         
         12      16       8      10      18      11  11  11  11  -1  12  12  12  12  12  12  12  12         
         12      16       8      10      18      11               7                              12         
         12      16       8      10      18  18  -1  17  17  17  -2  16  16                      12         
         12      16       8      10              10               8      16                      12         
         12      16       8      10  10  10  10  10               8      16                      12         
         12      16       8                                       8      16                      12         
         12      16       8   8   8   8   8   8   8   8   8   8   8      16                      12         
         12      16                                                      16                      12         
         12      16  16  16  16  16  16  16  16  16  16  16  16  16  16  16                      12         
         12                                                                                      12         
         12  12  12  12  12  12  12  12  12  12  12  12  12  12  12  12  12  12  12  12  12  12  12         
