                                 21  21  21  21  21  21  21  21  21  21  21  21  21  21  21  21  21  21  21  21  21  21  21  21  21  21  21 
                                 21                                                                                                      21 
                                 21      10  10  10  10  10  10  10  10  10  10  10  10  10  10  10  10  10  10  10  10  10  10  10      21 
                                 21      10                                                                                      10      21 
                                 21      10      22  22  22  22  22  22  22  22  22  22  22  22  22  22  22  22  22  22  22      10      21 
                                 21      10      22                                                                      22      10      21 
                                 21      10      22       3   3   3   3   3   3   3   3   3   3   3   3   3   3   3      22      10      21 
                                 21      10      22       3                                                       3      22      10      21 
                                 21      10      22       3                               6   6   6   6   6       3      22      10      21 
                                 21      10      22       3                               6               6       3      22      10      21 
                                 21      10      22       3      13  13  13  13  13       6               6       3      22      10      21 
                                 21      10      22       3      13              13       6               6       3      22      10      21 
                                 21      10      22       3   3  -1   4   4   4  -2   1  -1   2   2   2  -2   3   3      22      10      21 
                                 21      10      22              12              14       7               5              22      10      21 
  7   7   7   7   7   7   7      21      10      22              12              14       7               5              22      10      21 
  7                       7      21      10      22              12              14       7               5              22      10      21 
  7      14  14  14  14  -2  15  -1  16  -2  17  -1  18  18  18  -2  19  19      14       7      21  21  -1  22  22  22  22      10      21 
  7      14               8      20       9      11              11      19      14       7      21      10                      10      21 
  7      14               8      20       9      11  11  11  11  11      19      14       7      21      10                      10      21 
  7      14               8      20       9                              19      14       7      21      10                      10      21 
  7      14               8      20       9                              19      14       7      21      10  10  10  10  10  10  10      21 
  7      14               8      20       9                              19      14       7      21                                      21 
  7      14               8      20       9                              19      14       7      21  21  21  21  21  21  21  21  21  21  21 
  7      14               8      20       9                              19      14       7                                                 
  7      14      19  19  -1  20  20       9                              19      14       7                                                 
  7      14      19       9               9                              19      14       7                                                 
  7      14      19       9   9   9   9   9                              19      14       7                                                 
  7      14      19                                                      19      14       7                                                 
  7      14      19  19  19  19  19  19  19  19  19  19  19  19  19  19  19      14       7                                                 
  7      14                                                                      14       7                                                 
  7      14  14  14  14  14  14  14  14  14  14  14  14  14  14  14  14  14  14  14       7                                                 
  7                                                                                       7                                                 
  7   7   7   7   7   7   7   7   7   7   7   7   7   7   7   7   7   7   7   7   7   7   7                                                 
