         19  19  19  19  19  19  19  19  19  19  19  19  19  19  19  19  19  19  19  19  19 
         19                                                                              19 
         19                       1   1   1                                              19 
         19                       1       1                                              19 
         19       3   3   3       1       1                                              19 
         19       3       3       1       1                                              19 
         19       3       3       1       1      15  15  15  15  15  15  15  15  15      19 
         19       3       3       1       1      15                              15      19 
         19       3       3       1       1      15              13  13  13      15      19 
         19       3       3       1       1      15              13      13      15      19 
 12  12  -1  11  -2  10  -1   9  -2   8  -1   7  -2  22  22  22  -1  21  -2  20  -1  19  19 
 12      18       4       2       2       6      16              12      14      14         
 12      18       4       2       2       6      16              12      14  14  14         
 12      18       4       2       2       6      16              12                         
 12      18       4       2   2   2       6      16              12                         
 12      18       4                       6      16              12                         
 12      18       4                       6   6  -1   5   5      12                         
 12      18       4                              17       5      12                         
 12      18       4   4   4   4   4   4   4   4  -2   5   5      12                         
 12      18                                      18              12                         
 12      18  18  18  18  18  18  18  18  18  18  18              12                         
 12                                                              12                         
 12  12  12  12  12  12  12  12  12  12  12  12  12  12  12  12  12                         
