                         21  21  21  21  21  21  21  21  21  21  21  21  21  21  21  21  21  21  21  21  21  21  21 
                         21                                                                                      21 
                         21       3   3   3   3   3   3   3   3   3   3   3   3   3   3   3   3   3              21 
                         21       3                                                               3              21 
                         21       3               1   1   1   1   1   1   1   1   1   1   1       3              21 
                         21       3               1                                       1       3              21 
         19  19  19      21       3               1                                       1       3              21 
         19      19      21       3               1                                       1       3              21 
         19      19      21       3               1                      22  22  22       1       3              21 
         19      19      21       3               1                      22      22       1       3              21 
 16  16  -1  15  -2  14  -1  13  -2  12  12  12  -1  11  11  11  11  11  -2  10  -1   9  -2   8  -1   7   7      21 
 16      18      20      20       4               6                      21       7       2       2       7      21 
 16      18      20  20  20       4               6                      21       7       2       2       7      21 
 16      18                       4               6                      21       7       2       2       7      21 
 16      18                       4               6                      21       7       2   2   2       7      21 
 16      18                       4               6                      21       7                       7      21 
 16      18                       4               6                      21       7   7   7   7   7   7   7      21 
 16      18                       4               6                      21                                      21 
 16      18                       4               6                      21  21  21  21  21  21  21  21  21  21  21 
 16      18                       4               6                                                                 
 16      18                       4      17  17  -2  16  16  16  16                                                 
 16      18                       4      17       5              16                                                 
 16      18                       4      17  17  -1  18  18      16                                                 
 16      18                       4               4      18      16                                                 
 16      18                       4   4   4   4   4      18      16                                                 
 16      18                                              18      16                                                 
 16      18  18  18  18  18  18  18  18  18  18  18  18  18      16                                                 
 16                                                              16                                                 
 16  16  16  16  16  16  16  16  16  16  16  16  16  16  16  16  16                                                 
