         17  17  17  17  17  17  17  17  17  17  17  17  17  17  17  17  17  17  17  17  17  17  17  17  17  17  17 
         17                                                                                                      17 
         17      21  21  21  21  21  21  21  21  21  21  21  21  21  21  21  21  21  21  21  21  21  21  21      17 
         17      21                                                                                      21      17 
         17      21                                      11  11  11  11  11  11  11  11  11  11  11      21      17 
         17      21                                      11                                      11      21      17 
         17      21                                      11      19  19  19  19  19  19  19      11      21      17 
         17      21                                      11      19                      19      11      21      17 
         17      21                                      11      19      12  12  12  12  -1  11  11      21      17 
         17      21                                      11      19      12              18              21      17 
         17      21                                      11      19  19  -1  20  20  20  -2  21  21  21  21      17 
         17      21                                      11              13              17                      17 
         17      21                                      11              13              17  17  17  17  17  17  17 
         17      21                                      11              13                                         
         17      21       9   9   9   9   9   9   9      11              13                                         
         17      21       9                       9      11              13                                         
         17      21       9      15  15  15       9      11              13                                         
         17      21       9      15      15       9      11              13                                         
  8   8  -1   7  -2   6  -1   5  -2   4  -1   3  -2   2  -1   1   1   1  -2   8   8                                 
  8      16      22      22      16      14      10      10              14       8                                 
  8      16      22  22  22      16      14      10      10              14       8                                 
  8      16                      16      14      10      10              14       8                                 
  8      16  16  16  16  16  16  16      14      10      10              14       8                                 
  8                                      14      10      10              14       8                                 
  8                                      14      10  10  10              14       8                                 
  8                                      14                              14       8                                 
  8                                      14  14  14  14  14  14  14  14  14       8                                 
  8                                                                               8                                 
  8   8   8   8   8   8   8   8   8   8   8   8   8   8   8   8   8   8   8   8   8                                 
