         15  15  15  15  15  15  15  15  15  15  15  15  15  15  15  15  15  15  15  15  15  15  15  15  15  15  15 
         15                                                                                                      15 
         15       9   9   9   9   9   9   9   9   9   9   9   9   9   9   9   9   9   9   9   9   9   9   9      15 
         15       9                                                                                       9      15 
         15       9                                      18  18  18  18  18  18  18  18  18  18  18       9      15 
         15       9                                      18                                      18       9      15 
         15       9                                      18              22  22  22  22  22      18       9      15 
         15       9                                      18              22              22      18       9      15 
         15       9                                      18      16  16  -2  17  17  17  -1  18  18       9      15 
         15       9                                      18      16      21               9               9      15 
         15       9                                      18      16      21               9   9   9   9   9      15 
         15       9                                      18      16      21                                      15 
         15       9                                      18      16  16  -1  15  15  15  15  15  15  15  15  15  15 
         15       9                                      18              20                                         
         15       9      13  13  13  13  13  13  13      18              20                                         
         15       9      13                      13      18              20                                         
         15       9      13      11  11  11      13      18              20                                         
         15       9      13      11      11      13      18              20                                         
  6   6  -1   5  -2   4  -1   3  -2   2  -1   1  -2   8  -1   7   7   7  -2   6   6                                 
  6      14      10      12      12      10      14      19              19       6                                 
  6      14      10      12      12      10      14      19  19  19  19  19       6                                 
  6      14      10      12      12      10      14                               6                                 
  6      14      10      12  12  12      10      14                               6                                 
  6      14      10                      10      14                               6                                 
  6      14      10  10  10  10  10  10  10      14                               6                                 
  6      14                                      14                               6                                 
  6      14  14  14  14  14  14  14  14  14  14  14                               6                                 
  6                                                                               6                                 
  6   6   6   6   6   6   6   6   6   6   6   6   6   6   6   6   6   6   6   6   6                                 
