                         22  22  22  22  22  22  22  22  22  22  22  22  22  22  22  22  22  22  22  22  22  22  22 
                         22                                                                                      22 
                         22      18  18  18  18  18  18  18  18  18  18  18  18  18  18  18  18  18  18  18      22 
                         22      18                                                                      18      22 
                         22      18              15  15  15  15  15  15  15  15  15  15  15  15  15      18      22 
                         22      18              15                                              15      18      22 
                         22      18              15      17  17  17  17  17  17  17  17  17      15      18      22 
                         22      18              15      17                              17      15      18      22 
                         22      18              15      17       5   5   5   5   5      17      15      18      22 
                         22      18              15      17       5               5      17      15      18      22 
                         22      18              15      17  17  -2  16  16       5      17      15      18      22 
                         22      18              15               6      16       5      17      15      18      22 
                         22  22  -1  21  21      15  15  15  15  -1  16  16       5      17  17  -1  18  18      22 
                                 19      21                       1               5              14              22 
          3   3   3              19      21                       1               5              14              22 
          3       3              19      21                       1               5              14              22 
 13  13  -2  12  -1  11  11  11  -2  10  -1   9   9   9   9   9  -2   8   8   8  -1   7   7   7  -2  22  22  22  22 
 13       4       2              20      20                       2               4              13                 
 13       4       2              20  20  20                       2               4              13                 
 13       4       2                                               2               4              13                 
 13       4       2   2   2   2   2   2   2   2   2   2   2   2   2               4              13                 
 13       4                                                                       4              13                 
 13       4   4   4   4   4   4   4   4   4   4   4   4   4   4   4   4   4   4   4              13                 
 13                                                                                              13                 
 13  13  13  13  13  13  13  13  13  13  13  13  13  13  13  13  13  13  13  13  13  13  13  13  13                 
