                          1   1   1   1   1   1   1   1   1   1   1   1   1   1   1   1   1   1   1   1   1   1   1   1   1   1   1 
                          1                                                                                                       1 
                          1      14  14  14  14  14  14  14  14  14  14  14  14  14  14  14  14  14  14  14  14  14  14  14       1 
                          1      14                                                                                      14       1 
                          1      14       8   8   8   8   8   8   8   8   8   8   8   8   8   8   8   8   8   8   8      14       1 
                          1      14       8                                                                       8      14       1 
                          1      14       8              15  15  15  15  15  15  15  15  15  15  15  15  15       8      14       1 
                          1      14       8              15                                              15       8      14       1 
                          1      14       8              15                               2   2   2      15       8      14       1 
                          1      14       8              15                               2       2      15       8      14       1 
                          1      14       8              15              19  19  19       2       2      15       8      14       1 
                          1      14       8              15              19      19       2       2      15       8      14       1 
                          1      14       8   8   8   8  -2   9   9   9  -1  10  -2   5  -1   6  -2   7  -1   8   8      14       1 
                          1      14                      16              18      20       3       1      14              14       1 
                          1      14                      16              18      20       3       1      14  14  14  14  14       1 
                          1      14                      16              18      20       3       1                               1 
                          1      14                      16              18      20       3       1   1   1   1   1   1   1   1   1 
                          1      14                      16              18      20       3                                         
  3   3   3   3   3       1      14                      16              18      20       3                                         
  3               3       1      14                      16              18      20       3                                         
  3      13  13  -2  12  -1  11  -2  22  22  22  22  22  -1  21  21      18      20       3                                         
  3      13       4       4      13                      17      21      18      20       3                                         
  3      13       4   4   4      13                      17      21      18      20       3                                         
  3      13                      13                      17      21      18      20       3                                         
  3      13  13  13  13  13  13  13                      17      21      18      20       3                                         
  3                                                      17      21      18      20       3                                         
  3                                              20  20  -2  21  21      18      20       3                                         
  3                                              20      18              18      20       3                                         
  3                                              20      18  18  18  18  18      20       3                                         
  3                                              20                              20       3                                         
  3                                              20  20  20  20  20  20  20  20  20       3                                         
  3                                                                                       3                                         
  3   3   3   3   3   3   3   3   3   3   3   3   3   3   3   3   3   3   3   3   3   3   3                                         
