  8   8   8   8   8   8   8   8   8   8   8   8   8   8   8   8   8   8   8   8   8   8   8   8   8   8   8 
  8                                                                                                       8 
  8      17  17  17  17  17  17  17  17  17  17  17  17  17  17  17  17  17  17  17  17  17  17  17       8 
  8      17                                                                                      17       8 
  8      17      15  15  15  15  15  15  15  15  15  15  15  15  15  15  15  15  15  15  15      17       8 
  8      17      15                                                                      15      17       8 
  8      17      15       5   5   5   5   5   5   5   5   5   5   5   5   5              15      17       8 
  8      17      15       5                                               5              15      17       8 
  8      17      15       5      12  12  12  12  12  12  12               5              15      17       8 
  8      17      15       5      12                      12               5              15      17       8 
  8      17      15       5      12               6   6  -1   5   5   5   5              15      17       8 
  8      17      15       5      12               6      13                              15      17       8 
  8   8  -1   7  -2  22  -1  21  -2  20  20  20  -1  19  -2  18  18  18  18  18  18  18  -1  17  17       8 
         16      16       4      11               1      14                              14               8 
         16  16  16       4      11               1      14                              14               8 
                          4      11               1      14                              14               8 
                          4      11               1      14  14  14  14  14  14  14  14  14               8 
                          4      11               1                                                       8 
                          4      11       9   9  -2   8   8   8   8   8   8   8   8   8   8   8   8   8   8 
                          4      11       9       2                                                         
                          4      11       9       2       4   4   4   4   4   4   4                         
                          4      11       9       2       4                       4                         
                          4      11       9   9  -1  10  -2  11  11               4                         
                          4      11               3       3      11               4                         
                          4      11               3   3   3      11               4                         
                          4      11                              11               4                         
                          4      11  11  11  11  11  11  11  11  11               4                         
                          4                                                       4                         
                          4   4   4   4   4   4   4   4   4   4   4   4   4   4   4                         
