                  9   9   9   9   9   9   9   9   9   9   9   9   9   9   9   9   9   9   9   9   9   9   9   9   9   9   9   9   9   9   9   9   9   9   9 
                  9                                                                                                                                       9 
                  9      18  18  18  18  18  18  18  18  18  18  18  18  18  18  18  18  18  18  18  18  18  18  18  18  18  18  18  18  18  18  18       9 
                  9      18                                                                                                                      18       9 
                  9      18      16  16  16  16  16  16  16  16  16  16  16  16  16  16  16  16  16  16  16  16  16  16  16  16  16  16  16      18       9 
                  9      18      16                                                                                                      16      18       9 
                  9      18      16      13  13  13  13  13  13  13  13  13  13  13  13  13  13  13  13  13  13  13  13  13  13  13      16      18       9 
                  9      18      16      13                                                                                      13      16      18       9 
                  9      18      16      13      15  15  15  15  15  15  15  15  15  15  15  15  15  15  15  15  15  15  15      13      16      18       9 
                  9      18      16      13      15                                                                      15      13      16      18       9 
                  9      18      16      13      15      20  20  20  20  20  20  20  20  20  20  20  20  20  20  20      15      13      16      18       9 
                  9      18      16      13      15      20                                                      20      15      13      16      18       9 
                  9      18      16      13      15      20                      11  11  11  11  11  11  11      20      15      13      16      18       9 
                  9      18      16      13      15      20                      11                      11      20      15      13      16      18       9 
         17  17  -1  18  18      16      13      15      20      22  22  22  22  -1  21  21  21  21  21  -2  20  20      15      13      16      18       9 
         17       8              16      13      15      20      22              10                      12              15      13      16      18       9 
         17  17  -2  16  16  16  16      13      15      20  20  -1  19  19  19  -2  18  18      16  16  -1  15  15  15  15      13      16      18       9 
                  7                      13      15               5               9      18      16      13                      13      16      18       9 
                  7                      13      15               5               9      18      16      13  13  13  13  13  13  13      16      18       9 
                  7                      13      15               5               9      18      16                                      16      18       9 
                  7                      13      15               5               9      18      16  16  16  16  16  16  16  16  16  16  16      18       9 
                  7                      13      15               5               9      18                                                      18       9 
                  7                      13      15               5               9      18  18  18  18  18  18  18  18  18  18  18  18  18  18  18       9 
                  7                      13      15               5               9                                                                       9 
                  7                      13      15               5               9   9   9   9   9   9   9   9   9   9   9   9   9   9   9   9   9   9   9 
                  7                      13      15               5                                                                                         
  2   2   2   2  -1   1   1   1   1   1  -2   4  -1   3   3   3  -2   2   2                                                                                 
  2               6                      14      14               6       2                                                                                 
  2               6                      14  14  14               6       2                                                                                 
  2               6                                               6       2                                                                                 
  2               6   6   6   6   6   6   6   6   6   6   6   6   6       2                                                                                 
  2                                                                       2                                                                                 
  2   2   2   2   2   2   2   2   2   2   2   2   2   2   2   2   2   2   2                                                                                 
