                          6   6   6   6   6   6   6   6   6   6   6   6   6   6   6   6   6   6   6   6   6   6   6 
                          6                                                                                       6 
                          6              15  15  15  15  15  15  15  15  15  15  15  15  15  15  15  15  15       6 
                          6              15                                                              15       6 
                          6              15                              10  10  10  10  10  10  10      15       6 
                          6              15                              10                      10      15       6 
                          6              15                              10      12  12  12      10      15       6 
                          6              15                              10      12      12      10      15       6 
                          6              15              19  19  19      10      12      12      10      15       6 
                          6              15              19      19      10      12      12      10      15       6 
                          6   6   6   6  -2   7   7   7  -1   8  -2   1  -1   2  -2   3  -1   4  -2   5  -1   6   6 
                                         16              18      20      11      11      13       9      14         
                                         16              18      20      11  11  11      13       9      14         
                                         16              18      20                      13       9      14         
 14  14  14  14  14                      16              18      20                      13       9      14         
 14              14                      16              18      20                      13       9      14         
 14       9   9  -2  22  22  22  22  22  -1  21  21      18      20                      13       9      14         
 14       9      13                      17      21      18      20                      13       9      14         
 14       9      13              20  20  -2  21  21      18      20                      13       9      14         
 14       9      13              20      18              18      20                      13       9      14         
 14       9      13              20      18  18  18  18  18      20                      13       9      14         
 14       9      13              20                              20                      13       9      14         
 14       9      13              20  20  20  20  20  20  20  20  20                      13       9      14         
 14       9      13                                                                      13       9      14         
 14       9      13  13  13  13  13  13  13  13  13  13  13  13  13  13  13  13  13  13  13       9      14         
 14       9                                                                                       9      14         
 14       9   9   9   9   9   9   9   9   9   9   9   9   9   9   9   9   9   9   9   9   9   9   9      14         
 14                                                                                                      14         
 14  14  14  14  14  14  14  14  14  14  14  14  14  14  14  14  14  14  14  14  14  14  14  14  14  14  14         
