         19  19  19  19  19  19  19  19  19  19  19  19  19  19  19  19  19  19  19  19  19                 
         19                                                                              19                 
         19      21  21  21  21  21  21  21  21  21  21  21  21  21  21  21  21  21      19                 
         19      21                                                              21      19                 
         19      21      16  16  16  16  16  16  16  16  16  16  16              21      19                 
         19      21      16                                      16              21      19                 
         19      21      16                              20  20  -2  21  21  21  21      19                 
         19      21      16                              20      15                      19                 
         19      21      16                              20  20  -1  19  19  19  19  19  19                 
         19      21      16                                      14                                         
         19      21      16       1   1   1   1   1              14                                         
         19      21      16       1               1              14                                         
         19      21      16       1      12  12  -1  11  11  11  -2  10  10  10  10  10  10  10  10  10  10 
         19      21      16       1      12       4              13                                      10 
         19      21      16       1      12  12  -2  13  13  13  13                                      10 
         19      21      16       1               3                                                      10 
         19      21      16       1               3              18  18  18  18  18  18  18  18  18      10 
         19      21      16       1               3              18                              18      10 
 10  10  -1   9  -2   8  -1   7  -2   6   6   6  -1   5   5   5  -2  22  22                      18      10 
 10      18      22      17       2               2              17      22                      18      10 
 10      18      22      17       2   2   2   2   2              17      22                      18      10 
 10      18      22      17                                      17      22                      18      10 
 10      18      22      17  17  17  17  17  17  17  17  17  17  17      22                      18      10 
 10      18      22                                                      22                      18      10 
 10      18      22  22  22  22  22  22  22  22  22  22  22  22  22  22  22                      18      10 
 10      18                                                                                      18      10 
 10      18  18  18  18  18  18  18  18  18  18  18  18  18  18  18  18  18  18  18  18  18  18  18      10 
 10                                                                                                      10 
 10  10  10  10  10  10  10  10  10  10  10  10  10  10  10  10  10  10  10  10  10  10  10  10  10  10  10 
