                                 19  19  19  19  19  19  19  19  19  19  19  19  19  19  19  19  19  19  19  19  19         
                                 19                                                                              19         
                                 19      17  17  17  17  17  17  17  17  17  17  17  17  17  17  17  17  17      19         
                                 19      17                                                              17      19         
                                 19      17      15  15  15  15  15  15  15  15  15  15  15  15  15      17      19         
                                 19      17      15                                              15      17      19         
                                 19      17      15      20  20  20  20  20                      15      17      19         
                                 19      17      15      20              20                      15      17      19         
                                 19      17      15  15  -1  16  16      20                      15      17      19         
                                 19      17              21      16      20                      15      17      19         
                                 19      17  17  17  17  -2  16  16      20                      15      17      19         
                                 19                      22              20                      15      17      19         
                                 19  19  19  19  19  19  -1  20  20  20  20                      15      17      19         
                                                         11                                      15      17      19         
                                                         11                       2   2   2      15      17      19         
                                                         11                       2       2      15      17      19         
 10  10  10  10  10  10  10  10  10  10  10  10  10  10  -2   5   5   5   5   5  -1   6  -2   7  -1   8  -2   9  -1  10  10 
 10                                                      12                       3       1      14      18      18      10 
 10                                                      12                       3       1      14      18  18  18      10 
 10                                                      12                       3       1      14                      10 
 10      14  14  14  14  14                              12                       3       1      14                      10 
 10      14              14                              12                       3       1      14                      10 
 10      14       1   1  -2   4   4   4   4   4   4   4  -1   3   3   3   3   3   3       1      14                      10 
 10      14       1      13                              13                               1      14                      10 
 10      14       1      13  13  13  13  13  13  13  13  13                               1      14                      10 
 10      14       1                                                                       1      14                      10 
 10      14       1   1   1   1   1   1   1   1   1   1   1   1   1   1   1   1   1   1   1      14                      10 
 10      14                                                                                      14                      10 
 10      14  14  14  14  14  14  14  14  14  14  14  14  14  14  14  14  14  14  14  14  14  14  14                      10 
 10                                                                                                                      10 
 10  10  10  10  10  10  10  10  10  10  10  10  10  10  10  10  10  10  10  10  10  10  10  10  10  10  10  10  10  10  10 
