  3   3   3   3   3   3   3   3   3   3   3   3   3   3   3   3   3   3   3   3   3   3   3   3   3 
  3                                                                                               3 
  3                                                                      10  10  10               3 
  3                                                                      10      10               3 
  3      12  12  12  12  12  12  12  12  12  12  12  12  12              10      10               3 
  3      12                                              12              10      10               3 
  3      12      14  14  14                              12              10      10               3 
  3      12      14      14                              12              10      10               3 
  3      12      14      14              19  19  19      12              10      10               3 
  3      12      14      14              19      19      12              10      10               3 
  3   3  -1   4  -2   5  -1   6   6   6  -2   7  -1   8  -2   1   1   1  -1   2  -2   3   3   3   3 
         13      13      15              20      18      11              11       9                 
         13  13  13      15              20      18      11              11       9                 
                         15              20      18      11              11       9                 
                         15              20      18      11  11  11  11  11       9                 
                         15              20      18                               9                 
                         15      17  17  -1  18  18              16  16  16  16  -1  15  15         
                         15      17      21                      16              22      15         
                         15      17  17  -2  16  16  16  16  16  16              22      15         
                         15              22                                      22      15         
                         15              22  22  22  22  22  22  22  22  22  22  22      15         
                         15                                                              15         
                         15  15  15  15  15  15  15  15  15  15  15  15  15  15  15  15  15         
