                                                         20  20  20  20  20  20  20  20  20  20  20         
                                                         20                                      20         
                                                         20      15  15  15  15  15  15  15      20         
                                                         20      15                      15      20         
                                                         20      15              21  21  -2  20  20         
                                                         20      15              21      16                 
                 10  10  10                              20      15              21      16                 
                 10      10                              20      15              21      16                 
                 10      10              12  12  12      20      15              21      16                 
                 10      10              12      12      20      15              21      16                 
  8   8   8   8  -2   1  -1   2   2   2  -2   3  -1   4  -2   5  -1   6   6   6  -2   7  -1   8   8   8   8 
  8               9      11              11      13      19      14              22      17               8 
  8               9      11  11  11  11  11      13      19      14              22      17               8 
  8               9                              13      19      14              22      17               8 
  8      17  17  -1  18  18  18  18              13      19  19  -2  18  18      22      17               8 
  8      17      22              18              13              13      18      22      17               8 
  8      17      22              18              13  13  13  13  13      18      22      17               8 
  8      17      22              18                                      18      22      17               8 
  8      17      22              18  18  18  18  18  18  18  18  18  18  18      22      17               8 
  8      17      22                                                              22      17               8 
  8      17      22  22  22  22  22  22  22  22  22  22  22  22  22  22  22  22  22      17               8 
  8      17                                                                              17               8 
  8      17  17  17  17  17  17  17  17  17  17  17  17  17  17  17  17  17  17  17  17  17               8 
  8                                                                                                       8 
  8   8   8   8   8   8   8   8   8   8   8   8   8   8   8   8   8   8   8   8   8   8   8   8   8   8   8 
