  6   6   6   6   6   6   6   6   6   6   6   6   6   6   6   6   6   6   6   6   6   6   6   6   6 
  6                                                                                               6 
  6      12  12  12  12  12  12  12  12  12  12  12  12  12                                       6 
  6      12                                              12                                       6 
  6      12                                              12      19  19  19  19  19  19  19       6 
  6      12                                              12      19                      19       6 
  6      12                                              12      19      15  15  15      19       6 
  6      12                                              12      19      15      15      19       6 
  6      12      22  22  22  22  22  22  22  22  22      12      19      15      15      19       6 
  6      12      22                              22      12      19      15      15      19       6 
  6      12      22      17  17  17              22      12      19      15      15      19       6 
  6      12      22      17      17              22      12      19      15      15      19       6 
  6   6  -2   7  -1   8  -2   9  -1  10  10  10  -2   1  -1   2  -2   3  -1   4  -2   5  -1   6   6 
         11      11      18      16              21      13      20      14      16      18         
         11  11  11      18      16              21      13      20      14      16      18         
                         18      16              21      13      20      14      16      18         
                         18      16      14  14  -1  13  13      20      14      16      18         
                         18      16      14      20              20      14      16      18         
                         18      16      14      20  20  20  20  20      14      16      18         
                         18      16      14                              14      16      18         
                         18      16      14  14  14  14  14  14  14  14  14      16      18         
                         18      16                                              16      18         
                         18      16  16  16  16  16  16  16  16  16  16  16  16  16      18         
                         18                                                              18         
                         18  18  18  18  18  18  18  18  18  18  18  18  18  18  18  18  18         
