  4   4   4   4   4   4   4   4   4   4   4   4   4   4   4   4   4   4   4   4   4   4   4                         
  4                                                                                       4                         
  4              12  12  12  12  12  12  12  12  12  12  12  12  12  12  12  12  12       4                         
  4              12                                                              12       4                         
  4              12                                       6   6   6              12       4                         
  4              12                                       6       6              12       4                         
  4   4   4   4  -2   1   1   1   1   1   1   1   1   1  -1   2  -2   3   3   3  -1   4   4                         
                 11                                       7       5              13                                 
                 11               7   7   7   7   7   7   7       5              13                                 
                 11               7                               5              13                                 
                 11               7       5   5   5   5   5   5   5              13                                 
                 11               7       5                                      13                                 
                 11               7       5               9   9   9              13                                 
                 11               7       5               9       9              13                                 
                 11               7       5               9       9              13              15  15  15  15  15 
                 11               7       5               9       9              13              15              15 
         15  15  -1  16  16       7       5      18  18  -2  19  -1  20  20  20  -2  21  21  21  -1  22  22      15 
         15      22      16       7       5      18      10       8              14              14      22      15 
         15      22      16       7       5      18      10       8              14  14  14  14  14      22      15 
         15      22      16       7       5      18      10       8                                      22      15 
         15      22      16       7       5      18  18  -1  17  -2  16  16                              22      15 
         15      22      16       7       5               5       7      16                              22      15 
         15      22      16       7       5   5   5   5   5       7      16                              22      15 
         15      22      16       7                               7      16                              22      15 
         15      22      16       7   7   7   7   7   7   7   7   7      16                              22      15 
         15      22      16                                              16                              22      15 
         15      22      16  16  16  16  16  16  16  16  16  16  16  16  16                              22      15 
         15      22                                                                                      22      15 
         15      22  22  22  22  22  22  22  22  22  22  22  22  22  22  22  22  22  22  22  22  22  22  22      15 
         15                                                                                                      15 
         15  15  15  15  15  15  15  15  15  15  15  15  15  15  15  15  15  15  15  15  15  15  15  15  15  15  15 
