         13  13  13  13  13  13  13  13  13  13  13  13  13  13  13  13  13  13  13  13  13         
         13                                                                              13         
         13       3   3   3   3   3   3   3   3   3   3   3   3   3   3   3   3   3      13         
         13       3                                                               3      13         
         13       3      16  16  16  16  16  16  16  16  16                       3      13         
         13       3      16                              16                       3      13         
         13       3   3  -2   2   2   2   2              16                       3      13         
         13              15               2              16                       3      13         
         13              15               2              16      19  19  19       3      13         
         13              15               2              16      19      19       3      13         
 12  12  -2   5   5   5  -1   6   6   6  -2   7   7   7  -1   8  -2   9  -1  10  -2  11  -1  12  12 
 12      14              14               1              17      20      18       4      22      12 
 12      14  14  14  14  14               1              17      20      18       4      22      12 
 12                                       1              17      20      18       4      22      12 
 12                              22  22  -1  21  21      17  17  -1  18  18       4      22      12 
 12                              22       4      21              21               4      22      12 
 12                              22       4      21  21  21  21  21               4      22      12 
 12                              22       4                                       4      22      12 
 12                              22       4   4   4   4   4   4   4   4   4   4   4      22      12 
 12                              22                                                      22      12 
 12                              22  22  22  22  22  22  22  22  22  22  22  22  22  22  22      12 
 12                                                                                              12 
 12  12  12  12  12  12  12  12  12  12  12  12  12  12  12  12  12  12  12  12  12  12  12  12  12 
