 19  19  19  19  19  19  19  19  19  19  19  19  19  19  19  19  19  19  19  19  19  19  19         
 19                                                                                      19         
 19                      15  15  15  15  15  15  15  15  15  15  15                      19         
 19                      15                                      15                      19         
 19                      15      17  17  17  17  17  17  17      15                      19         
 19                      15      17                      17      15                      19         
 19                      15      17       2   2   2      17      15                      19         
 19                      15      17       2       2      17      15                      19         
 19                      15      17       2       2      17      15       4   4   4      19         
 19                      15      17       2       2      17      15       4       4      19         
 19      13  13  13      15      17       2       2      17      15       4       4      19         
 19      13      13      15      17       2       2      17      15       4       4      19         
 19  19  -1  20  -2  21  -1  22  -2   5  -1   6  -2   7  -1   8  -2   9  -1  10  -2  11  -1  12  12 
         12      14      14      18       3       1      16      16       1       3      18      12 
         12      14      14      18       3       1      16  16  16       1       3      18      12 
         12      14      14      18       3       1                       1       3      18      12 
         12      14  14  14      18       3       1                       1       3      18      12 
         12                      18       3       1                       1       3      18      12 
         12                      18       3       1   1   1   1   1   1   1       3      18      12 
         12                      18       3                                       3      18      12 
         12                      18       3   3   3   3   3   3   3   3   3   3   3      18      12 
         12                      18                                                      18      12 
         12                      18  18  18  18  18  18  18  18  18  18  18  18  18  18  18      12 
         12                                                                                      12 
         12  12  12  12  12  12  12  12  12  12  12  12  12  12  12  12  12  12  12  12  12  12  12 
