 14  14  14  14  14  14  14  14  14  14  14  14  14  14  14  14  14  14  14  14  14  14  14  14  14  14  14  14  14 
 14                                                                                                              14 
 14                              21  21  21  21  21  21  21  21  21  21  21  21  21  21  21  21  21  21  21      14 
 14                              21                                                                      21      14 
 14                              21       3   3   3   3   3   3   3   3   3   3   3   3   3   3   3      21      14 
 14                              21       3                                                       3      21      14 
 14                              21       3       9   9   9   9   9   9   9   9   9   9   9       3      21      14 
 14                              21       3       9                                       9       3      21      14 
 14                              21       3       9       2   2   2   2   2               9       3      21      14 
 14                              21       3       9       2               2               9       3      21      14 
 14                              21       3       9   9  -1  10  10  10  -2  11  11  11  -1  12  -2  13  -1  14  14 
 14                              21       3               3               1              22       4      20         
 14                              21       3   3   3   3   3               1              22       4      20         
 14                              21                                       1              22       4      20         
 14                              21  21  21  21  21  21  21  21  21       1              22       4      20         
 14                                                              21       1              22       4      20         
 14               6   6   6   6   6   6   6   6   6   6   6      21       1              22       4      20         
 14               6                                       6      21       1              22       4      20         
 14  14  14  14  -2  15  15                               6      21  21  -1  22  22  22  22       4      20         
                  5      15                               6               8                       4      20         
         20  20  -1  19  -2  18  18  18  18  18  18  18  -1  17  17  17  -2  16  16               4      20         
         20       4      16                               7               7      16               4      20         
         20       4      16                               7   7   7   7   7      16               4      20         
         20       4      16                                                      16               4      20         
         20       4      16  16  16  16  16  16  16  16  16  16  16  16  16  16  16               4      20         
         20       4                                                                               4      20         
         20       4   4   4   4   4   4   4   4   4   4   4   4   4   4   4   4   4   4   4   4   4      20         
         20                                                                                              20         
         20  20  20  20  20  20  20  20  20  20  20  20  20  20  20  20  20  20  20  20  20  20  20  20  20         
