 14  14  14  14  14  14  14  14  14  14  14  14  14  14  14  14  14  14  14  14  14  14  14                         
 14                                                                                      14                         
 14      21  21  21  21  21  21  21  21  21  21  21  21  21  21  21  21  21  21  21      14                         
 14      21                                                                      21      14                         
 14      21       3   3   3   3   3   3   3   3   3                              21      14                         
 14      21       3                               3                              21      14                         
 14      21       3               1   1   1       3                              21      14                         
 14      21       3               1       1       3                              21      14                         
 14      21       3               1       1       3              15  15  15      21      14                         
 14      21       3               1       1       3              15      15      21      14                         
 14  14  -1  13  -2  12  12  12  -1  11  -2  10  -1   9   9   9  -2  22  -1  21  21      14                         
         20       4               8       2       2              16      14              14                         
         20       4               8       2       2              16      14  14  14  14  14                         
         20       4               8       2       2              16                                                 
         20       4               8       2   2   2              16                                                 
         20       4               8                              16                                                 
         20  20  -1  19  19       8                       6   6  -1   5   5   5   5   5   5   5   5   5   5   5   5 
                  5      19       8                       6      17                                               5 
                  5      19       8                       6      17      19  19  19  19  19  19  19  19  19       5 
                  5      19       8                       6      17      19                              19       5 
                  5      19       8                       6   6  -2   7  -1   8   8   8   8   8   8      19       5 
                  5      19       8                              18      18                       8      19       5 
                  5      19       8                              18  18  18                       8      19       5 
                  5      19       8                                                               8      19       5 
                  5      19       8   8   8   8   8   8   8   8   8   8   8   8   8   8   8   8   8      19       5 
                  5      19                                                                              19       5 
                  5      19  19  19  19  19  19  19  19  19  19  19  19  19  19  19  19  19  19  19  19  19       5 
                  5                                                                                               5 
                  5   5   5   5   5   5   5   5   5   5   5   5   5   5   5   5   5   5   5   5   5   5   5   5   5 
