         17  17  17  17  17  17  17  17  17  17  17  17  17  17  17  17  17  17  17  17  17  17  17  17  17  17  17  17  17 
         17                                                                                                              17 
         17      19  19  19  19  19  19  19  19  19  19  19  19  19  19  19  19  19  19  19  19  19  19  19  19  19      17 
         17      19                                                                                              19      17 
         17      19      21  21  21  21  21  21  21  21  21  21  21  21  21  21  21  21  21  21  21  21  21      19      17 
         17      19      21                                                                              21      19      17 
         17      19      21                       1   1   1   1   1                                      21      19      17 
         17      19      21                       1               1                                      21      19      17 
         17      19      21       3   3   3       1               1                                      21      19      17 
         17      19      21       3       3       1               1                                      21      19      17 
         17      19      21       3       3       1               1                      18  18  18      21      19      17 
         17      19      21       3       3       1               1                      18      18      21      19      17 
 14  14  -1  13  -2  12  -1  11  -2  10  -1   9  -2   8   8   8  -1   7   7   7   7   7  -2  22  -1  21  21      19      17 
 14      16      20      20       4       2       2               6                      17      19              19      17 
 14      16      20  20  20       4       2       2               6                      17      19              19      17 
 14      16                       4       2       2               6                      17      19              19      17 
 14      16                       4       2       2               6                      17      19  19  19  19  19      17 
 14      16                       4       2       2               6                      17                              17 
 14      16                       4       2       2               6                      17  17  17  17  17  17  17  17  17 
 14      16                       4       2       2               6                                                         
 14      16                       4       2   2   2               6                                                         
 14      16                       4                               6                                                         
 14      16                       4                      15  15  -2  14  14  14  14                                         
 14      16                       4                      15       5              14                                         
 14      16                       4                      15  15  -1  16  16      14                                         
 14      16                       4                               4      16      14                                         
 14      16                       4   4   4   4   4   4   4   4   4      16      14                                         
 14      16                                                              16      14                                         
 14      16  16  16  16  16  16  16  16  16  16  16  16  16  16  16  16  16      14                                         
 14                                                                              14                                         
 14  14  14  14  14  14  14  14  14  14  14  14  14  14  14  14  14  14  14  14  14                                         
