                                                 14  14  14  14  14  14  14  14  14  14  14  14  14 
                                                 14                                              14 
                                                 14      19  19  19  19  19  19  19  19  19      14 
                                                 14      19                              19      14 
                                                 14  14  -2  15  15                      19      14 
                                                         20      15                      19      14 
 22  22  22  22  22  22  22  22  22  22  22              20      15                      19      14 
 22                                      22              20      15                      19      14 
 22      17  17  17  17  17  17  17      22              20      15                      19      14 
 22      17                      17      22              20      15                      19      14 
 22      17       2   2   2      17      22              20      15                      19      14 
 22      17       2       2      17      22              20      15                      19      14 
 22      17       2       2      17      22              20      15       4   4   4      19      14 
 22      17       2       2      17      22              20      15       4       4      19      14 
 22  22  -2   5  -1   6  -2   7  -1   8  -2   9   9   9  -1  10  -2  11  -1  12  -2  13  -1  14  14 
         18       3       1      16      21              21      16       1       3      18         
         18       3       1      16      21  21  21  21  21      16       1       3      18         
         18       3       1      16                              16       1       3      18         
         18       3       1      16  16  16  16  16  16  16  16  16       1       3      18         
         18       3       1                                               1       3      18         
         18       3       1   1   1   1   1   1   1   1   1   1   1   1   1       3      18         
         18       3                                                               3      18         
         18       3   3   3   3   3   3   3   3   3   3   3   3   3   3   3   3   3      18         
         18                                                                              18         
         18  18  18  18  18  18  18  18  18  18  18  18  18  18  18  18  18  18  18  18  18         
