                  8   8   8   8   8   8   8   8   8   8   8   8   8   8   8   8   8   8   8   8   8   8   8   8   8 
                  8                                                                                               8 
                  8              12  12  12  12  12  12  12  12  12  12  12  12  12  12  12  12  12  12  12       8 
                  8              12                                                                      12       8 
                  8              12      19  19  19  19  19  19  19  19  19  19  19  19  19  19  19      12       8 
                  8              12      19                                                      19      12       8 
                  8              12      19      17  17  17  17  17  17  17  17  17  17  17      19      12       8 
                  8              12      19      17                                      17      19      12       8 
                  8              12      19      17       9   9   9   9   9   9   9      17      19      12       8 
                  8              12      19      17       9                       9      17      19      12       8 
                  8              12      19      17  17  -2  16  16  16  16       9      17      19      12       8 
                  8              12      19              10              16       9      17      19      12       8 
 15  15  15  15  -2  14  14      12      19  19  19  19  -1  20  20  20  -2  21  -1  22  -2  11  -1  12  12       8 
 15               7      14      12                       5              15       8      18      18               8 
 15               7      14      12                       5              15       8      18  18  18               8 
 15               7      14      12                       5              15       8                               8 
 15               7      14      12                       5              15       8   8   8   8   8   8   8   8   8 
 15               7      14      12                       5              15                                         
 15       2   2  -1   1  -2   4  -1   3   3   3   3   3  -2   2   2      15                                         
 15       2       6      13      13                       6       2      15                                         
 15       2       6      13  13  13                       6       2      15                                         
 15       2       6                                       6       2      15                                         
 15       2       6   6   6   6   6   6   6   6   6   6   6       2      15                                         
 15       2                                                       2      15                                         
 15       2   2   2   2   2   2   2   2   2   2   2   2   2   2   2      15                                         
 15                                                                      15                                         
 15  15  15  15  15  15  15  15  15  15  15  15  15  15  15  15  15  15  15                                         
