  7   7   7   7   7   7   7   7   7   7   7   7   7                                                 
  7                                               7                                                 
  7      12  12  12  12  12  12  12  12  12  12  -1  11  11  11  11  11  11  11  11  11  11  11  11 
  7      12                                       6                                              11 
  7      12              16  16  16  16  16  16  -2  17  17  17  17  17  17  17  17  17  17      11 
  7      12              16                       5                                      17      11 
  7      12              16  16  16  16  16  16  -1  15  15  15  15                      17      11 
  7      12                                       4              15                      17      11 
  7      12      14  14  14  14  14  14  14  14  -2  15  15  15  15                      17      11 
  7      12      14                               3                                      17      11 
  7      12      14  14  14  14  14  14  14  14  -1  13  13  13  13  13  13              17      11 
  7      12                                       2                      13              17      11 
  7      12  12  12  12  12  12  12  12  12  12  -2  13  13  13  13  13  13              17      11 
  7                                               1                                      17      11 
  7                                      21  21  -1  22  22  22  22  22  22  22  22      17      11 
  7                                      21      10                              22      17      11 
  7                                      21  21  -2  20  20                      22      17      11 
  7                                               9      20                      22      17      11 
  7                              19  19  19  19  -1  20  20                      22      17      11 
  7                              19               8                              22      17      11 
  7                              19  19  19  19  -2  18  18  18  18  18  18  18  -1  17  17      11 
  7                                               7                              11              11 
  7                                               7                              11  11  11  11  11 
  7                                               7                                                 
  7   7   7   7   7   7   7   7   7   7   7   7   7                                                 
