                 14  14  14  14  14  14  14  14  14  14  14  14  14  14  14  14  14         
                 14                                                              14         
                 14      18  18  18  18  18  18  18  18  18  18  18  18  18      14         
                 14      18                                              18      14         
                 14      18       1   1   1   1   1   1   1   1   1      18      14         
                 14      18       1                               1      18      14         
                 14      18       1               5   5   5       1      18      14         
                 14      18       1               5       5       1      18      14         
                 14      18       1      15  15  -1  16  -2  17  -1  18  18      14         
                 14      18       1      15       4       6       6              14         
                 14      18       1      15       4       6   6   6              14         
                 14      18       1      15       4                              14         
                 14      18       1      15  15  -2  14  14  14  14  14  14  14  14         
                 14      18       1               3                                         
                 14      18       1               3      21  21  21                         
                 14      18       1               3      21      21                         
 11  11  11  11  -2  10  -1   9  -2   8   8   8  -1   7  -2  12  -1  11  11  11  11  11  11 
 11              13      19       2               2      22      20                      11 
 11              13      19       2   2   2   2   2      22      20                      11 
 11              13      19                              22      20                      11 
 11      20  20  -1  19  19                              22      20                      11 
 11      20      22                                      22      20                      11 
 11      20      22  22  22  22  22  22  22  22  22  22  22      20                      11 
 11      20                                                      20                      11 
 11      20  20  20  20  20  20  20  20  20  20  20  20  20  20  20                      11 
 11                                                                                      11 
 11  11  11  11  11  11  11  11  11  11  11  11  11  11  11  11  11  11  11  11  11  11  11 
