                          8   8   8   8   8   8   8   8   8   8   8   8   8   8   8   8   8   8   8 
                          8                                                                       8 
                          8      17  17  17  17  17  17  17  17  17  17  17  17  17  17  17       8 
                          8      17                                                      17       8 
                          8      17      10  10  10  10  10  10  10  10  10  10  10      17       8 
                          8      17      10                                      10      17       8 
                          8      17      10      12  12  12                      10      17       8 
                          8      17      10      12      12                      10      17       8 
                          8      17      10      12      12      20  20  20      10      17       8 
                          8      17      10      12      12      20      20      10      17       8 
                          8   8  -2   1  -1   2  -2   3  -1   4  -2   5  -1   6  -2   7  -1   8   8 
                                 18      11      11      13      19      21       9      16         
                                 18      11  11  11      13      19      21       9      16         
                                 18                      13      19      21       9      16         
         22  22  22              18                      13      19      21       9      16         
         22      22              18                      13      19      21       9      16         
 16  16  -1  15  -2  14  14  14  -1  13  13  13  13  13  13      19      21       9      16         
 16       9      21              19                              19      21       9      16         
 16       9      21              19  19  19  19  19  19  19  19  19      21       9      16         
 16       9      21                                                      21       9      16         
 16       9      21  21  21  21  21  21  21  21  21  21  21  21  21  21  21       9      16         
 16       9                                                                       9      16         
 16       9   9   9   9   9   9   9   9   9   9   9   9   9   9   9   9   9   9   9      16         
 16                                                                                      16         
 16  16  16  16  16  16  16  16  16  16  16  16  16  16  16  16  16  16  16  16  16  16  16         
