 12  12  12  12  12  12  12  12  12  12  12  12  12  12  12  12  12  12  12  12  12                                 
 12                                                                              12                                 
 12                      14  14  14  14  14  14  14  14  14  14  14  14  14      12                                 
 12                      14                                              14      12                                 
 12                      14                       1   1   1   1   1      14      12                                 
 12                      14                       1               1      14      12                                 
 12                      14                       1      13  13  -1  14  14      12                                 
 12                      14                       1      13       4              12                                 
 12                      14                       1      13  13  -2  12  12  12  12                                 
 12                      14                       1               3                                                 
 12                      14      17  17  17       1               3                                                 
 12                      14      17      17       1               3                                                 
 12                      14      17      17       1               3                      20  20  20  20  20  20  20 
 12                      14      17      17       1               3                      20                      20 
 12      21  21  21      14      17      17       1               3                      20                      20 
 12      21      21      14      17      17       1               3                      20                      20 
 12  12  -1  11  -2  10  -1   9  -2   8  -1   7  -2   6   6   6  -1   5   5   5   5   5  -2  22  22  22  22      20 
         20      22      15      18      16       2               2                      19              22      20 
         20      22      15      18      16       2   2   2   2   2                      19              22      20 
         20      22      15      18      16                                              19              22      20 
         20      22      15      18      16  16  16  16  16  16  16  16  16  16  16  16  -1  15  15      22      20 
         20      22      15      18                                                      18      15      22      20 
         20      22      15      18  18  18  18  18  18  18  18  18  18  18  18  18  18  18      15      22      20 
         20      22      15                                                                      15      22      20 
         20      22      15  15  15  15  15  15  15  15  15  15  15  15  15  15  15  15  15  15  15      22      20 
         20      22                                                                                      22      20 
         20      22  22  22  22  22  22  22  22  22  22  22  22  22  22  22  22  22  22  22  22  22  22  22      20 
         20                                                                                                      20 
         20  20  20  20  20  20  20  20  20  20  20  20  20  20  20  20  20  20  20  20  20  20  20  20  20  20  20 
