 13  13  13  13  13  13  13  13  13  13  13  13  13  13  13  13  13  13  13  13  13  13  13  13  13 
 13                                                                                              13 
 13              15  15  15  15  15  15  15  15  15  15  15                                      13 
 13              15                                      15                                      13 
 13      22  22  -1  21  21  21  21  21  21              15                                      13 
 13      22      14                      21              15                                      13 
 13      22      14       2   2   2      21              15                                      13 
 13      22      14       2       2      21              15                                      13 
 13      22      14       2       2      21              15               4   4   4   4   4      13 
 13      22      14       2       2      21              15               4               4      13 
 13      22  22  -2   7  -1   8  -2   9  -1  10  10  10  -2  11  11  11  -1  12  12  12  -2  13  13 
 13              13       3       1      20              16               5               3         
 13  13  13  13  13       3       1      20              16               5               3         
                          3       1      20              16               5               3         
                          3       1      20              16      19  19  -2  18  18       3         
                          3       1      20              16      19       6      18       3         
                          3       1      20      16  16  16      19       6      18       3         
                          3       1      20      16              19       6      18       3         
                          3       1      20      16      19  19  19       6      18       3         
                          3       1      20      16      19               6      18       3         
                          3       1      20      16  16  -2  17  17  17  -1  18  18       3         
                          3       1      20              20               1               3         
                          3       1      20  20  20  20  20               1               3         
                          3       1                                       1               3         
                          3       1   1   1   1   1   1   1   1   1   1   1               3         
                          3                                                               3         
                          3   3   3   3   3   3   3   3   3   3   3   3   3   3   3   3   3         
