                                          3   3   3   3   3   3   3   3   3   3   3   3   3   3   3   3   3   3   3   3   3 
                                          3                                                                               3 
                                          3       6   6   6   6   6   6   6   6   6   6   6   6   6   6   6   6   6       3 
                                          3       6                                                               6       3 
                                          3       6       2   2   2   2   2   2   2   2   2   2   2   2   2       6       3 
                                          3       6       2                                               2       6       3 
                                          3       6       2              16  16  16                       2       6       3 
                                          3       6       2              16      16                       2       6       3 
 19  19  19  19  19  19  19               3       6       2              16      16                       2       6       3 
 19                      19               3       6       2              16      16                       2       6       3 
 19                      19               3       6       2              16      16      20  20  20       2       6       3 
 19                      19               3       6       2              16      16      20      20       2       6       3 
 19      21  21  21  21  -1  22  22       3       6   6  -2   7   7   7  -1   8  -2   9  -1  10  -2   5  -1   6   6       3 
 19      21              18      22       3               1              17      15      21      19       3               3 
 19      21              18      22       3               1              17      15      21      19       3   3   3   3   3 
 19      21              18      22       3               1              17      15      21      19                         
 19      21      15  15  -2  14  -1  13  -2  12  12  12  -1  11  11      17      15      21      19                         
 19      21      15      17      11       4               4      11      17      15      21      19                         
 19      21      15      17      11       4   4   4   4   4      11      17      15      21      19                         
 19      21      15      17      11                              11      17      15      21      19                         
 19      21      15      17      11  11  11  11  11  11  11  11  11      17      15      21      19                         
 19      21      15      17                                              17      15      21      19                         
 19      21      15      17  17  17  17  17  17  17  17  17  17  17  17  17      15      21      19                         
 19      21      15                                                              15      21      19                         
 19      21      15  15  15  15  15  15  15  15  15  15  15  15  15  15  15  15  15      21      19                         
 19      21                                                                              21      19                         
 19      21  21  21  21  21  21  21  21  21  21  21  21  21  21  21  21  21  21  21  21  21      19                         
 19                                                                                              19                         
 19  19  19  19  19  19  19  19  19  19  19  19  19  19  19  19  19  19  19  19  19  19  19  19  19                         
