                 21  21  21  21  21  21  21  21  21  21  21  21  21  21  21  21  21  21  21  21  21  21  21  21  21  21  21 
                 21                                                                                                      21 
                 21       9   9   9   9   9   9   9   9   9   9   9   9   9   9   9   9   9   9   9   9   9   9   9      21 
                 21       9                                                                                       9      21 
                 21       9      22  22  22  22  22  22  22  22  22  22  22  22  22                               9      21 
                 21       9      22                                              22                               9      21 
                 21       9      22                      12  12  12  12  12      22                               9      21 
                 21       9      22                      12              12      22                               9      21 
                 21  21  -1  22  22      18  18  18  18  -1  17  17      12      22                               9      21 
                          8              18              13      17      12      22                               9      21 
                          8              18              13      17      12      22              20  20  20       9      21 
                          8              18              13      17      12      22              20      20       9      21 
 19  19  19  19  19  19  -2  18  18  18  18      16  16  -2  17  17      12  12  -1  11  11  11  -2  10  -1   9   9      21 
 19                       7                      16      14                       5              19      21              21 
 19                       7                      16      14                       5              19      21  21  21  21  21 
 19                       7                      16      14                       5              19                         
 19       2   2   2   2  -1   1   1   1   1   1  -2   4  -1   3   3   3   3   3  -2   2   2      19                         
 19       2               6                      15      15                       6       2      19                         
 19       2               6                      15  15  15                       6       2      19                         
 19       2               6                                                       6       2      19                         
 19       2               6   6   6   6   6   6   6   6   6   6   6   6   6   6   6       2      19                         
 19       2                                                                               2      19                         
 19       2   2   2   2   2   2   2   2   2   2   2   2   2   2   2   2   2   2   2   2   2      19                         
 19                                                                                              19                         
 19  19  19  19  19  19  19  19  19  19  19  19  19  19  19  19  19  19  19  19  19  19  19  19  19                         
