                         15  15  15  15  15  15  15  15  15  15  15  15  15  15  15  15  15  15  15         
                         15                                                                      15         
         19  19  19  19  -1  20  20  20  20                                                      15         
         19              14              20                                                      15         
         19      21  21  -2  20  20  20  20                                                      15         
         19      21      13                                                                      15         
         19      21      13      22  22  22  22  22  22  22  22  22  22  22  22  22  22  22      15         
         19      21      13      22                                                      22      15         
         19      21      13      22              18  18  18  18  18  18  18  18  18      22      15         
         19      21      13      22              18                              18      22      15         
         19      21      13      22              18       5   5   5   5   5      18      22      15         
         19      21      13      22              18       5               5      18      22      15         
         19      21  21  -1  22  22              18       5      17  17  -1  18  18      22      15         
         19              12                      18       5      17       8              22      15         
         19  19  19  19  -2  18  18  18  18  18  18       5      17  17  -2  16  16  16  -1  15  15         
                         11                               5               7               9                 
  4   4   4   4   4   4  -1   3   3   3   3   3   3   3  -2   2   2   2  -1   1   1   1  -2   4   4   4   4 
  4                      10                               6               6              10               4 
  4                      10                               6   6   6   6   6              10               4 
  4                      10                                                              10               4 
  4                      10  10  10  10  10  10  10  10  10  10  10  10  10  10  10  10  10               4 
  4                                                                                                       4 
  4   4   4   4   4   4   4   4   4   4   4   4   4   4   4   4   4   4   4   4   4   4   4   4   4   4   4 
