                         18  18  18  18  18  18  18  18  18  18  18  18  18  18  18  18  18  18  18  18  18  18  18 
                         18                                                                                      18 
                         18      21  21  21  21  21  21  21  21  21  21  21  21  21  21  21  21  21  21  21      18 
                         18      21                                                                      21      18 
                         18      21       7   7   7   7   7   7   7   7   7   7   7   7   7   7   7      21      18 
                         18      21       7                                                       7      21      18 
                         18      21       7               1   1   1   1   1                       7      21      18 
                         18      21       7               1               1                       7      21      18 
                         18      21       7   7   7   7  -2   6   6       1                       7      21      18 
                         18      21                       2       6       1                       7      21      18 
 20  20  20  20  20      18      21                       2       6       1                       7      21      18 
 20              20      18      21                       2       6       1                       7      21      18 
 20       8   8  -2   9  -1  10  -2   5   5   5   5   5  -1   6   6       1                       7      21      18 
 20       8      19      19      22                       3               1                       7      21      18 
 20       8      19  19  19      22                       3               1                       7      21      18 
 20       8                      22                       3               1                       7      21      18 
 20       8                      22                       3               1      11  11  11       7      21      18 
 20       8                      22                       3               1      11      11       7      21      18 
 20       8                      22              12  12  -2  13  13  13  -1  14  -2  15  -1  16  -2  17  -1  18  18 
 20       8                      22              12       4               4      12      22       8      20         
 20       8                      22              12       4   4   4   4   4      12      22       8      20         
 20       8                      22              12                              12      22       8      20         
 20       8                      22              12  12  12  12  12  12  12  12  12      22       8      20         
 20       8                      22                                                      22       8      20         
 20       8                      22  22  22  22  22  22  22  22  22  22  22  22  22  22  22       8      20         
 20       8                                                                                       8      20         
 20       8   8   8   8   8   8   8   8   8   8   8   8   8   8   8   8   8   8   8   8   8   8   8      20         
 20                                                                                                      20         
 20  20  20  20  20  20  20  20  20  20  20  20  20  20  20  20  20  20  20  20  20  20  20  20  20  20  20         
