 22  22  22  22  22  22  22  22  22  22  22  22  22  22  22  22  22  22  22                         
 22                                                                      22                         
 22      18  18  18  18  18  18  18  18  18  18  18  18  18  18  18      22                         
 22      18                                                      18      22                         
 22      18      15  15  15  15  15  15  15  15  15              18      22                         
 22      18      15                              15              18      22                         
 22      18  18  -1  17  17  17  17  17  17      15      21  21  -1  22  22                         
 22              14                      17      15      21      19                                 
 22              14       2   2   2      17      15      21      19                                 
 22              14       2       2      17      15      21      19                                 
 22              14       2       2      17      15      21      19               4   4   4         
 22              14       2       2      17      15      21      19               4       4         
 22  22  22  22  -2   5  -1   6  -2   7  -1   8  -2   9  -1  10  -2  11  11  11  -1  12  -2  13  13 
                 13       3       1      16      16      20      20               1       3      13 
                 13       3       1      16      16      20  20  20               1       3      13 
                 13       3       1      16      16                               1       3      13 
                 13       3       1      16  16  16                               1       3      13 
                 13       3       1                                               1       3      13 
                 13       3       1   1   1   1   1   1   1   1   1   1   1   1   1       3      13 
                 13       3                                                               3      13 
                 13       3   3   3   3   3   3   3   3   3   3   3   3   3   3   3   3   3      13 
                 13                                                                              13 
                 13  13  13  13  13  13  13  13  13  13  13  13  13  13  13  13  13  13  13  13  13 
