         19  19  19  19  19  19  19  19  19                                                 
         19                              19                                                 
 22  22  -1  21  21  21  21  21  21      19                                                 
 22      18                      21      19                                                 
 22      18       2   2   2      21      19                                                 
 22      18       2       2      21      19                                                 
 22      18       2       2      21      19      14  14  14  14  14  14  14  14  14  14  14 
 22      18       2       2      21      19      14                                      14 
 22      18       2       2      21      19      14      16  16  16  16  16  16  16      14 
 22      18       2       2      21      19      14      16                      16      14 
 22      18       2       2      21      19      14      16       4   4   4      16      14 
 22      18       2       2      21      19      14      16       4       4      16      14 
 22  22  -2   5  -1   6  -2   7  -1   8  -2   9  -1  10  -2  11  -1  12  -2  13  -1  14  14 
         17       3       1      20      20      15      15       1       3      17         
         17       3       1      20  20  20      15      15       1       3      17         
         17       3       1                      15      15       1       3      17         
         17       3       1                      15  15  15       1       3      17         
         17       3       1                                       1       3      17         
         17       3       1   1   1   1   1   1   1   1   1   1   1       3      17         
         17       3                                                       3      17         
         17       3   3   3   3   3   3   3   3   3   3   3   3   3   3   3      17         
         17                                                                      17         
         17  17  17  17  17  17  17  17  17  17  17  17  17  17  17  17  17  17  17         
