 13  13  13  13  13  13  13  13  13  13  13  13  13  13  13  13  13  13  13  13  13  13  13  13  13  13  13  13  13         
 13                                                                                                              13         
 13      20  20  20  20  20  20  20  20  20  20  20  20  20  20  20  20  20  20  20  20  20  20  20  20  20      13         
 13      20                                                                                              20      13         
 13      20       8   8   8   8   8   8   8   8   8   8   8   8   8   8   8   8   8                      20      13         
 13      20       8                                                               8                      20      13         
 13      20       8      22  22  22  22  22  22  22  22  22  22  22  22  22       8                      20      13         
 13      20       8      22                                              22       8                      20      13         
 13      20       8      22      16  16  16  16  16  16  16  16  16      22       8                      20      13         
 13      20       8      22      16                              16      22       8                      20      13         
 13      20       8      22  22  -2   7   7                      16      22       8                      20      13         
 13      20       8              15       7                      16      22       8                      20      13         
 13      20       8   8   8   8  -1   7   7                      16      22       8                      20      13         
 13      20                      14                              16      22       8                      20      13         
 13      20  20  20  20  20  20  -2  21  21  21  21  21  21  21  -1  22  22       8                      20      13         
 13                              13                              17               8                      20      13         
 13  13  13  13  13  13  13  13  13                              17               8                      20      13         
                                                                 17               8                      20      13         
                                                                 17               8      10  10  10      20      13         
                                                                 17               8      10      10      20      13         
                                                  6   6   6   6  -2   1   1   1  -1   2  -2   3  -1   4  -2   5  -1   6   6 
                                                  6              18               9       9      11      19      12       6 
                                                  6              18               9   9   9      11      19      12       6 
                                                  6              18                              11      19      12       6 
                                                  6      12  12  -1  11  11  11  11  11  11  11  11      19      12       6 
                                                  6      12      19                                      19      12       6 
                                                  6      12      19  19  19  19  19  19  19  19  19  19  19      12       6 
                                                  6      12                                                      12       6 
                                                  6      12  12  12  12  12  12  12  12  12  12  12  12  12  12  12       6 
                                                  6                                                                       6 
                                                  6   6   6   6   6   6   6   6   6   6   6   6   6   6   6   6   6   6   6 
