 21  21  21  21  21  21  21  21  21  21  21  21  21  21  21                                         
 21                                                      21                                         
 21      15  15  15  15  15  15  15  15  15  15  15      21                                         
 21      15                                      15      21                                         
 21      15      17  17  17  17  17  17  17      15      21                                         
 21      15      17                      17      15      21                                         
 21      15      17       2   2   2      17      15      21                                         
 21      15      17       2       2      17      15      21                                         
 21      15      17       2       2      17      15      21      19  19  19  19  19  19  19         
 21      15      17       2       2      17      15      21      19                      19         
 21      15      17       2       2      17      15      21      19       4   4   4      19         
 21      15      17       2       2      17      15      21      19       4       4      19         
 21  21  -1  22  -2   5  -1   6  -2   7  -1   8  -2   9  -1  10  -2  11  -1  12  -2  13  -1  14  14 
         14      18       3       1      16      16      20      20       1       3      18      14 
         14      18       3       1      16      16      20  20  20       1       3      18      14 
         14      18       3       1      16      16                       1       3      18      14 
         14      18       3       1      16  16  16                       1       3      18      14 
         14      18       3       1                                       1       3      18      14 
         14      18       3       1   1   1   1   1   1   1   1   1   1   1       3      18      14 
         14      18       3                                                       3      18      14 
         14      18       3   3   3   3   3   3   3   3   3   3   3   3   3   3   3      18      14 
         14      18                                                                      18      14 
         14      18  18  18  18  18  18  18  18  18  18  18  18  18  18  18  18  18  18  18      14 
         14                                                                                      14 
         14  14  14  14  14  14  14  14  14  14  14  14  14  14  14  14  14  14  14  14  14  14  14 
