 12  12  12  12  12  12  12  12  12  12  12  12  12  12  12  12  12  12  12  12  12  12  12  12  12  12  12  12  12  12  12  12  12 
 12                                                                                                                              12 
 12      19  19  19  19  19  19  19  19  19  19  19  19  19  19  19  19  19  19  19  19  19  19  19  19  19  19  19  19  19      12 
 12      19                                                                                                              19      12 
 12      19       3   3   3   3   3   3   3   3   3   3   3   3   3   3   3   3   3   3   3   3   3   3   3   3   3      19      12 
 12      19       3                                                                                               3      19      12 
 12      19       3                       7   7   7   7   7   7   7   7   7   7   7   7   7   7   7   7   7       3      19      12 
 12      19       3                       7                                                               7       3      19      12 
 12      19       3                       7                       2   2   2   2   2                       7       3      19      12 
 12      19       3                       7                       2               2                       7       3      19      12 
 12      19       3                       7   7   7   7   7   7  -1   8   8   8  -2   9   9   9   9   9  -1  10  -2  11  -1  12  12 
 12      19       3                                               3               1                      22       4      18         
 12      19       3   3   3   3   3   3   3   3   3   3   3   3   3               1                      22       4      18         
 12      19                                                                       1                      22       4      18         
 12      19  19  19  19  19  19  19  19  19  19  19  19  19  19  19  19  19  19  -1  20  20  20  20      22       4      18         
 12                                                                               6              20      22       4      18         
 12  12  12  12  12  12  12  12  12  12  12  12  12  12  12  12  12               6              20      22       4      18         
                                                                 12               6              20      22       4      18         
                         18  18  18  18  18  18  18  18  18  18  -1  17  17  17  -2  16  16      20      22       4      18         
                         18                                      13               5      16      20      22       4      18         
                         18       4   4   4   4   4   4   4   4  -2   5   5   5   5      16      20      22       4      18         
                         18       4                              14                      16      20      22       4      18         
                         18       4              22  22  22  22  -1  21  21              16      20      22       4      18         
                         18       4              22              15      21              16      20      22       4      18         
                         18       4              22      20  20  -2  21  21              16      20      22       4      18         
                         18       4              22      20      16                      16      20      22       4      18         
                         18       4              22      20      16  16  16  16  16  16  16      20      22       4      18         
                         18       4              22      20                                      20      22       4      18         
                         18       4              22      20  20  20  20  20  20  20  20  20  20  20      22       4      18         
                         18       4              22                                                      22       4      18         
                         18       4              22  22  22  22  22  22  22  22  22  22  22  22  22  22  22       4      18         
                         18       4                                                                               4      18         
                         18       4   4   4   4   4   4   4   4   4   4   4   4   4   4   4   4   4   4   4   4   4      18         
                         18                                                                                              18         
                         18  18  18  18  18  18  18  18  18  18  18  18  18  18  18  18  18  18  18  18  18  18  18  18  18         
