                          9   9   9   9   9                                                                                         
                          9               9                                                                                         
 19  19  19  19  19  19  -1  20  20       9                                                                                         
 19                       8      20       9                                                                                         
 19                       8      20       9      11  11  11  11  11  11  11  11  11  11  11  11  11  11  11  11  11  11  11  11  11 
 19                       8      20       9      11                                                                              11 
 19                       8      20       9      11      13  13  13  13  13  13  13  13  13  13  13  13  13  13  13  13  13      11 
 19                       8      20       9      11      13                                                              13      11 
 19                       8      20       9      11      13      18  18  18  18  18  18  18  18  18  18  18  18  18      13      11 
 19                       8      20       9      11      13      18                                              18      13      11 
 19                       8      20       9      11      13      18                              12  12  12      18      13      11 
 19                       8      20       9      11      13      18                              12      12      18      13      11 
 19                       8      20       9      11      13      18              22  22  22      12      12      18      13      11 
 19                       8      20       9      11      13      18              22      22      12      12      18      13      11 
 19      21  21  21  21  -2  20  20       9      11      13  13  -1  14  14  14  -2  15  -1  16  -2  17  -1  18  18      13      11 
 19      21               7               9      11               5              21      19      11      13              13      11 
 19      21               7               9      11               5              21      19      11      13  13  13  13  13      11 
 19      21               7               9      11               5              21      19      11                              11 
 19      21               7               9      11               5              21      19      11  11  11  11  11  11  11  11  11 
 19      21               7               9      11               5              21      19                                         
 19      21       2   2  -1   1   1   1  -2   4  -1   3   3   3  -2   2   2      21      19                                         
 19      21       2       6              10      10               6       2      21      19                                         
 19      21       2       6              10  10  10               6       2      21      19                                         
 19      21       2       6                                       6       2      21      19                                         
 19      21       2       6   6   6   6   6   6   6   6   6   6   6       2      21      19                                         
 19      21       2                                                       2      21      19                                         
 19      21       2   2   2   2   2   2   2   2   2   2   2   2   2   2   2      21      19                                         
 19      21                                                                      21      19                                         
 19      21  21  21  21  21  21  21  21  21  21  21  21  21  21  21  21  21  21  21      19                                         
 19                                                                                      19                                         
 19  19  19  19  19  19  19  19  19  19  19  19  19  19  19  19  19  19  19  19  19  19  19                                         
