  5   5   5   5   5   5   5   5   5   5   5   5   5   5   5   5   5   5   5   5   5                         
  5                                                                               5                         
  5       3   3   3   3   3   3   3   3   3   3   3   3   3   3   3   3   3       5                         
  5       3                                                               3       5                         
  5       3       9   9   9   9   9   9   9   9   9   9   9   9   9       3       5                         
  5       3       9                                               9       3       5                         
  5       3       9               2   2   2   2   2               9       3       5                         
  5       3       9               2               2               9       3       5                         
  5       3       9               2               2               9       3       5      21  21  21         
  5       3       9               2               2               9       3       5      21      21         
  5       3       9   9   9   9  -1  10  10  10  -2  11  11  11  -1  12  -2  13  -1  14  -2  15  -1  16  16 
  5       3                       3               1              22       4       4      22      20      16 
  5       3                       3               1              22       4   4   4      22      20      16 
  5       3                       3               1              22                      22      20      16 
  5       3                       3               1              22  22  22  22  22  22  22      20      16 
  5       3                       3               1                                              20      16 
  5       3   3   3   3   3   3   3               1                                              20      16 
  5                                               1                                              20      16 
  5                                      19  19  -1  20  20  20  20  20  20  20  20  20  20  20  20      16 
  5                                      19       8                                                      16 
  5                                      19  19  -2  18  18                                              16 
  5                                               7      18                                              16 
  5   5   5   5   5   5   5   5   5               7      18                                              16 
                                  5               7      18                                              16 
                         16  16  -2  17  17  17  -1  18  18                                              16 
                         16       6               6                                                      16 
                         16       6   6   6   6   6                                                      16 
                         16                                                                              16 
                         16  16  16  16  16  16  16  16  16  16  16  16  16  16  16  16  16  16  16  16  16 
