 16  16  16  16  16  16  16  16  16  16  16  16  16  16  16  16  16  16  16  16  16  16  16                                         
 16                                                                                      16                                         
 16       8   8   8   8   8   8   8   8   8   8   8   8   8   8   8   8   8   8   8      16                                         
 16       8                                                                       8      16                                         
 16       8      17  17  17  17  17  17  17  17  17  17  17  17  17               8      16                                         
 16       8      17                                              17               8      16                                         
 16       8      17                       1   1   1   1   1      17               8      16                                         
 16       8      17                       1               1      17               8      16                                         
 16       8   8  -1   7   7   7   7   7  -2   6   6       1      17               8      16                                         
 16              16                       2       6       1      17               8      16                                         
 16  16  16  16  16                       2       6       1      17               8      16                                         
                                          2       6       1      17               8      16                                         
                          5   5   5   5  -1   6   6       1      17               8      16                                         
                          5               3               1      17               8      16                                         
                          5      12  12  -2  13  13  13  -1  14  -2  15  15  15  -1  16  16                                         
                          5      12       4               4      18               9                                                 
                          5      12       4   4   4   4   4      18               9                                                 
                          5      12                              18               9                                                 
                          5      12                              18               9               5   5   5   5   5   5   5   5   5 
                          5      12                              18               9               5                               5 
                          5      12                              18               9               5      19  19  19               5 
                          5      12                              18               9               5      19      19               5 
                          5      12                              18      20  20  -2  21  21  21  -1  22  -2  11  -1  12  12       5 
                          5      12                              18      20      10              10      20      18      12       5 
                          5      12                              18      20      10  10  10  10  10      20      18      12       5 
                          5      12                              18      20                              20      18      12       5 
                          5      12                              18      20  20  20  20  20  20  20  20  20      18      12       5 
                          5      12                              18                                              18      12       5 
                          5      12                              18  18  18  18  18  18  18  18  18  18  18  18  18      12       5 
                          5      12                                                                                      12       5 
                          5      12  12  12  12  12  12  12  12  12  12  12  12  12  12  12  12  12  12  12  12  12  12  12       5 
                          5                                                                                                       5 
                          5   5   5   5   5   5   5   5   5   5   5   5   5   5   5   5   5   5   5   5   5   5   5   5   5   5   5 
