                                          3   3   3   3   3   3   3   3   3   3   3   3   3   3   3   3   3   3   3   3   3 
                                          3                                                                               3 
                                          3      13  13  13  13  13  13  13  13  13  13  13  13  13  13  13  13  13       3 
                                          3      13                                                              13       3 
                                          3      13              22  22  22  22  22  22  22  22  22  22  22      13       3 
                                          3      13              22                                      22      13       3 
                                          3      13              22              16  16  16  16  16      22      13       3 
                                          3      13              22              16              16      22      13       3 
                                          3      13      19  19  -1  20  20  20  -2  21  21  21  -1  22  22      13       3 
                                          3      13      19      17              15              11              13       3 
  1   1   1   1   1   1   1   1   1       3      13      19      17              15              11              13       3 
  1                               1       3      13      19      17              15              11              13       3 
  1      15  15  15  15  15       1       3      13      19      17              15              11              13       3 
  1      15              15       1       3      13      19      17              15              11              13       3 
  1      15       8   8  -1   7  -2   6  -1   5  -2  10  -1   9  -2   8   8      15       1   1  -2   4   4   4  -1   3   3 
  1      15       8      14       2       2      14      18      18       8      15       1      12              12         
  1      15       8      14       2       2      14      18  18  18       8      15       1      12              12         
  1      15       8      14       2       2      14                       8      15       1      12              12         
  1      15       8      14       2       2      14                       8      15       1      12  12  12  12  12         
  1      15       8      14       2       2      14                       8      15       1                                 
  1      15       8      14       2   2   2      14                       8      15       1                                 
  1      15       8      14                      14                       8      15       1                                 
  1      15       8      14  14  14  14  14  14  14                       8      15       1                                 
  1      15       8                                                       8      15       1                                 
  1      15       8   8   8   8   8   8   8   8   8   8   8   8   8   8   8      15       1                                 
  1      15                                                                      15       1                                 
  1      15  15  15  15  15  15  15  15  15  15  15  15  15  15  15  15  15  15  15       1                                 
  1                                                                                       1                                 
  1   1   1   1   1   1   1   1   1   1   1   1   1   1   1   1   1   1   1   1   1   1   1                                 
