 13  13  13  13  13  13  13  13  13  13  13  13  13  13  13  13  13  13  13  13  13  13  13  13  13  13  13  13  13                         
 13                                                                                                              13                         
 13       6   6   6   6   6   6   6   6   6   6   6   6   6   6   6   6   6   6   6   6   6   6   6   6   6      13                         
 13       6                                                                                               6      13                         
 13       6      10  10  10  10  10  10  10  10  10  10  10  10  10  10  10  10  10  10  10  10  10       6      13                         
 13       6      10                                                                              10       6      13                         
 13       6      10      19  19  19  19  19  19  19  19  19  19  19  19  19  19  19  19  19      10       6      13                         
 13       6      10      19                                                              19      10       6      13                         
 13       6      10      19      11  11  11                                              19      10       6      13                         
 13       6      10      19      11      11                                              19      10       6      13                         
 13       6      10      19      11      11      18  18  18  18  18  18  18  18  18      19      10       6      13                         
 13       6      10      19      11      11      18                              18      19      10       6      13                         
 13       6      10      19  19  -1  20  -2  21  -1  22  22  22  22  22  22  22  -2  19  19      10       6      13                         
 13       6      10              10      12       5                              17              10       6      13                         
 13       6      10  10  10  10  10      12       5                              17              10       6      13                         
 13       6                              12       5                              17              10       6      13                         
 13       6   6   6   6   6   6   6   6  -1   5   5       9   9   9   9   9   9  -1  10  10  10  10       6      13                         
 13                                      13               9                      16                       6      13                         
 13  13  13  13  13  13  13  13  13  13  13               9                      16                       6      13                         
                                                          9                      16                       6      13                         
                                                          9                      16                       6      13       9   9   9   9   9 
                                                          9                      16                       6      13       9               9 
                                                          9       4   4   4   4  -2   1   1   1   1   1  -1   2  -2   3  -1   4   4       9 
                                                          9       4              15                       7      14       8       4       9 
                                                          9       4       8   8  -1   7   7   7   7   7   7      14       8       4       9 
                                                          9       4       8      14                              14       8       4       9 
                                                          9       4       8      14  14  14  14  14  14  14  14  14       8       4       9 
                                                          9       4       8                                               8       4       9 
                                                          9       4       8   8   8   8   8   8   8   8   8   8   8   8   8       4       9 
                                                          9       4                                                               4       9 
                                                          9       4   4   4   4   4   4   4   4   4   4   4   4   4   4   4   4   4       9 
                                                          9                                                                               9 
                                                          9   9   9   9   9   9   9   9   9   9   9   9   9   9   9   9   9   9   9   9   9 
