                         18  18  18  18  18  18  18  18  18  18  18  18  18  18  18  18  18  18  18  18  18  18  18  18  18 
                         18                                                                                              18 
                         18      16  16  16  16  16  16  16  16  16  16  16  16  16  16  16  16  16  16  16  16  16      18 
                         18      16                                                                              16      18 
                         18      16       9   9   9   9   9   9   9   9   9                                      16      18 
                         18      16       9                               9                                      16      18 
                         18      16       9       4   4   4   4   4       9                                      16      18 
                         18      16       9       4               4       9                                      16      18 
                         18      16       9       4               4       9                      19  19  19      16      18 
                         18      16       9       4               4       9                      19      19      16      18 
                         18      16       9       4               4       9      21  21  21      19      19      16      18 
                         18      16       9       4               4       9      21      21      19      19      16      18 
                         18      16       9   9  -1  10  10  10  -2  11  -1  12  -2  13  -1  14  -2  15  -1  16  16      18 
                         18      16               1               3      22      22      20      20      18              18 
                         18      16               1               3      22  22  22      20      20      18              18 
                         18      16               1               3                      20      20      18              18 
                         18      16               1               3                      20  20  20      18              18 
                         18      16               1               3                                      18              18 
                         18      16               1               3                                      18  18  18  18  18 
                         18      16               1               3                                                         
  3   3   3   3   3      18      16               1               3                                                         
  3               3      18      16               1               3                                                         
  3       6   6  -1   5  -2   8  -1   7   7   7  -2   6   6       3                                                         
  3       6       2      17      17               2       6       3                                                         
  3       6       2      17  17  17               2       6       3                                                         
  3       6       2                               2       6       3                                                         
  3       6       2   2   2   2   2   2   2   2   2       6       3                                                         
  3       6                                               6       3                                                         
  3       6   6   6   6   6   6   6   6   6   6   6   6   6       3                                                         
  3                                                               3                                                         
  3   3   3   3   3   3   3   3   3   3   3   3   3   3   3   3   3                                                         
