                                                  5   5   5   5   5   5   5   5   5   5   5 
                                                  5                                       5 
 21  21  21  21  21  21  21  21  21  21  21  21  -1  22  22  22  22  22  22  22  22       5 
 21                                               4                              22       5 
 21      11  11  11  11  11  11  11  11  11  11  -2  10  10  10  10  10  10      22       5 
 21      11                                       3                      10      22       5 
 21      11                               8   8  -1   7   7   7   7      10      22       5 
 21      11                               8       2               7      10      22       5 
 21      11                               8   8  -2   9   9   9  -1  10  10      22       5 
 21      11                                       1              22              22       5 
 21      11                                       1              22  22  22  22  22       5 
 21      11                                       1                                       5 
 21      11      16  16  16  16  16  16  16  16  -1  15  15                               5 
 21      11      16                               6      15                               5 
 21      11      16      19  19  19               6      15                               5 
 21      11      16      19      19               6      15                               5 
 21      11  11  -1  12  -2  13  -1  14  14  14  -2  15  15                               5 
 21              17      20      18               5                                       5 
 21              17      20      18               5   5   5   5   5   5   5   5   5   5   5 
 21              17      20      18                                                         
 21  21  21  21  -2  20  20      18                                                         
                 18              18                                                         
                 18  18  18  18  18                                                         
