  8   8   8   8   8   8   8   8   8   8   8   8   8   8   8   8   8   8   8   8   8   8   8   8   8   8   8   8   8 
  8                                                                                                               8 
  8                                                                              15  15  15  15  15  15  15       8 
  8                                                                              15                      15       8 
  8                                                                              15       2   2   2      15       8 
  8                                                                              15       2       2      15       8 
  8      17  17  17  17  17  17  17  17  17  17  17  17  17  17  17  17  17      15       2       2      15       8 
  8      17                                                              17      15       2       2      15       8 
  8      17       9   9   9   9   9   9   9   9   9   9   9   9   9      17      15       2       2      15       8 
  8      17       9                                               9      17      15       2       2      15       8 
  8      17       9      13  13  13  13  13  13  13               9      17      15       2       2      15       8 
  8      17       9      13                      13               9      17      15       2       2      15       8 
  8      17  17  -1  18  -2  19  19  19  19  19  -1  20  20  20  -2  21  -1  22  -2   5  -1   6  -2   7  -1   8   8 
  8               8      14                      12              10      16      16       3       1      14         
  8               8      14                      12              10      16  16  16       3       1      14         
  8               8      14                      12              10                       3       1      14         
  8   8   8   8   8      14                      12              10                       3       1      14         
                         14                      12              10                       3       1      14         
                         14       1   1   1   1  -2   4   4      10                       3       1      14         
                         14       1              11       4      10                       3       1      14         
                         14       1       3   3  -1   4   4      10                       3       1      14         
                         14       1       3      10              10                       3       1      14         
                         14       1       3      10  10  10  10  10                       3       1      14         
                         14       1       3                                               3       1      14         
                         14       1       3   3   3   3   3   3   3   3   3   3   3   3   3       1      14         
                         14       1                                                               1      14         
                         14       1   1   1   1   1   1   1   1   1   1   1   1   1   1   1   1   1      14         
                         14                                                                              14         
                         14  14  14  14  14  14  14  14  14  14  14  14  14  14  14  14  14  14  14  14  14         
