                                 10  10  10  10  10  10  10  10  10  10  10  10  10  10  10  10  10  10  10  10  10 
                                 10                                                                              10 
                                 10      15  15  15  15  15  15  15  15  15                                      10 
                                 10      15                              15                                      10 
                                 10      15       4   4   4   4   4      15                                      10 
                                 10      15       4               4      15                                      10 
                                 10      15  15  -1  16  16       4      15                                      10 
                                 10               5      16       4      15                                      10 
 18  18  18  18  18  18  18  18  -1  17  17  17  -2  16  16       4      15                                      10 
 18                              11               6               4      15                                      10 
 18       1   1   1   1   1   1  -2   6   6   6   6               4      15                                      10 
 18       1                      12                               4      15                                      10 
 18       1       3   3   3   3  -1   4   4   4   4   4   4   4   4      15                                      10 
 18       1       3              13                                      15                                      10 
 18       1       3              13              15  15  15  15  15  15  15                                      10 
 18       1       3              13              15                                                              10 
 18       1       3              13              15                              19  19  19  19  19  19  19      10 
 18       1       3              13              15                              19                      19      10 
 18       1       3              13              15                              19       2   2   2      19      10 
 18       1       3              13              15                              19       2       2      19      10 
 18       1       3      20  20  -2  21  21  21  -1  22  22  22  22  22  22  22  -2   7  -1   8  -2   9  -1  10  10 
 18       1       3      20      14              14                              20       3       1      18         
 18       1       3      20      14  14  14  14  14                              20       3       1      18         
 18       1       3      20                                                      20       3       1      18         
 18       1       3      20  20  20  20  20  20  20  20  20  20  20  20  20  20  20       3       1      18         
 18       1       3                                                                       3       1      18         
 18       1       3   3   3   3   3   3   3   3   3   3   3   3   3   3   3   3   3   3   3       1      18         
 18       1                                                                                       1      18         
 18       1   1   1   1   1   1   1   1   1   1   1   1   1   1   1   1   1   1   1   1   1   1   1      18         
 18                                                                                                      18         
 18  18  18  18  18  18  18  18  18  18  18  18  18  18  18  18  18  18  18  18  18  18  18  18  18  18  18         
