  3   3   3   3   3   3   3   3   3   3   3   3   3   3   3   3   3   3   3   3   3   3   3   3   3 
  3                                                                                               3 
  3                                                                      12  12  12               3 
  3                                                                      12      12               3 
  3      14  14  14  14  14  14  14  14  14  14  14  14  14  14  14      12      12               3 
  3      14                                                      14      12      12               3 
  3      14      21  21  21  21  21  21  21  21  21  21  21      14      12      12               3 
  3      14      21                                      21      14      12      12               3 
  3      14      21      17  17  17  17  17  17  17      21      14      12      12               3 
  3      14      21      17                      17      21      14      12      12               3 
  3      14      21      17      19  19  19      17      21      14      12      12               3 
  3      14      21      17      19      19      17      21      14      12      12               3 
  3   3  -1   4  -2   5  -1   6  -2   7  -1   8  -2   9  -1  10  -2   1  -1   2  -2   3   3   3   3 
         15      22      16      20      18      18      20      13      13      11                 
         15      22      16      20      18  18  18      20      13      13      11                 
         15      22      16      20                      20      13      13      11                 
         15      22      16      20  20  20  20  20  20  20      13      13      11                 
         15      22      16                                      13      13      11                 
         15      22      16                                      13  13  13      11                 
         15      22      16                                                      11                 
         15      22      16  16  16  16  16  16  16  16  16  16  16  16  16  16  -1  15  15         
         15      22                                                              22      15         
         15      22  22  22  22  22  22  22  22  22  22  22  22  22  22  22  22  22      15         
         15                                                                              15         
         15  15  15  15  15  15  15  15  15  15  15  15  15  15  15  15  15  15  15  15  15         
