 22  22  22  22  22  22  22  22  22  22  22  22  22  22  22  22  22  22  22  22  22  22  22  22  22                                         
 22                                                                                              22                                         
 22      20  20  20  20  20  20  20  20  20  20  20  20  20  20  20  20  20  20  20  20  20      22                                         
 22      20                                                                              20      22                                         
 22      20      18  18  18  18  18  18  18  18  18  18  18  18  18  18  18  18  18      20      22                                         
 22      20      18                                                              18      20      22                                         
 22      20      18                                       6   6   6   6   6      18      20      22                                         
 22      20      18                                       6               6      18      20      22                                         
 22      20      18                                       6      19  19  -2  18  18      20      22                                         
 22      20      18                                       6      19       5              20      22                                         
 22      20      18                                       6      19  19  -1  20  20  20  20      22                                         
 22      20      18                                       6               4                      22                                         
 22      20      18                                       6               4                      22       1   1   1   1   1   1   1   1   1 
 22      20      18                                       6               4                      22       1                               1 
 22      20      18                                       6               4                      22       1       3   3   3   3   3       1 
 22      20      18                                       6               4                      22       1       3               3       1 
 22      20      18                       8   8   8       6               4                      22       1       3               3       1 
 22      20      18                       8       8       6               4                      22       1       3               3       1 
 22      20      18      21  21  21       8       8       6               4                      22       1       3               3       1 
 22      20      18      21      21       8       8       6               4                      22       1       3               3       1 
 22      20      18  18  -1  17  -2  16  -1  15  -2  14  -1  13  13  13  -2  12  12  12  12  12  -1  11  -2  10  -1   9   9       3       1 
 22      20              20      22       1       7       7               3                       9       2       2       9       3       1 
 22      20  20  20  20  20      22       1       7       7               3                       9       2       2       9       3       1 
 22                              22       1       7       7               3                       9       2       2       9       3       1 
 22  22  22  22  22  22  22  22  22       1       7       7               3                       9       2       2       9       3       1 
                                          1       7       7               3                       9       2       2       9       3       1 
                                          1       7   7   7               3                       9       2       2       9       3       1 
                                          1                               3                       9       2       2       9       3       1 
                                          1                               3                       9       2   2   2       9       3       1 
                                          1                               3                       9                       9       3       1 
                                          1                               3                       9   9   9   9   9   9   9       3       1 
                                          1                               3                                                       3       1 
                                          1                               3   3   3   3   3   3   3   3   3   3   3   3   3   3   3       1 
                                          1                                                                                               1 
                                          1   1   1   1   1   1   1   1   1   1   1   1   1   1   1   1   1   1   1   1   1   1   1   1   1 
