 12  12  12  12  12  12  12  12  12  12  12  12  12  12  12  12  12  12  12  12  12  12  12  12  12 
 12                                                                                              12 
 12                      17  17  17  17  17  17  17  17  17                                      12 
 12                      17                              17                                      12 
 12                      17       2   2   2   2   2      17                                      12 
 12                      17       2               2      17                                      12 
 12                      17       2               2      17                      19  19  19      12 
 12                      17       2               2      17                      19      19      12 
 12                      17       2               2      17      21  21  21      19      19      12 
 12                      17       2               2      17      21      21      19      19      12 
 12  12  12  12  12  12  -2   5  -1   6   6   6  -2   7  -1   8  -2   9  -1  10  -2  11  -1  12  12 
                         18       3               1      16      22      20      20      18         
                         18       3               1      16      22      20  20  20      18         
                         18       3               1      16      22                      18         
         18  18  18  18  18       3               1      16      22                      18         
         18                       3               1      16      22                      18         
         18              15  15  -2  14  14       1      16      22                      18         
         18              15       4      14       1      16      22                      18         
         18      22  22  -2  13  -1  14  14       1      16      22                      18         
         18      22      16       1               1      16      22                      18         
         18      22      16       1   1   1   1   1      16      22                      18         
         18      22      16                              16      22                      18         
         18      22      16  16  16  16  16  16  16  16  16      22                      18         
         18      22                                              22                      18         
         18      22  22  22  22  22  22  22  22  22  22  22  22  22                      18         
         18                                                                              18         
         18  18  18  18  18  18  18  18  18  18  18  18  18  18  18  18  18  18  18  18  18         
