 10  10  10  10  10  10  10  10  10  10  10  10  10  10  10  10  10  10  10  10  10  10  10  10  10 
 10                                                                                              10 
 10      19  19  19  19  19  19  19  19  19  19  19  19  19  19  19  19  19  19  19  19  19      10 
 10      19                                                                              19      10 
 10      19      21  21  21  21  21  21  21  21  21  21  21  21  21  21  21  21  21      19      10 
 10      19      21                                                              21      19      10 
 10      19      21      16  16  16  16  16  16  16  16  16                      21      19      10 
 10      19      21      16                              16                      21      19      10 
 10      19      21      16       1   1   1   1   1      16                      21      19      10 
 10      19      21      16       1               1      16                      21      19      10 
 10      19      21      16       1      14  14  -1  13  -2  12  12  12  12  12  -1  11  -2  10  10 
 10      19      21      16       1      14       4      15                      20      20         
 10      19      21      16       1      14       4      15                      20  20  20         
 10      19      21      16       1      14       4      15                                         
 10      19      21      16       1      14  14  -2  15  15                                         
 10      19      21      16       1               3                                                 
 10      19      21      16       1               3      18  18  18  18  18                         
 10      19      21      16       1               3      18              18                         
 10  10  -1   9  -2   8  -1   7  -2   6   6   6  -1   5  -2  22  22      18                         
         18      22      17       2               2      17      22      18                         
         18      22      17       2   2   2   2   2      17      22      18                         
         18      22      17                              17      22      18                         
         18      22      17  17  17  17  17  17  17  17  17      22      18                         
         18      22                                              22      18                         
         18      22  22  22  22  22  22  22  22  22  22  22  22  22      18                         
         18                                                              18                         
         18  18  18  18  18  18  18  18  18  18  18  18  18  18  18  18  18                         
