                                          8   8   8   8   8   8   8   8   8   8   8   8   8   8   8   8   8   8   8   8   8 
                                          8                                                                               8 
                                          8       6   6   6   6   6   6   6   6   6   6   6   6   6   6   6   6   6       8 
                                          8       6                                                               6       8 
                                          8       6       1   1   1   1   1   1   1   1   1   1   1   1   1       6       8 
                                          8       6       1                                               1       6       8 
                                          8       6       1               5   5   5                       1       6       8 
                                          8       6       1               5       5                       1       6       8 
 16  16  16  16  16  16  16  16  16       8       6       1               5       5                       1       6       8 
 16                              16       8       6       1               5       5                       1       6       8 
 16                       7   7  -1   8   8       6       1       9   9  -1  10  -2   1   1   1   1   1   1       6       8 
 16                       7      17               6       1       9       4       6                               6       8 
 16                       7      17               6       1       9       4       6   6   6   6   6   6   6   6   6       8 
 16                       7      17               6       1       9       4                                               8 
 16                       7   7  -2   6   6   6   6       1       9   9  -2   8   8   8   8   8   8   8   8   8   8   8   8 
 16                              18                       1               3                                                 
 16                              18                       1               3      20  20  20  20  20                         
 16                              18                       1               3      20              20                         
 16      21  21  21              18                       1               3      20              20                         
 16      21      21              18                       1               3      20              20                         
 16  16  -1  15  -2  14  14  14  -1  13  13  13  13  13  -2  12  12  12  -1  11  -2  22  22      20                         
         20      22              19                       2               2      19      22      20                         
         20      22              19                       2   2   2   2   2      19      22      20                         
         20      22              19                                              19      22      20                         
         20      22              19  19  19  19  19  19  19  19  19  19  19  19  19      22      20                         
         20      22                                                                      22      20                         
         20      22  22  22  22  22  22  22  22  22  22  22  22  22  22  22  22  22  22  22      20                         
         20                                                                                      20                         
         20  20  20  20  20  20  20  20  20  20  20  20  20  20  20  20  20  20  20  20  20  20  20                         
