  6   6   6   6   6   6   6   6   6   6   6   6   6   6   6   6   6   6   6   6   6   6   6   6   6   6   6   6   6 
  6                                                                                                               6 
  6                              15  15  15  15  15  15  15  15  15  15  15  15  15  15  15  15  15  15  15       6 
  6                              15                                                                      15       6 
  6                              15      22  22  22  22  22  22  22  22  22  22  22  22  22  22  22      15       6 
  6                              15      22                                                      22      15       6 
  6                              15      22      16  16  16                                      22      15       6 
  6                              15      22      16      16                                      22      15       6 
  6                              15      22  22  -2   7  -1   8   8   8   8                      22      15       6 
  6                              15              15      17               8                      22      15       6 
  6                              15  15  15  15  15      17               8                      22      15       6 
  6                                                      17               8                      22      15       6 
  6                                                      17               8      10  10  10      22      15       6 
  6                                                      17               8      10      10      22      15       6 
  6   6   6   6   6   6   6   6   6   6   6   6   6   6  -2   1   1   1  -1   2  -2   3  -1   4  -2   5  -1   6   6 
                                                         18               9       9      11      21      14         
                                                         18               9   9   9      11      21      14         
                                                         18                              11      21      14         
         14  14  14  14  14  14  14  14  14  14  14  14  -1  13  13                      11      21      14         
         14                                              19      13                      11      21      14         
         14      21  21  21  21  21  21  21  21  21      19      13                      11      21      14         
         14      21                              21      19      13                      11      21      14         
         14      21      11  11  11  11  11  11  -1  12  -2  13  13                      11      21      14         
         14      21      11                      20      20                              11      21      14         
         14      21      11                      20  20  20                              11      21      14         
         14      21      11                                                              11      21      14         
         14      21      11  11  11  11  11  11  11  11  11  11  11  11  11  11  11  11  11      21      14         
         14      21                                                                              21      14         
         14      21  21  21  21  21  21  21  21  21  21  21  21  21  21  21  21  21  21  21  21  21      14         
         14                                                                                              14         
         14  14  14  14  14  14  14  14  14  14  14  14  14  14  14  14  14  14  14  14  14  14  14  14  14         
