         17  17  17  17  17  17  17  17  17  17  17  17  17  17  17  17  17  17  17  17  17  17  17  17  17  17  17 
         17                                                                                                      17 
         17       9   9   9   9   9   9   9   9   9   9   9   9   9   9   9   9   9   9   9   9   9   9   9      17 
         17       9                                                                                       9      17 
         17       9      18  18  18  18  18  18  18  18  18  18  18  18  18  18  18  18  18  18  18       9      17 
         17       9      18                                                                      18       9      17 
         17       9      18      20  20  20  20  20  20  20  20  20  20  20  20  20              18       9      17 
         17       9      18      20                                              20              18       9      17 
         17       9      18      20      13  13  13  13  13  13  13  13  13      20              18       9      17 
         17       9      18      20      13                              13      20              18       9      17 
         17       9      18      20      13                      21  21  -2  20  20              18       9      17 
         17       9      18      20      13                      21      14                      18       9      17 
         17       9      18      20      13                      21  21  -1  22  22  22  22  22  -2   9   9      17 
         17       9      18      20      13                              15                      17              17 
         17       9      18      20      13                              15                      17  17  17  17  17 
         17       9      18      20      13                              15                                         
         17       9      18      20      13      11  11  11              15                                         
         17       9      18      20      13      11      11              15                                         
  8   8  -1   7  -2   6  -1   5  -2   4  -1   3  -2   2  -1   1   1   1  -2   8   8   8   8                         
  8      16      10      19      19      12      12      10              16               8                         
  8      16      10      19  19  19      12      12      10              16               8                         
  8      16      10                      12      12      10              16               8                         
  8      16      10                      12  12  12      10              16               8                         
  8      16      10                                      10              16               8                         
  8      16      10  10  10  10  10  10  10  10  10  10  10              16               8                         
  8      16                                                              16               8                         
  8      16  16  16  16  16  16  16  16  16  16  16  16  16  16  16  16  16               8                         
  8                                                                                       8                         
  8   8   8   8   8   8   8   8   8   8   8   8   8   8   8   8   8   8   8   8   8   8   8                         
