  3   3   3   3   3   3   3   3   3   3   3   3   3   3   3   3   3   3   3   3   3   3   3                                         
  3                                                                                       3                                         
  3      13  13  13  13  13  13  13  13  13  13  13  13  13  13  13  13  13  13  13       3                                         
  3      13                                                                      13       3                                         
  3      13      17  17  17  17  17  17  17  17  17  17  17  17  17              13       3                                         
  3      13      17                                              17              13       3                                         
  3      13      17       7   7   7   7   7   7   7   7   7      17              13       3                                         
  3      13      17       7                               7      17              13       3                                         
  3      13      17       7      15  15  15  15  15       7      17              13       3                                         
  3      13      17       7      15              15       7      17              13       3                                         
  3      13      17       7   7  -1   8   8      15       7      17              13       3                                         
  3      13      17              14       8      15       7      17              13       3                                         
  3      13      17  17  17  17  -2  16  -1  15  15       7      17              13       3                                         
  3      13                      13       9               7      17              13       3                                         
  3      13  13  13  13  13  13  13       9               7      17              13       3                                         
  3                                       9               7      17              13       3                                         
  3   3   3   3   3   3   3   3   3   3  -2   2   2   2  -1   1  -2   4   4   4  -1   3   3                                         
                                         10               6      18              12                                                 
                                         10               6      18              12              10  10  10  10  10  10  10  10  10 
                                         10               6      18              12              10                              10 
                                         10               6      18              12              10      19  19  19              10 
                                         10               6      18              12              10      19      19              10 
                                         10               6      18      20  20  -2  21  21  21  -1  22  -2   5  -1   6   6      10 
                                         10               6      18      20      11              11      20      18       6      10 
                                         10               6      18      20      11  11  11  11  11      20      18       6      10 
                                         10               6      18      20                              20      18       6      10 
                                         10               6      18      20  20  20  20  20  20  20  20  20      18       6      10 
                                         10               6      18                                              18       6      10 
                                         10               6      18  18  18  18  18  18  18  18  18  18  18  18  18       6      10 
                                         10               6                                                               6      10 
                                         10               6   6   6   6   6   6   6   6   6   6   6   6   6   6   6   6   6      10 
                                         10                                                                                      10 
                                         10  10  10  10  10  10  10  10  10  10  10  10  10  10  10  10  10  10  10  10  10  10  10 
