  2   2   2   2   2   2   2   2   2   2   2   2   2   2   2   2   2   2   2   2   2   2   2                                         
  2                                                                                       2                                         
  2      21  21  21  21  21  21  21  21  21  21  21  21  21  21  21  21  21  21  21       2                                         
  2      21                                                                      21       2                                         
  2      21      13  13  13  13  13  13  13  13  13  13  13  13  13  13  13      21       2                                         
  2      21      13                                                      13      21       2                                         
  2      21      13       9   9   9   9   9   9   9   9   9   9   9      13      21       2                                         
  2      21      13       9                                       9      13      21       2                                         
  2      21      13  13  -1  14  14  14  14              22  22  -2  13  13      21       2                                         
  2      21               8              14              22      10              21       2                                         
  2      21  21  21  21  -2  20  20      14              22  22  -1  21  21  21  21       2                                         
  2                       7      20      14                      11                       2                                         
  2   2   2   2   2   2  -1   1  -2   4  -1   3   3   3   3   3  -2   2   2   2   2   2   2                                         
                          6      19      15                      12                                                                 
                          6      19      15                      12                               6   6   6   6   6   6   6   6   6 
                          6      19      15                      12                               6                               6 
                          6      19      15                      12                               6      19  19  19  19  19       6 
                          6      19      15                      12                               6      19              19       6 
                          6      19      15      18  18  18  18  -1  17  17  17  17  17  17  17  -2  16  -1  15  15      19       6 
                          6      19      15      18               5                               5      18      15      19       6 
                          6      19      15      18               5   5   5   5   5   5   5   5   5      18      15      19       6 
                          6      19      15      18                                                      18      15      19       6 
                          6      19      15      18  18  18  18  18  18  18  18  18  18  18  18  18  18  18      15      19       6 
                          6      19      15                                                                      15      19       6 
                          6      19      15  15  15  15  15  15  15  15  15  15  15  15  15  15  15  15  15  15  15      19       6 
                          6      19                                                                                      19       6 
                          6      19  19  19  19  19  19  19  19  19  19  19  19  19  19  19  19  19  19  19  19  19  19  19       6 
                          6                                                                                                       6 
                          6   6   6   6   6   6   6   6   6   6   6   6   6   6   6   6   6   6   6   6   6   6   6   6   6   6   6 
