                 11  11  11  11  11  11  11  11  11  11  11  11  11  11  11  11  11  11  11  11  11  11  11  11  11  11  11  11  11  11  11 
                 11                                                                                                                      11 
                 11                              22  22  22  22  22  22  22  22  22  22  22  22  22  22  22  22  22  22  22  22  22      11 
                 11                              22                                                                              22      11 
                 11                              22      20  20  20  20  20  20  20  20  20  20  20  20  20  20  20  20  20      22      11 
                 11                              22      20                                                              20      22      11 
                 11                              22      20      18  18  18  18  18  18  18  18  18  18  18  18  18      20      22      11 
                 11                              22      20      18                                              18      20      22      11 
                 11                              22      20      18      10  10  10  10  10                      18      20      22      11 
                 11                              22      20      18      10              10                      18      20      22      11 
                 11                              22      20      18  18  -2  19  19      10                      18      20      22      11 
                 11                              22      20               9      19      10                      18      20      22      11 
                 11                              22      20  20  20  20  -1  19  19      10                      18      20      22      11 
                 11                              22                       8              10                      18      20      22      11 
                 11       4   4   4   4   4      22                       8              10                      18      20      22      11 
                 11       4               4      22                       8              10                      18      20      22      11 
                 11       4               4      22                       8              10      21  21  21      18      20      22      11 
                 11       4               4      22                       8              10      21      21      18      20      22      11 
                 11  11  -1  12  12  12  -2  13  -1  14  14  14  14  14  -2  15  15  15  -1  16  -2  17  -1  18  18      20      22      11 
                          1               3       5                       7              11      22      20              20      22      11 
                          1               3       5                       7              11      22      20  20  20  20  20      22      11 
                          1               3       5                       7              11      22                              22      11 
                          1               3       5                       7              11      22  22  22  22  22  22  22  22  22      11 
                          1               3       5                       7              11                                              11 
                          1               3       5                       7              11  11  11  11  11  11  11  11  11  11  11  11  11 
                          1               3       5                       7                                                                 
  7   7   7   7   7   7  -2   6   6       3       5                       7                                                                 
  7                       2       6       3       5                       7                                                                 
  7       5   5   5   5  -1   6   6       3       5                       7                                                                 
  7       5               3               3       5                       7                                                                 
  7       5               3   3   3   3   3       5                       7                                                                 
  7       5                                       5                       7                                                                 
  7       5   5   5   5   5   5   5   5   5   5   5                       7                                                                 
  7                                                                       7                                                                 
  7   7   7   7   7   7   7   7   7   7   7   7   7   7   7   7   7   7   7                                                                 
