 20  20  20  20  20  20  20  20  20  20  20  20  20  20  20  20  20  20  20  20  20  20  20                                                 
 20                                                                                      20                                                 
 20      18  18  18  18  18  18  18  18  18  18  18  18  18  18  18  18  18  18  18      20                                                 
 20      18                                                                      18      20                                                 
 20      18                              16  16  16  16  16  16  16  16  16      18      20                                                 
 20      18                              16                              16      18      20                                                 
 20      18                              16       4   4   4   4   4      16      18      20                                                 
 20      18                              16       4               4      16      18      20                                                 
 20      18                              16  16  -1  15  15       4      16      18  18  -1  17  17                                         
 20      18                                       5      15       4      16              21      17                                         
 20      18      14  14  14  14  14  14  14  14  -2  15  15       4      16  16  16  16  -2  17  17                                         
 20      18      14                               6               4                      22                                                 
 20      18      14                               6               4                      22               1   1   1   1   1   1   1   1   1 
 20      18      14                               6               4                      22               1                               1 
 20      18      14                               6               4                      22               1       3   3   3   3   3       1 
 20      18      14                               6               4                      22               1       3               3       1 
 20      18      14      19  19  19               6               4                      22               1       3               3       1 
 20      18      14      19      19               6               4                      22               1       3               3       1 
 20      18      14  14  -1  13  -2  12  12  12  -1  11  11  11  -2  10  10  10  10  10  -1   9   9   9  -2   8  -1   7   7       3       1 
 20      18              18      20               1               3                       7               2       2       7       3       1 
 20      18  18  18  18  18      20               1               3                       7               2       2       7       3       1 
 20                              20               1               3                       7               2       2       7       3       1 
 20  20  20  20  20  20  20  20  20               1               3                       7               2       2       7       3       1 
                                                  1               3                       7               2       2       7       3       1 
                                                  1               3                       7               2   2   2       7       3       1 
                                                  1               3                       7                               7       3       1 
                                                  1               3                       7   7   7   7   7   7   7   7   7       3       1 
                                                  1               3                                                               3       1 
                                                  1               3   3   3   3   3   3   3   3   3   3   3   3   3   3   3   3   3       1 
                                                  1                                                                                       1 
                                                  1   1   1   1   1   1   1   1   1   1   1   1   1   1   1   1   1   1   1   1   1   1   1 
