 14  14  14  14  14  14  14  14  14  14  14  14  14  14  14  14  14  14  14  14  14  14  14  14  14 
 14                                                                                              14 
 14      21  21  21  21  21  21  21  21  21  21  21  21  21  21  21  21  21  21  21  21  21      14 
 14      21                                                                              21      14 
 14      21      15  15  15  15  15  15  15  15  15  15  15  15  15                      21      14 
 14      21      15                                              15                      21      14 
 14      21      15      19  19  19  19  19  19  19  19  19      15                      21      14 
 14      21      15      19                              19      15                      21      14 
 14      21      15      19       2   2   2   2   2      19      15                      21      14 
 14      21      15      19       2               2      19      15                      21      14 
 14      21      15      19       2               2      19      15       4   4   4      21      14 
 14      21      15      19       2               2      19      15       4       4      21      14 
 14      21  21  -1  22  -2   7  -1   8   8   8  -2   9  -1  10  -2  11  -1  12  -2  13  -1  14  14 
 14              14      20       3               1      18      16       5       3      20         
 14  14  14  14  14      20       3               1      18      16       5       3      20         
                         20       3               1      18      16       5       3      20         
                         20       3      17  17  -1  18  18      16       5       3      20         
                         20       3      17       6              16       5       3      20         
                         20       3      17  17  -2  16  16  16  16       5       3      20         
                         20       3               5                       5       3      20         
                         20       3               5   5   5   5   5   5   5       3      20         
                         20       3                                               3      20         
                         20       3   3   3   3   3   3   3   3   3   3   3   3   3      20         
                         20                                                              20         
                         20  20  20  20  20  20  20  20  20  20  20  20  20  20  20  20  20         
