  4   4   4   4   4   4   4   4   4   4   4   4   4   4   4   4   4   4   4   4   4   4   4   4   4 
  4                                                                                               4 
  4      13  13  13  13  13  13  13  13  13  13  13  13  13  13  13  13  13  13  13  13  13       4 
  4      13                                                                              13       4 
  4      13              20  20  20  20  20  20  20  20  20  20  20  20  20  20  20      13       4 
  4      13              20                                                      20      13       4 
  4      13  13  13  13  -1  14  14                                              20      13       4 
  4                      21      14                                              20      13       4 
  4                      21      14      10  10  10  10  10  10  10  10  10      20      13       4 
  4                      21      14      10                              10      20      13       4 
  4                      21      14      10      17  17  17  17  17      10      20      13       4 
  4                      21      14      10      17              17      10      20      13       4 
  4   4   4   4   4   4  -2   5  -1   6  -2   7  -1   8   8   8  -2   1  -1   2  -2   3  -1   4   4 
                         22      15       9      16              18      11      19      12         
                 16  16  -1  15  15       9      16      12  12  -1  11  11      19      12         
                 16       9               9      16      12      19              19      12         
                 16       9               9      16      12      19  19  19  19  19      12         
                 16       9               9      16      12                              12         
                 16       9               9      16      12  12  12  12  12  12  12  12  12         
                 16       9               9      16                                                 
                 16       9   9   9   9   9      16                                                 
                 16                              16                                                 
                 16  16  16  16  16  16  16  16  16                                                 
