         12  12  12  12  12  12  12  12  12  12  12  12  12  12  12  12  12  12  12  12  12  12  12  12  12  12  12  12  12 
         12                                                                                                              12 
         12       3   3   3   3   3   3   3   3   3   3   3   3   3   3   3   3   3   3   3   3   3   3   3   3   3      12 
         12       3                                                                                               3      12 
         12       3                                                       6   6   6   6   6   6   6   6   6       3      12 
         12       3                                                       6                               6       3      12 
         12       3      15  15  15  15  15                               6                               6       3      12 
         12       3      15              15                               6                               6       3      12 
         12       3   3  -1   4   4   4  -2   1   1   1   1   1   1   1  -1   2   2   2   2   2   2   2  -2   3   3      12 
         12              14              16                               7                               5              12 
         12              14              16  16  16  16  16  16  16       7                               5              12 
         12              14                                      16       7                               5              12 
         12              14               8   8   8   8   8      16       7                               5              12 
         12              14               8               8      16       7                               5              12 
 22  22  -1  21  21  21  -2  20  20  20  -1  19  19       8      16       7                      11  11  -1  12  12  12  12 
 22      13              13               9      19       8      16       7                      11      22                 
 22      13  13  13  13  13               9      19       8      16       7                      11      22                 
 22                                       9      19       8      16       7                      11      22                 
 22                              18  18  -2  19  19       8      16       7                      11      22                 
 22                              18      10               8      16       7                      11      22                 
 22                              18      10               8      16       7   7   7   7   7      11      22                 
 22                              18      10               8      16                       7      11      22                 
 22                              18      10               8      16  16  16  16  16       7      11      22                 
 22                              18      10               8                      16       7      11      22                 
 22                              18      10               8   8   8   8   8      16       7      11      22                 
 22                              18      10                               8      16       7      11      22                 
 22                              18  18  -1  17  17  17  17  17  17  17  -2  16  16       7      11      22                 
 22                                      11                               7               7      11      22                 
 22                                      11                               7   7   7   7   7      11      22                 
 22                                      11                                                      11      22                 
 22                                      11  11  11  11  11  11  11  11  11  11  11  11  11  11  11      22                 
 22                                                                                                      22                 
 22  22  22  22  22  22  22  22  22  22  22  22  22  22  22  22  22  22  22  22  22  22  22  22  22  22  22                 
