  3   3   3   3   3   3   3   3   3   3   3   3   3   3   3   3   3   3   3   3   3   3   3   3   3 
  3                                                                                               3 
  3                                                                      12  12  12               3 
  3                                                                      12      12               3 
  3      14  14  14  14  14  14  14  14  14  14  14  14  14  14  14      12      12               3 
  3      14                                                      14      12      12               3 
  3      14      18  18  18  18  18  18  18                      14      12      12               3 
  3      14      18                      18                      14      12      12               3 
  3      14      18      16  16  16      18                      14      12      12               3 
  3      14      18      16      16      18                      14      12      12               3 
  3      14      18      16      16      18      21  21  21      14      12      12               3 
  3      14      18      16      16      18      21      21      14      12      12               3 
  3   3  -1   4  -2   5  -1   6  -2   7  -1   8  -2   9  -1  10  -2   1  -1   2  -2   3   3   3   3 
         15      17      17      15      19      22      20      13      13      11                 
         15      17  17  17      15      19      22      20      13      13      11                 
         15                      15      19      22      20      13      13      11                 
         15  15  15  15  15  15  15      19      22      20      13      13      11                 
                                         19      22      20      13      13      11                 
                                         19      22      20      13  13  13      11                 
                                         19      22      20                      11                 
                                         19      22      20  20  20  20  20  20  -1  19  19         
                                         19      22                              22      19         
                                         19      22  22  22  22  22  22  22  22  22      19         
                                         19                                              19         
                                         19  19  19  19  19  19  19  19  19  19  19  19  19         
