                         22  22  22  22  22  22  22  22  22  22  22  22  22  22  22  22  22  22  22  22  22  22  22  22  22 
                         22                                                                                              22 
                         22      16  16  16  16  16  16  16  16  16  16  16  16  16  16  16  16  16  16  16  16  16      22 
                         22      16                                                                              16      22 
                         22      16       3   3   3   3   3   3   3   3   3   3   3   3   3   3   3   3   3      16      22 
                         22      16       3                                                               3      16      22 
                         22      16       3                                       8   8   8   8   8       3      16      22 
                         22      16       3                                       8               8       3      16      22 
                         22      16       3      13  13  13  13  13  13  13       8               8       3      16      22 
                         22      16       3      13                      13       8               8       3      16      22 
                         22      16       3      13      19  19  19      13       8               8       3      16      22 
                         22      16       3      13      19      19      13       8               8       3      16      22 
                         22      16       3   3  -1   4  -2   5  -1   6  -2   1  -1   2   2   2  -2   3   3      16      22 
                         22      16              12      20      18      14       9               7              16      22 
                         22  22  -1  21  21  21  -2  20  20      18      14       9      15  15  -1  16  16  16  16      22 
                                 17              11              18      14       9      15      22                      22 
                                 17              11              18      14       9      15      22  22  22  22  22  22  22 
                                 17              11              18      14       9      15                                 
 15  15  15  15  15              17              11              18      14       9      15                                 
 15              15              17              11              18      14       9      15                                 
 15       9   9  -1  10  10  10  -2  11  11  11  11              18      14       9      15                                 
 15       9      14              18                              18      14       9      15                                 
 15       9      14              18  18  18  18  18  18  18  18  18      14       9      15                                 
 15       9      14                                                      14       9      15                                 
 15       9      14  14  14  14  14  14  14  14  14  14  14  14  14  14  14       9      15                                 
 15       9                                                                       9      15                                 
 15       9   9   9   9   9   9   9   9   9   9   9   9   9   9   9   9   9   9   9      15                                 
 15                                                                                      15                                 
 15  15  15  15  15  15  15  15  15  15  15  15  15  15  15  15  15  15  15  15  15  15  15                                 
