                  9   9   9   9   9   9   9   9   9   9   9   9   9   9   9   9   9   9   9   9   9   9   9   9   9 
                  9                                                                                               9 
                  9      18  18  18  18  18  18  18  18  18  18  18  18  18  18  18  18  18  18  18  18  18       9 
                  9      18                                                                              18       9 
                  9      18      16  16  16  16  16  16  16                                              18       9 
                  9      18      16                      16                                              18       9 
                  9      18      16              21  21  -2  20  20  20  20                              18       9 
                  9      18      16              21      15              20                              18       9 
         17  17  -1  18  18      16              21  21  -1  22  22      20                              18       9 
         17       8              16                      14      22      20                              18       9 
         17       8              16                      14      22      20      10  10  10  10  10      18       9 
         17       8              16                      14      22      20      10              10      18       9 
         17  17  -2  16  16  16  16      11  11  11  11  -2  22  22      20  20  -1  19  19  19  -2  18  18       9 
                  7                      11              13                       5               9               9 
                  7                      11              13                       5               9   9   9   9   9 
                  7                      11              13                       5                                 
  2   2   2   2  -1   1   1   1   1   1  -2   4   4   4  -1   3   3   3   3   3  -2   2   2                         
  2               6                      12              12                       6       2                         
  2               6                      12  12  12  12  12                       6       2                         
  2               6                                                               6       2                         
  2               6   6   6   6   6   6   6   6   6   6   6   6   6   6   6   6   6       2                         
  2                                                                                       2                         
  2   2   2   2   2   2   2   2   2   2   2   2   2   2   2   2   2   2   2   2   2   2   2                         
