                 15  15  15  15  15  15  15  15  15  15  15  15  15  15  15  15  15  15  15  15  15  15  15  15  15  15  15 
                 15                                                                                                      15 
                 15      22  22  22  22  22  22  22  22  22  22  22  22  22  22  22  22  22  22  22  22  22  22  22      15 
                 15      22                                                                                      22      15 
                 15      22      12  12  12  12  12  12  12  12  12  12  12  12  12  12  12  12  12  12  12      22      15 
                 15      22      12                                                                      12      22      15 
                 15      22      12       7   7   7   7   7   7   7   7   7   7   7   7   7   7   7      12      22      15 
                 15      22      12       7                                                       7      12      22      15 
                 15      22      12       7                      16  16  16  16  16  16  16       7      12      22      15 
                 15      22      12       7                      16                      16       7      12      22      15 
                 15      22      12       7       9   9   9   9  -1  10  10  10  10  10  -2  11  -1  12  12      22      15 
                 15      22      12       7       9              17                      15      22              22      15 
                 15      22      12       7       9              17                      15      22  22  22  22  22      15 
                 15      22      12       7       9              17                      15                              15 
                 15      22      12       7       9              17                      15  15  15  15  15  15  15  15  15 
                 15      22      12       7       9              17                                                         
 21  21  21  21  -1  22  22      12       7       9      20  20  -2  21  21  21  21                                         
 21              14              12       7       9      20      18              21                                         
 21       5   5  -2   4   4   4  -1   3  -2   2  -1   1  -2   6  -1   5   5      21                                         
 21       5      13              13       8       8      19      19       5      21                                         
 21       5      13              13       8       8      19  19  19       5      21                                         
 21       5      13              13       8       8                       5      21                                         
 21       5      13  13  13  13  13       8       8                       5      21                                         
 21       5                               8       8                       5      21                                         
 21       5                               8   8   8                       5      21                                         
 21       5                                                               5      21                                         
 21       5   5   5   5   5   5   5   5   5   5   5   5   5   5   5   5   5      21                                         
 21                                                                              21                                         
 21  21  21  21  21  21  21  21  21  21  21  21  21  21  21  21  21  21  21  21  21                                         
