 16  16  16  16  16  16  16  16  16  16  16  16  16  16  16  16  16  16  16  16  16                         
 16                                                                              16                         
 16                       9   9   9   9   9   9   9   9   9   9   9   9   9      16                         
 16                       9                                               9      16                         
 16                       9                       1   1   1   1   1       9      16                         
 16                       9                       1               1       9      16                         
 16                       9       3   3   3       1               1       9      16                         
 16                       9       3       3       1               1       9      16                         
 16      21  21  21       9       3       3       1               1       9      16                         
 16      21      21       9       3       3       1               1       9      16                         
 16  16  -1  15  -2  14  -1  13  -2  12  -1  11  -2  10  10  10  -1   9   9      16                         
         20      22      22       4       2       2               8              16                         
         20      22  22  22       4       2       2               8              16                         
         20                       4       2       2               8              16                         
         20                       4       2   2   2               8              16                         
         20                       4                               8              16                         
         20                       4                      17  17  -2  16  16  16  16                         
         20                       4                      17       7                                         
         20                       4                      17       7                       5   5   5         
         20                       4                      17       7                       5       5         
         20                       4                      17  17  -1  18  18  18  18  18  -2  19  -1  20  20 
         20                       4                               6                       6       4      20 
         20                       4                               6   6   6   6   6   6   6       4      20 
         20                       4                                                               4      20 
         20                       4   4   4   4   4   4   4   4   4   4   4   4   4   4   4   4   4      20 
         20                                                                                              20 
         20  20  20  20  20  20  20  20  20  20  20  20  20  20  20  20  20  20  20  20  20  20  20  20  20 
