  3   3   3   3   3   3   3   3   3   3   3   3   3   3   3   3   3   3   3   3   3   3   3   3   3   3   3   3   3                 
  3                                                                                                               3                 
  3      20  20  20  20  20  20  20  20  20  20  20  20  20  20  20  20  20  20  20  20  20  20  20  20  20       3                 
  3      20                                                                                              20       3                 
  3      20      10  10  10  10  10  10  10  10  10  10  10  10  10  10  10  10  10  10  10  10  10      20       3                 
  3      20      10                                                                              10      20       3                 
  3      20      10      21  21  21  21  21  21  21  21  21  21  21  21  21  21  21  21  21      10      20       3                 
  3      20      10      21                                                              21      10      20       3                 
  3      20      10      21       4   4   4   4   4   4   4   4   4   4   4   4   4      21      10      20       3                 
  3      20      10      21       4                                               4      21      10      20       3                 
  3      20      10      21       4      18  18  18  18  18  18  18  18  18       4      21      10      20       3                 
  3      20      10      21       4      18                              18       4      21      10      20       3                 
  3      20      10      21       4      18      14  14  14              18       4      21      10      20       3                 
  3      20      10      21       4      18      14      14              18       4      21      10      20       3                 
  3      20      10  10  -1   9  -2   8  -1   7  -2   6  -1   5   5   5  -2   4   4      21      10      20       3                 
  3      20              20       3      19      13      15              17              21      10      20       3                 
  3      20  20  20  20  20       3      19      13      15              17              21      10      20       3                 
  3                               3      19      13      15              17              21      10      20       3                 
  3   3   3   3   3   3   3   3   3      19      13      15              17              21      10      20       3                 
                                         19      13      15              17              21      10      20       3                 
                                         19      13      15      22  22  -1  21  21  21  21      10      20  20  -1  19  19  19  19 
                                         19      13      15      22      16                      10               2              19 
                                         19      13      15      22  22  -2  11  11  11  11  11  -1  12  12  12  -2  13  13      19 
                                         19      13      15              15                       1               1      13      19 
                                         19      13      15  15  15  15  15                       1               1      13      19 
                                         19      13                                               1               1      13      19 
                                         19      13                                               1   1   1   1   1      13      19 
                                         19      13                                                                      13      19 
                                         19      13  13  13  13  13  13  13  13  13  13  13  13  13  13  13  13  13  13  13      19 
                                         19                                                                                      19 
                                         19  19  19  19  19  19  19  19  19  19  19  19  19  19  19  19  19  19  19  19  19  19  19 
