         14  14  14  14  14  14  14  14  14  14  14  14  14  14  14  14  14  14  14  14  14  14  14  14  14  14  14 
         14                                                                                                      14 
         14                                       3   3   3   3   3   3   3   3   3   3   3   3   3   3   3      14 
         14                                       3                                                       3      14 
         14                                       3                               6   6   6   6   6       3      14 
         14                                       3                               6               6       3      14 
         14                                       3      11  11  11  11  11       6               6       3      14 
         14                                       3      11              11       6               6       3      14 
         14                                       3   3  -1   4   4   4  -2   1  -1   2   2   2  -2   3   3      14 
         14                                              10              12       7               5              14 
         14                      16  16  16              10              12       7               5              14 
         14                      16      16              10              12       7               5              14 
 22  22  -1  21  21  21  21  21  -2  20  -1  19  19  19  -2  18  18      12       7      13  13  -1  14  14  14  14 
 22      15                      15      17               9      18      12       7      13      22                 
 22      15  15  15  15  15  15  15      17               9      18      12       7      13      22                 
 22                                      17               9      18      12       7      13      22                 
 22              13  13  13  13  13      17               9      18      12       7      13      22                 
 22              13              13      17               9      18      12       7      13      22                 
 22              13       7   7  -1   8  -2   9   9   9   9      18      12       7      13      22                 
 22              13       7      12      18                      18      12       7      13      22                 
 22              13       7      12      18  18  18  18  18  18  18      12       7      13      22                 
 22              13       7      12                                      12       7      13      22                 
 22              13       7      12  12  12  12  12  12  12  12  12  12  12       7      13      22                 
 22              13       7                                                       7      13      22                 
 22              13       7   7   7   7   7   7   7   7   7   7   7   7   7   7   7      13      22                 
 22              13                                                                      13      22                 
 22              13  13  13  13  13  13  13  13  13  13  13  13  13  13  13  13  13  13  13      22                 
 22                                                                                              22                 
 22  22  22  22  22  22  22  22  22  22  22  22  22  22  22  22  22  22  22  22  22  22  22  22  22                 
