 11  11  11  11  11  11  11  11  11  11  11  11  11  11  11  11  11  11  11  11  11  11  11  11  11  11  11  11  11                         
 11                                                                                                              11                         
 11      22  22  22  22  22  22  22  22  22  22  22  22  22  22  22  22  22  22  22  22  22  22  22  22  22      11                         
 11      22                                                                                              22      11                         
 11      22      20  20  20  20  20  20  20  20  20  20  20  20  20  20  20  20  20                      22      11                         
 11      22      20                                                              20                      22      11                         
 11      22      20      18  18  18  18  18  18  18  18  18  18  18  18  18      20                      22      11                         
 11      22      20      18                                              18      20                      22      11                         
 11      22      20      18                      10  10  10  10  10      18      20                      22      11                         
 11      22      20      18                      10              10      18      20                      22      11                         
 11      22      20      18                      10      19  19  -2  18  18      20                      22      11                         
 11      22      20      18                      10      19       9              20                      22      11                         
 11      22      20      18                      10      19  19  -1  20  20  20  20                      22      11                         
 11      22      20      18                      10               8                                      22      11                         
 11      22      20      18                      10               8                       4   4   4      22      11                         
 11      22      20      18                      10               8                       4       4      22      11                         
 11      22      20      18      21  21  21      10               8                       4       4      22      11                         
 11      22      20      18      21      21      10               8                       4       4      22      11                         
 11      22      20      18  18  -1  17  -2  16  -1  15  15  15  -2  14  14  14  14  14  -1  13  -2  12  -1  11  11                         
 11      22      20              20      22      11               7                       1       3       5                                 
 11      22      20  20  20  20  20      22      11               7                       1       3       5                                 
 11      22                              22      11               7                       1       3       5                                 
 11      22  22  22  22  22  22  22  22  22      11               7                       1       3       5                                 
 11                                              11               7                       1       3       5                                 
 11  11  11  11  11  11  11  11  11  11  11  11  11               7                       1       3       5                                 
                                                                  7                       1       3       5                                 
                                                                  7                       1       3       5               7   7   7   7   7 
                                                                  7                       1       3       5               7               7 
                                                                  7                       1       3   3  -2   2   2   2  -1   1   1       7 
                                                                  7                       1               6               6       1       7 
                                                                  7                       1               6   6   6   6   6       1       7 
                                                                  7                       1                                       1       7 
                                                                  7                       1   1   1   1   1   1   1   1   1   1   1       7 
                                                                  7                                                                       7 
                                                                  7   7   7   7   7   7   7   7   7   7   7   7   7   7   7   7   7   7   7 
