  3   3   3   3   3   3   3   3   3   3   3                                                                 
  3                                       3                                                                 
  3      16  16  16  16  16  16  16  16  -1  15  15  15  15  15  15  15  15  15  15  15  15  15  15  15  15 
  3      16                               2                                                              15 
  3      16      10  10  10  10  10  10  -2  11  11  11  11  11  11  11  11  11  11  11  11  11  11      15 
  3      16      10                       1                                                      11      15 
  3      16      10  10  10  10  10  10  -1   9   9   9   9   9   9   9   9   9   9   9   9      11      15 
  3      16                               8                                               9      11      15 
  3      16  16  16  16  16  16  16  16  -2  17  17  17  17  17  17  17  17  17  17       9      11      15 
  3                                       7                                      17       9      11      15 
  3                      14  14  14  14  -1  13  13  13  13  13  13  13  13      17       9      11      15 
  3                      14               6                              13      17       9      11      15 
  3                      14               6      21  21  21  21  21      13      17       9      11      15 
  3                      14               6      21              21      13      17       9      11      15 
  3                      14      20  20  -2  21  21      12  12  -2  13  13      17       9      11      15 
  3                      14      20       5              12      22              17       9      11      15 
  3                      14      20  20  -1  19  19  19  -2  18  -1  17  17  17  17       9      11      15 
  3                      14               4              11       9                       9      11      15 
  3                      14               4              11       9   9   9   9   9   9   9      11      15 
  3                      14               4              11                                      11      15 
  3                      14               4              11  11  11  11  11  11  11  11  11  11  11      15 
  3                      14               4                                                              15 
  3                      14  14  14  14  -2  15  15  15  15  15  15  15  15  15  15  15  15  15  15  15  15 
  3                                       3                                                                 
  3   3   3   3   3   3   3   3   3   3   3                                                                 
