  3   3   3   3   3   3   3   3   3   3   3   3   3   3   3   3   3   3   3   3   3   3   3   3   3   3   3 
  3                                                                                                       3 
  3                                                                       8   8   8   8   8               3 
  3                                                                       8               8               3 
  3                      14  14  14  14  14                               8               8               3 
  3                      14              14                               8               8               3 
  3                      14              14              19  19  19       8               8               3 
  3                      14              14              19      19       8               8               3 
  3   3   3   3   3   3  -1   4   4   4  -2   5   5   5  -1   6  -2   1  -1   2   2   2  -2   3   3   3   3 
                         15              13              18      20       9               7                 
         15  15  15  15  15              13              18      20       9               7                 
         15                              13              18      20       9               7                 
         15              17  17  17  17  -1  18  18  18  18      20       9      16  16  -1  15  15         
         15              17              22                      20       9      16      12      15         
         15      12  12  -1  11  11  11  -2  10  10              20       9      16      12      15         
         15      12      16              21      10              20       9      16      12      15         
         15      12      16       9   9  -1  10  10              20       9      16      12      15         
         15      12      16       9      20                      20       9      16      12      15         
         15      12      16       9      20  20  20  20  20  20  20       9      16      12      15         
         15      12      16       9                                       9      16      12      15         
         15      12      16       9   9   9   9   9   9   9   9   9   9   9      16      12      15         
         15      12      16                                                      16      12      15         
         15      12      16  16  16  16  16  16  16  16  16  16  16  16  16  16  16      12      15         
         15      12                                                                      12      15         
         15      12  12  12  12  12  12  12  12  12  12  12  12  12  12  12  12  12  12  12      15         
         15                                                                                      15         
         15  15  15  15  15  15  15  15  15  15  15  15  15  15  15  15  15  15  15  15  15  15  15         
