                                          1   1   1   1   1   1   1   1   1   1   1   1   1   1   1   1   1   1   1 
                                          1                                                                       1 
                                          1       3   3   3   3   3   3   3   3   3   3   3   3   3   3   3       1 
                                          1       3                                                       3       1 
                                          1       3      20  20  20  20  20  20  20  20  20  20  20       3       1 
                                          1       3      20                                      20       3       1 
                                          1       3      20              11  11  11  11  11      20       3       1 
                                          1       3      20              11              11      20       3       1 
 14  14  14  14  14  14  14  14  14       1       3      20              11              11      20       3       1 
 14                              14       1       3      20              11              11      20       3       1 
 14              17  17  17      14       1       3      20              11              11      20       3       1 
 14              17      17      14       1       3      20              11              11      20       3       1 
 14      10  10  -1   9  -2   8  -1   7  -2   6  -1   5  -2  22  22  22  -1  21  21  21  -2  20  20       3       1 
 14      10      16      18      15       2       2      19              10              12               3       1 
 14      10      16      18      15       2   2   2      19              10              12               3       1 
 14      10      16      18      15                      19              10              12               3       1 
 14      10      16      18      15  15  15  15  15  15  -1  16  16      10       4   4  -1   3   3   3   3       1 
 14      10      16      18                              18      16      10       4      13                       1 
 14      10      16      18  18  18  18  18  18  18  18  18      16      10       4      13                       1 
 14      10      16                                              16      10       4      13                       1 
 14      10      16  16  16  16  16  16  16  16  16  16  16  16  16      10       4      13                       1 
 14      10                                                              10       4      13                       1 
 14      10  10  10  10  10  10  10  10  10  10  10  10  10  10  10  10  10       4      13                       1 
 14                                                                               4      13                       1 
 14                                                                               4   4  -2   1   1   1   1   1   1 
 14                                                                                      14                         
 14  14  14  14  14  14  14  14  14  14  14  14  14  14  14  14  14  14  14  14  14  14  14                         
