                                                                                 17  17  17  17  17         
                                                                                 17              17         
 21  21  21  21  21  21  21  21  21  21  21  21  21  21  21  21  21  21  21  21  -2  20  20      17         
 21                                                                              18      20      17         
 21       3   3   3   3   3   3   3   3   3   3   3   3   3   3   3   3   3      18      20      17         
 21       3                                                               3      18      20      17         
 21       3       7   7   7   7   7   7   7   7   7   7   7   7   7       3      18      20      17         
 21       3       7                                               7       3      18      20      17         
 21       3       7       2   2   2   2   2   2   2               7       3      18      20      17         
 21       3       7       2                       2               7       3      18      20      17         
 21       3       7   7  -1   8   8   8   8   8  -2   9   9   9  -1  10  -2  11  -1  12  -2  13  -1  14  14 
 21       3               3                       1              22       4      19      19      16      14 
 21       3               3                       1              22       4      19  19  19      16      14 
 21       3               3                       1              22       4                      16      14 
 21       3   3   3   3   3                       1              22       4                      16      14 
 21                                               1              22       4                      16      14 
 21  21  21  21  21  21  21  21  21  21  21  21  -1  22  22  22  22       4                      16      14 
                                                  6                       4                      16      14 
                                 14  14  14  14  -2  15  15               4                      16      14 
                                 14               5      15               4                      16      14 
                                 14      16  16  -1  15  15               4                      16      14 
                                 14      16       4                       4                      16      14 
                                 14      16       4   4   4   4   4   4   4                      16      14 
                                 14      16                                                      16      14 
                                 14      16  16  16  16  16  16  16  16  16  16  16  16  16  16  16      14 
                                 14                                                                      14 
                                 14  14  14  14  14  14  14  14  14  14  14  14  14  14  14  14  14  14  14 
