                 15  15  15  15  15  15  15  15  15  15  15  15  15  15  15  15  15  15  15 
                 15                                                                      15 
         21  21  -1  22  22  22  22  22  22  22  22  22  22  22  22  22  22  22  22      15 
         21      14                                                              22      15 
         21  21  -2  20  20  20  20  20  20  20  20  20  20  20  20  20  20      22      15 
                 13                                                      20      22      15 
                 13       6   6   6   6   6   6   6   6   6   6   6      20      22      15 
                 13       6                                       6      20      22      15 
                 13       6       4   4   4                       6      20      22      15 
                 13       6       4       4                       6      20      22      15 
                 13       6       4       4      18  18  18       6      20      22      15 
                 13       6       4       4      18      18       6      20      22      15 
  2   2   2   2  -1   1  -2  10  -1   9  -2   8  -1   7  -2   6   6      20      22      15 
  2              12       5       5       3      19      17              20      22      15 
  2              12       5   5   5       3      19      17              20      22      15 
  2              12                       3      19      17              20      22      15 
  2              12                       3      19  19  -1  20  20  20  20      22      15 
  2              12                       3              16                      22      15 
  2              12                       3   3   3      16                      22      15 
  2              12                               3      16                      22      15 
  2              12  12  12  12  12  12  12  12  -1  11  -2  22  22  22  22  22  22      15 
  2                                               2      15                              15 
  2                                               2      15  15  15  15  15  15  15  15  15 
  2                                               2                                         
  2   2   2   2   2   2   2   2   2   2   2   2   2                                         
