         14  14  14  14  14  14  14  14  14  14  14  14  14  14  14  14  14  14  14  14  14  14  14  14  14  14  14         
         14                                                                                                      14         
         14      19  19  19  19  19  19  19  19  19  19  19  19  19  19  19  19  19  19  19  19  19  19  19      14         
         14      19                                                                                      19      14         
         14      19      21  21  21  21  21  21  21  21  21  21  21  21  21  21  21  21  21  21  21      19      14         
         14      19      21                                                                      21      19      14         
         14      19      21      16  16  16  16  16  16  16  16  16  16  16  16  16  16  16      21      19      14         
         14      19      21      16                                                      16      21      19      14         
         14      19      21      16      11  11  11  11  11  11  11                      16      21      19      14         
         14      19      21      16      11                      11                      16      21      19      14         
         14      19      21      16  16  -1  15  15  15  15      11                      16      21      19      14         
         14      19      21              10              15      11                      16      21      19      14         
         14      19      21  21  21  21  -2  20  20      15      11              22  22  -1  21  21      19      14         
         14      19                       9      20      15      11              22      17              19      14         
         14      19  19  19  19  19  19  -1  20  20      15      11              22  22  -2  19  19  19  19      14         
         14                               8              15      11                      18                      14         
         14  14  14  14  14  14  14  14  -2  15  15  15  15      11      13  13  13  13  -1  14  14  14  14  14  14         
                                          7                      11      13               5                                 
  2   2   2   2   2   2   2   2   2   2  -1   1   1   1   1   1  -2   4  -1   3   3   3  -2   2   2   2   2   2   2   2   2 
  2                                       6                      12      12               6                               2 
  2                                       6                      12  12  12               6                               2 
  2                                       6                                               6                               2 
  2                                       6   6   6   6   6   6   6   6   6   6   6   6   6                               2 
  2                                                                                                                       2 
  2   2   2   2   2   2   2   2   2   2   2   2   2   2   2   2   2   2   2   2   2   2   2   2   2   2   2   2   2   2   2 
