                 14  14  14  14  14  14  14  14  14  14  14  14  14                                         
                 14                                              14                                         
                 14      16  16  16  16  16  16  16  16  16      14                                         
                 14      16                              16      14                                         
                 14      16       1   1   1   1   1      16      14                                         
                 14      16       1               1      16      14                                         
                 14      16       1      15  15  -1  16  16      14                                         
                 14      16       1      15       4              14                                         
                 14      16       1      15  15  -2  14  14  14  14                                         
                 14      16       1               3                                                         
                 14      16       1               3                                      19  19  19         
                 14      16       1               3                                      19      19         
                 14      16       1               3                      21  21  21      19      19         
                 14      16       1               3                      21      21      19      19         
  9   9   9   9  -2   8  -1   7  -2   6   6   6  -1   5   5   5   5   5  -2  12  -1  11  -2  10  -1   9   9 
  9              13      17       2               2                      22      20      20      18       9 
  9              13      17       2               2                      22      20  20  20      18       9 
  9              13      17       2               2                      22                      18       9 
  9              13      17       2   2   2   2   2                      22                      18       9 
  9              13      17                                              22                      18       9 
  9      18  18  -1  17  17                                              22                      18       9 
  9      18      22                                                      22                      18       9 
  9      18      22  22  22  22  22  22  22  22  22  22  22  22  22  22  22                      18       9 
  9      18                                                                                      18       9 
  9      18  18  18  18  18  18  18  18  18  18  18  18  18  18  18  18  18  18  18  18  18  18  18       9 
  9                                                                                                       9 
  9   9   9   9   9   9   9   9   9   9   9   9   9   9   9   9   9   9   9   9   9   9   9   9   9   9   9 
