         17  17  17  17  17  17  17  17  17  17  17  17  17  17  17  17  17  17  17  17  17  17  17                         
         17                                                                                      17                         
         17                       1   1   1   1   1   1   1   1   1   1   1   1   1              17                         
         17                       1                                               1              17                         
         17                       1       3   3   3   3   3   3   3   3   3       1              17                         
         17                       1       3                               3       1              17                         
         17                       1       3      12  12  12  12  12       3       1              17                         
         17                       1       3      12              12       3       1              17                         
         17                       1       3      12       4   4  -1   3   3       1              17                         
         17                       1       3      12       4      13               1              17                         
         17                       1       3      12       4   4  -2   1   1   1   1              17                         
         17                       1       3      12              14                              17                         
         17                       1       3      12  12  12  12  -1  11  11  11  11  11  11  11  -2  10  10  10  10  10  10 
         17                       1       3                      15                              18                      10 
         17                       1       3                      15  15  15  15  15  15  15      18                      10 
         17                       1       3                                              15      18                      10 
         17                       1       3   3   3   3   3   3   3                      15      18                      10 
         17                       1                               3                      15      18                      10 
         17                       1                               3                      15  15  -1  16  16  16  16      10 
         17                       1                               3                              19              16      10 
         17      21  21  21       1                               3                              19              16      10 
         17      21      21       1                               3                              19              16      10 
 10  10  -1   9  -2   8  -1   7  -2   6   6   6   6   6   6   6  -1   5   5   5   5   5   5   5  -2  22  22      16      10 
 10      16      22      20       2                               2                              20      22      16      10 
 10      16      22      20       2   2   2   2   2   2   2   2   2                              20      22      16      10 
 10      16      22      20                                                                      20      22      16      10 
 10      16      22      20  20  20  20  20  20  20  20  20  20  20  20  20  20  20  20  20  20  20      22      16      10 
 10      16      22                                                                                      22      16      10 
 10      16      22  22  22  22  22  22  22  22  22  22  22  22  22  22  22  22  22  22  22  22  22  22  22      16      10 
 10      16                                                                                                      16      10 
 10      16  16  16  16  16  16  16  16  16  16  16  16  16  16  16  16  16  16  16  16  16  16  16  16  16  16  16      10 
 10                                                                                                                      10 
 10  10  10  10  10  10  10  10  10  10  10  10  10  10  10  10  10  10  10  10  10  10  10  10  10  10  10  10  10  10  10 
