                                                                                         15  15  15  15  15                         
                                                                                         15              15                         
                                                                                         15       8   8  -1   7   7   7   7   7   7 
                                                                                         15       8      14                       7 
  9   9   9   9   9   9   9   9   9   9   9   9   9   9   9   9   9   9   9   9   9      15       8      14                       7 
  9                                                                               9      15       8      14                       7 
  9       4   4   4   4   4   4   4                                               9      15       8      14                       7 
  9       4                       4                                               9      15       8      14                       7 
  9       4                       4              18  18  18  18  18  18  18       9      15       8      14                       7 
  9       4                       4              18                      18       9      15       8      14                       7 
  9       4      10  10  10  10  -2  11  11  11  -1  12  12  12  12  12  -2   9   9      15       8   8  -2   5   5   5   5       7 
  9       4      10               3              19                      17              15              13               5       7 
  9       4      10               3              19  19  19  19  19      17              15              13               5       7 
  9       4      10               3                              19      17              15              13               5       7 
  9       4      10       6   6  -1   5   5   5   5   5   5      19  19  -1  20  20  20  -2  21  21  21  -1  22  22       5       7 
  9       4      10       6       2                       5              22              16              16      22       5       7 
  9       4      10       6       2                       5              22              16  16  16  16  16      22       5       7 
  9       4      10       6       2                       5              22                                      22       5       7 
  9       4      10       6       2                       5              22  22  22  22  22  22  22  22  22  22  22       5       7 
  9       4      10       6       2                       5                                                               5       7 
  9       4      10       6       2                       5   5   5   5   5   5   5   5   5   5   5   5   5   5   5   5   5       7 
  9       4      10       6       2                                                                                               7 
  9       4      10       6   6  -2   7   7   7   7   7   7   7   7   7   7   7   7   7   7   7   7   7   7   7   7   7   7   7   7 
  9       4      10               1                                                                                                 
  9       4      10  10  10  10  -1   9   9                                                                                         
  9       4                       4       9                                                                                         
  9       4   4   4   4   4   4   4       9                                                                                         
  9                                       9                                                                                         
  9   9   9   9   9   9   9   9   9   9   9                                                                                         
