  3   3   3   3   3   3   3   3   3   3   3   3   3                                                         
  3                                               3                                                         
  3       7   7   7   7   7   7   7   7   7       3                                                         
  3       7                               7       3                                                         
  3       7       2   2   2   2   2       7       3                                                         
  3       7       2               2       7       3                                                         
  3       7       2               2       7       3       5   5   5   5   5   5   5   5   5   5   5   5   5 
  3       7       2               2       7       3       5                                               5 
  3       7       2               2       7       3       5      21  21  21  21  21  21  21  21  21       5 
  3       7       2               2       7       3       5      21                              21       5 
  3       7       2               2       7       3       5      21      19  19  19  19  19      21       5 
  3       7       2               2       7       3       5      21      19              19      21       5 
  3       7   7  -1   8   8   8  -2   9  -1  10  -2  11  -1  12  -2  13  -1  14  14      19      21       5 
  3               3               1      22       4       4      22      18      14      19      21       5 
  3               3               1      22       4   4   4      22      18      14      19      21       5 
  3               3               1      22                      22      18      14      19      21       5 
  3               3               1      22  22  22  22  22  22  22      18      14      19      21       5 
  3               3               1                                      18      14      19      21       5 
  3   3   3   3   3               1                                      18      14      19      21       5 
                                  1                                      18      14      19      21       5 
                         17  17  -1  18  18  18  18  18  18  18  18  18  18      14      19      21       5 
                         17       6                                              14      19      21       5 
                         17       6      20  20  20                              14      19      21       5 
                         17       6      20      20                              14      19      21       5 
                         17  17  -2  16  -1  15  -2  14  14  14  14  14  14  14  14      19      21       5 
                                  5      21      19                                      19      21       5 
                                  5      21      19  19  19  19  19  19  19  19  19  19  19      21       5 
                                  5      21                                                      21       5 
                                  5      21  21  21  21  21  21  21  21  21  21  21  21  21  21  21       5 
                                  5                                                                       5 
                                  5   5   5   5   5   5   5   5   5   5   5   5   5   5   5   5   5   5   5 
