                                                 11  11  11  11  11  11  11  11  11  11  11  11  11  11  11  11  11  11  11  11  11 
                                                 11                                                                              11 
                                                 11      15  15  15  15  15  15  15  15  15  15  15  15  15  15  15  15  15      11 
                                                 11      15                                                              15      11 
                                                 11      15      13  13  13  13  13  13  13  13  13  13  13  13  13      15      11 
                                                 11      15      13                                              13      15      11 
                                                 11      15      13      21  21  21  21  21  21  21  21  21      13      15      11 
                                                 11      15      13      21                              21      13      15      11 
                                                 11      15      13      21                      14  14  -1  13  13      15      11 
                                                 11      15      13      21                      14      20              15      11 
                                                 11      15      13      21                      14  14  -2  15  15  15  15      11 
                                                 11      15      13      21                              19                      11 
                          9   9   9   9   9      11      15      13      21                              19                      11 
                          9               9      11      15      13      21                              19                      11 
 18  18  18  18  18  18  -1  17  17       9      11      15      13  13  -2  12  12  12  12  12  12  12  -1  11  11  11  11  11  11 
 18                       8      17       9      11      15              22                              18                         
 18      16  16  16  16  -2  17  17       9      11      15  15  15  15  -1  16  16  16  16              18                         
 18      16               7               9      11                       5              16              18                         
 18      16       2   2  -1   1   1   1  -2   4  -1   3   3   3   3   3  -2   2   2      16              18                         
 18      16       2       6              10      10                       6       2      16              18                         
 18      16       2       6              10  10  10                       6       2      16              18                         
 18      16       2       6                                               6       2      16              18                         
 18      16       2       6   6   6   6   6   6   6   6   6   6   6   6   6       2      16              18                         
 18      16       2                                                               2      16              18                         
 18      16       2   2   2   2   2   2   2   2   2   2   2   2   2   2   2   2   2      16              18                         
 18      16                                                                              16              18                         
 18      16  16  16  16  16  16  16  16  16  16  16  16  16  16  16  16  16  16  16  16  16              18                         
 18                                                                                                      18                         
 18  18  18  18  18  18  18  18  18  18  18  18  18  18  18  18  18  18  18  18  18  18  18  18  18  18  18                         
