                                 14  14  14  14  14  14  14  14  14  14  14  14  14  14  14  14  14  14  14  14  14 
                                 14                                                                              14 
                                 14       3   3   3   3   3   3   3   3   3   3   3   3   3   3   3   3   3      14 
                                 14       3                                                               3      14 
                                 14       3                                       6   6   6   6   6       3      14 
                                 14       3                                       6               6       3      14 
                                 14       3      15  15  15  15  15               6               6       3      14 
                                 14       3      15              15               6               6       3      14 
                                 14       3   3  -1   4   4   4  -2   1   1   1  -1   2   2   2  -2   3   3      14 
                                 14              14              16               7               5              14 
                                 14  14  14  14  14              16               7               5              14 
                                                                 16               7               5              14 
                                                          8   8  -1   7   7   7   7      13  13  -1  14  14  14  14 
                                                          8      17                      13      22                 
                                                          8   8  -2   9   9              13      22                 
                                                                 18       9              13      22                 
 22  22  22  22  22  22  22  22  22  22  22  22  22              18       9              13      22                 
 22                                              22              18       9              13      22                 
 22              20  20  20                      22              18       9              13      22                 
 22              20      20                      22              18       9              13      22                 
 22      13  13  -2  12  -1  11  11  11  11  11  -2  10  10  10  -1   9   9              13      22                 
 22      13      19      21                      21              19                      13      22                 
 22      13      19      21  21  21  21  21  21  21              19                      13      22                 
 22      13      19                                              19                      13      22                 
 22      13      19  19  19  19  19  19  19  19  19  19  19  19  19                      13      22                 
 22      13                                                                              13      22                 
 22      13  13  13  13  13  13  13  13  13  13  13  13  13  13  13  13  13  13  13  13  13      22                 
 22                                                                                              22                 
 22  22  22  22  22  22  22  22  22  22  22  22  22  22  22  22  22  22  22  22  22  22  22  22  22                 
