 14  14  14  14  14  14  14  14  14  14  14  14  14  14  14  14  14  14  14  14  14  14  14  14  14  14  14  14  14  14  14 
 14                                                                                                                      14 
 14      19  19  19  19  19  19  19  19  19  19  19  19  19  19  19  19  19  19  19  19  19  19  19  19  19  19  19      14 
 14      19                                                                                                      19      14 
 14      19                                                                                       4   4   4      19      14 
 14      19                                                                                       4       4      19      14 
 14      19      15  15  15  15  15  15  15  15  15  15  15  15  15  15  15  15  15  15  15       4       4      19      14 
 14      19      15                                                                      15       4       4      19      14 
 14      19      15                                       9   9   9   9   9   9   9      15       4       4      19      14 
 14      19      15                                       9                       9      15       4       4      19      14 
 14      19  19  -1  20  20  20  20  20  20  20  20  20  -2  21  21  21  21  21  -1  22  -2  11  -1  12  -2  13  -1  14  14 
 14              14                                      10                       8      16       1       3      18         
 14  14  14  14  14                                      10                       8      16       1       3      18         
                                                         10                       8      16       1       3      18         
                         18  18  18  18  18  18  18  18  -1  17  17  17  17       8      16       1       3      18         
                         18                               5              17       8      16       1       3      18         
                         18       3   3   3   3   3   3  -2   2   2      17       8      16       1       3      18         
                         18       3                       6       2      17       8      16       1       3      18         
                         18       3       1   1   1   1  -1   2   2      17       8      16       1       3      18         
                         18       3       1               7              17       8      16       1       3      18         
                         18       3       1      16  16  -2  17  17  17  17       8      16       1       3      18         
                         18       3       1      16       8                       8      16       1       3      18         
                         18       3       1      16       8   8   8   8   8   8   8      16       1       3      18         
                         18       3       1      16                                      16       1       3      18         
                         18       3       1      16  16  16  16  16  16  16  16  16  16  16       1       3      18         
                         18       3       1                                                       1       3      18         
                         18       3       1   1   1   1   1   1   1   1   1   1   1   1   1   1   1       3      18         
                         18       3                                                                       3      18         
                         18       3   3   3   3   3   3   3   3   3   3   3   3   3   3   3   3   3   3   3      18         
                         18                                                                                      18         
                         18  18  18  18  18  18  18  18  18  18  18  18  18  18  18  18  18  18  18  18  18  18  18         
