  8   8   8   8   8   8   8   8   8   8   8   8   8   8   8   8   8   8   8   8   8   8   8   8   8 
  8                                                                                               8 
  8      19  19  19  19  19  19  19  19  19  19  19  19  19  19  19  19  19  19  19  19  19       8 
  8      19                                                                              19       8 
  8      19                              12  12  12  12  12  12  12  12  12  12  12      19       8 
  8      19                              12                                      12      19       8 
  8      19                              12      16  16  16  16  16  16  16      12      19       8 
  8      19                              12      16                      16      12      19       8 
  8      19                              12      16      14  14  14      16      12      19       8 
  8      19                              12      16      14      14      16      12      19       8 
  8      19      21  21  21  21  21      12      16      14      14      16      12      19       8 
  8      19      21              21      12      16      14      14      16      12      19       8 
  8   8  -2   9  -1  10  10  10  -2   1  -1   2  -2   3  -1   4  -2   5  -1   6  -2   7  -1   8   8 
         20      20              22      13      15      15      13      17      11      18         
         20  20  20              22      13      15      15      13      17      11      18         
                                 22      13      15      15      13      17      11      18         
                                 22      13      15  15  15      13      17      11      18         
                                 22      13                      13      17      11      18         
                                 22      13  13  13  13  13  13  13      17      11      18         
                                 22                                      17      11      18         
                         18  18  -1  17  17  17  17  17  17  17  17  17  17      11      18         
                         18      11                                              11      18         
                         18      11  11  11  11  11  11  11  11  11  11  11  11  11      18         
                         18                                                              18         
                         18  18  18  18  18  18  18  18  18  18  18  18  18  18  18  18  18         
