  4   4   4   4   4   4   4   4   4   4   4   4   4                                                         
  4                                               4                                                         
  4      22  22  22  22  22  22  22  22  22       4                                                         
  4      22                              22       4                                                         
  4      22       6   6   6   6   6      22       4                                                         
  4      22       6               6      22       4                                                         
  4      22       6               6      22       4      17  17  17                                         
  4      22       6               6      22       4      17      17                                         
  4      22       6               6      22       4      17      17      21  21  21  21  21  21  21  21  21 
  4      22       6               6      22       4      17      17      21                              21 
  4      22       6               6      22       4      17      17      21      19  19  19              21 
  4      22       6               6      22       4      17      17      21      19      19              21 
  4      22       6      15  15  -2  14  -1  13  -2  12  -1  11  -2  10  -1   9  -2   8  -1   7   7      21 
  4      22       6      15       5       5       3      16      18      20      20      18       7      21 
  4      22       6      15       5       5       3      16      18      20  20  20      18       7      21 
  4      22       6      15       5       5       3      16      18                      18       7      21 
  4      22       6      15       5       5       3      16      18  18  18  18  18  18  18       7      21 
  4      22       6      15       5       5       3      16                                       7      21 
  4      22       6      15       5   5   5       3      16                                       7      21 
  4      22       6      15                       3      16                                       7      21 
  4      22       6      15  15  15  15  15  15  -1  16  16                                       7      21 
  4      22       6                               2                                               7      21 
  4      22       6   6   6   6   6   6   6   6  -2   7   7   7   7   7   7   7   7   7   7   7   7      21 
  4      22                                       1                                                      21 
  4      22  22  22  22  22  22  22  22  22  22  -1  21  21  21  21  21  21  21  21  21  21  21  21  21  21 
  4                                               4                                                         
  4   4   4   4   4   4   4   4   4   4   4   4   4                                                         
