  1   1   1   1   1   1   1   1   1                                                                                         
  1                               1                                                                                         
  1                               1       3   3   3   3   3   3   3   3   3   3   3   3   3   3   3   3   3   3   3   3   3 
  1                               1       3                                                                               3 
  1                               1       3      15  15  15  15  15  15  15  15  15  15  15  15  15  15  15  15  15       3 
  1                               1       3      15                                                              15       3 
  1                               1       3      15      11  11  11  11  11  11  11  11  11  11  11  11  11      15       3 
  1                               1       3      15      11                                              11      15       3 
  1                               1       3      15      11      18  18  18  18  18  18  18  18  18      11      15       3 
  1                               1       3      15      11      18                              18      11      15       3 
  1                               1       3      15      11      18       6   6   6   6   6      18      11      15       3 
  1                               1       3      15      11      18       6               6      18      11      15       3 
  1      17  17  17  17  17       1       3      15      11      18       6               6      18      11      15       3 
  1      17              17       1       3      15      11      18       6               6      18      11      15       3 
  1      17      10  10  -1   9  -2   8  -1   7  -2  22  -1  21  -2  20  -1  19  19  19  -2  18  18      11      15       3 
  1      17      10      16       2       2      16      10      17       1               5              11      15       3 
  1      17      10      16       2   2   2      16      10      17       1               5              11      15       3 
  1      17      10      16                      16      10      17       1               5              11      15       3 
  1      17      10      16  16  16  16  16  16  16      10      17       1               5              11      15       3 
  1      17      10                                      10      17       1               5              11      15       3 
  1      17      10  10  10  10  10  10  10  10  10  10  10      17       1               5              11      15       3 
  1      17                                                      17       1               5              11      15       3 
  1      17  17  17  17  17  17  17  17  17  17  17  17  17  17  17       1               5              11      15       3 
  1                                                                       1               5              11      15       3 
  1   1   1   1   1   1   1   1   1   1   1   1   1   1   1   1   1   1   1               5              11      15       3 
                                                                                          5              11      15       3 
                                                                                 13  13  -1  14  14  14  -2  15  15       3 
                                                                                 13       4              12               3 
                                                                                 13       4   4   4   4  -1   3   3   3   3 
                                                                                 13                      13                 
                                                                                 13  13  13  13  13  13  13                 
