         13  13  13  13  13  13  13  13  13  13  13  13  13  13  13  13  13  13  13  13  13  13  13  13  13 
         13                                                                                              13 
         13                       1   1   1   1   1   1   1   1   1   1   1   1   1   1   1   1   1      13 
         13                       1                                                               1      13 
         13                       1                              14  14  14  14  14  14  14       1      13 
         13                       1                              14                      14       1      13 
         13                       1       3   3   3   3   3   3  -1   4   4   4   4   4  -2   1   1      13 
         13                       1       3                      15                      13              13 
         13                       1       3                      15                      13  13  13  13  13 
         13                       1       3                      15                                         
         13      18  18  18       1       3                      15                                         
         13      18      18       1       3                      15                                         
         13      18      18       1       3      20  20  20      15                                         
         13      18      18       1       3      20      20      15                                         
 10  10  -1   9  -2   8  -1   7  -2   6  -1   5  -2  12  -1  11  -2  10  10  10  10                         
 10      22      17      19       2       2      19      21      16              10                         
 10      22      17      19       2   2   2      19      21      16              10                         
 10      22      17      19                      19      21      16              10                         
 10      22      17      19  19  19  19  19  19  19      21      16              10                         
 10      22      17                                      21      16              10                         
 10      22      17                                      21  21  -1  22  22      10                         
 10      22      17                                              17      22      10                         
 10      22      17  17  17  17  17  17  17  17  17  17  17  17  17      22      10                         
 10      22                                                              22      10                         
 10      22  22  22  22  22  22  22  22  22  22  22  22  22  22  22  22  22      10                         
 10                                                                              10                         
 10  10  10  10  10  10  10  10  10  10  10  10  10  10  10  10  10  10  10  10  10                         
