                 13  13  13  13  13  13  13  13  13  13  13  13  13  13  13  13  13  13  13  13  13  13  13  13  13  13  13 
                 13                                                                                                      13 
                 13      22  22  22  22  22  22  22  22  22  22  22  22  22  22  22  22  22  22  22  22  22  22  22      13 
                 13      22                                                                                      22      13 
                 13      22      20  20  20  20  20  20  20  20  20  20  20  20  20  20  20  20  20  20  20      22      13 
                 13      22      20                                                                      20      22      13 
                 13      22      20       5   5   5   5   5                                              20      22      13 
                 13      22      20       5               5                                              20      22      13 
                 13      22      20       5               5                      15  15  15  15  15      20      22      13 
                 13      22      20       5               5                      15              15      20      22      13 
         21  21  -1  22  22      20       5      17  17  -1  18  18  18  18  18  -2  19  19  19  -1  20  20      22      13 
         21      12              20       5      17       8                      16              14              22      13 
         21      12              20       5      17       8      16  16  16  16  16              14              22      13 
         21      12              20       5      17       8      16                              14              22      13 
         21      12              20       5      17       8      16      14  14  14  14  14  14  14              22      13 
         21      12              20       5      17       8      16      14                                      22      13 
         21      12              20       5      17       8      16      14      22  22  22  22  22  22  22  22  22      13 
         21      12              20       5      17       8      16      14      22                                      13 
         21  21  -2  20  20  20  20       5      17  17  -2  16  16      14  14  -1  13  13  13  13  13  13  13  13  13  13 
                 11                       5               7                       9                                         
  4   4   4   4  -1   3   3   3   3   3  -2   2   2   2  -1   1   1   1   1   1  -2   4   4                                 
  4              10                       6               6                      10       4                                 
  4              10                       6   6   6   6   6                      10       4                                 
  4              10                                                              10       4                                 
  4              10  10  10  10  10  10  10  10  10  10  10  10  10  10  10  10  10       4                                 
  4                                                                                       4                                 
  4   4   4   4   4   4   4   4   4   4   4   4   4   4   4   4   4   4   4   4   4   4   4                                 
