                          5   5   5   5   5   5   5   5   5   5   5   5   5   5   5   5   5 
                          5                                                               5 
                          5                       8   8   8                               5 
                          5                       8       8                               5 
                          5                       8       8      14  14  14               5 
                          5                       8       8      14      14               5 
                          5      17  17  17       8       8      14      14               5 
                          5      17      17       8       8      14      14               5 
                          5   5  -1   6  -2   1  -1   2  -2   3  -1   4  -2   5   5   5   5 
                                 16      18       9       7      15      13                 
 16  16  16  16  16  16  16  16  16      18       9       7      15      13                 
 16                                      18       9       7      15      13                 
 16      10  10  10  10  10  10  10  10  -1   9   9       7      15  15  -1  16  16         
 16      10                              19               7              22      16         
 16      10      21  21  21  21  21      19               7              22      16         
 16      10      21              21      19               7              22      16         
 16      10  10  -2  11  11  11  -1  12  -2   7   7   7   7              22      16         
 16              22              20      20                              22      16         
 16              22              20  20  20                              22      16         
 16              22                                                      22      16         
 16              22  22  22  22  22  22  22  22  22  22  22  22  22  22  22      16         
 16                                                                              16         
 16  16  16  16  16  16  16  16  16  16  16  16  16  16  16  16  16  16  16  16  16         
