         17  17  17  17  17  17  17  17  17  17  17  17  17  17  17  17  17  17  17                 
         17                                                                      17                 
         17       1   1   1   1   1   1   1   1   1   1   1   1   1   1   1      17                 
         17       1                                                       1      17                 
         17       1              18  18  18  18  18  18  18  18  18       1      17                 
         17       1              18                              18       1      17                 
         17       1      14  14  -1  13  13  13  13  13  13      18  18  -1  17  17                 
         17       1      14      19                      13               4                         
         17       1      14      19      21  21  21      13               4                         
         17       1      14      19      21      21      13               4                         
  8   8  -1   7  -2   6  -1   5  -2  12  -1  11  -2  10  -1   9   9   9  -2   8   8   8   8   8   8 
  8      16       2      15      20      20      22      22               3                       8 
  8      16       2      15      20      20      22  22  22               3                       8 
  8      16       2      15      20      20                               3                       8 
  8      16       2      15      20  20  20                               3                       8 
  8      16       2      15                                               3                       8 
  8      16       2      15  15  15  15  15  15  15  15  15  15  15  15  -1  16  16  16  16       8 
  8      16       2                                                       2              16       8 
  8      16       2   2   2   2   2   2   2   2   2   2   2   2   2   2   2              16       8 
  8      16                                                                              16       8 
  8      16  16  16  16  16  16  16  16  16  16  16  16  16  16  16  16  16  16  16  16  16       8 
  8                                                                                               8 
  8   8   8   8   8   8   8   8   8   8   8   8   8   8   8   8   8   8   8   8   8   8   8   8   8 
