 13  13  13  13  13  13  13  13  13  13  13  13  13  13  13  13  13  13  13  13  13  13  13  13  13         
 13                                                                                              13         
 13      20  20  20  20  20  20  20  20  20  20  20  20  20  20  20  20  20  20  20  20  20      13         
 13      20                                                                              20      13         
 13      20      14  14  14                                                              20      13         
 13      20      14      14                                                              20      13         
 13      20      14      14      16  16  16  16  16  16  16                              20      13         
 13      20      14      14      16                      16                              20      13         
 13      20  20  -2  21  -1  22  -2   7   7   7   7   7  -1   8   8                      20      13         
 13              13      15      15                      17       8                      20      13         
 13              13      15  15  15                      17       8                      20      13         
 13              13                                      17       8                      20      13         
 13  13  13  13  13                                      17       8                      20      13         
                                                         17       8                      20      13         
                                                         17       8      10  10  10      20      13         
                                                         17       8      10      10      20      13         
                                          6   6   6   6  -2   1  -1   2  -2   3  -1   4  -2   5  -1   6   6 
                                          6              18       9       9      11      19      12       6 
                                          6              18       9   9   9      11      19      12       6 
                                          6              18                      11      19      12       6 
                                          6      12  12  -1  11  11  11  11  11  11      19      12       6 
                                          6      12      19                              19      12       6 
                                          6      12      19  19  19  19  19  19  19  19  19      12       6 
                                          6      12                                              12       6 
                                          6      12  12  12  12  12  12  12  12  12  12  12  12  12       6 
                                          6                                                               6 
                                          6   6   6   6   6   6   6   6   6   6   6   6   6   6   6   6   6 
