  8   8   8   8   8   8   8   8   8   8   8   8   8   8   8   8   8   8   8   8   8   8   8   8   8   8   8   8   8 
  8                                                                                                               8 
  8      17  17  17  17  17  17  17  17  17  17  17  17  17  17  17  17  17  17  17  17  17  17  17  17  17       8 
  8      17                                                                                              17       8 
  8      17                                                                               2   2   2      17       8 
  8      17                                                                               2       2      17       8 
  8      17      19  19  19  19  19  19  19  19  19  19  19  19  19  19  19  19  19       2       2      17       8 
  8      17      19                                                              19       2       2      17       8 
  8      17      19                              21  21  21  21  21  21  21      19       2       2      17       8 
  8      17      19                              21                      21      19       2       2      17       8 
  8   8  -2   9  -1  10  10  10  10  10  10  10  -2  11  11  11  11  11  -1  12  -2   5  -1   6  -2   7  -1   8   8 
         18      18                              22                      20      20       3       1      16         
         18      18                              22                      20  20  20       3       1      16         
         18      18                              22                                       3       1      16         
         18  18  18                              22                                       3       1      16         
                                                 22                                       3       1      16         
                         16  16  16  16  16  16  -1  15  15  15  15                       3       1      16         
                         16                      13              15                       3       1      16         
                         16       1   1   1   1  -2   4   4      15                       3       1      16         
                         16       1              14       4      15                       3       1      16         
                         16       1       3   3  -1   4   4      15                       3       1      16         
                         16       1       3      15              15                       3       1      16         
                         16       1       3      15  15  15  15  15                       3       1      16         
                         16       1       3                                               3       1      16         
                         16       1       3   3   3   3   3   3   3   3   3   3   3   3   3       1      16         
                         16       1                                                               1      16         
                         16       1   1   1   1   1   1   1   1   1   1   1   1   1   1   1   1   1      16         
                         16                                                                              16         
                         16  16  16  16  16  16  16  16  16  16  16  16  16  16  16  16  16  16  16  16  16         
