  2   2   2   2   2   2   2   2   2   2   2   2   2   2   2   2   2   2   2   2   2   2   2   2   2   2   2 
  2                                                                                                       2 
  2                      11  11  11  11  11  11  11  11  11  11  11  11  11  11  11  11  11  11  11       2 
  2                      11                                                                      11       2 
  2                      11              16  16  16  16  16  16  16  16  16  16  16  16  16      11       2 
  2                      11              16                                              16      11       2 
  2                      11              16                                      12  12  -1  11  11       2 
  2                      11              16                                      12      17               2 
  2                      11              16      14  14  14  14  14  14  14      12      17               2 
  2                      11              16      14                      14      12      17               2 
  2                      11              16      14      21  21  21      14      12      17               2 
  2                      11              16      14      21      21      14      12      17               2 
  2   2   2   2   2   2  -1   1   1   1  -2   8  -1   7  -2   6  -1   5  -2   4  -1   3  -2   2   2   2   2 
                         10              15      15      22      20      13      13      18                 
                         10              15  15  15      22      20      13      13      18                 
                         10                              22      20      13      13      18                 
                         10                              22      20      13  13  13      18                 
                         10                              22      20                      18                 
         18  18  18  18  -2  19  19                      22      20                      18                 
         18               9      19                      22      20                      18                 
         18      20  20  -1  19  19                      22      20                      18                 
         18      20      22                              22      20                      18                 
         18      20      22  22  22  22  22  22  22  22  22      20                      18                 
         18      20                                              20                      18                 
         18      20  20  20  20  20  20  20  20  20  20  20  20  20                      18                 
         18                                                                              18                 
         18  18  18  18  18  18  18  18  18  18  18  18  18  18  18  18  18  18  18  18  18                 
