                 15  15  15  15  15  15  15  15  15  15  15  15  15  15  15  15  15  15  15  15  15         
                 15                                                                              15         
                 15      22  22  22  22  22  22  22  22  22  22  22  22  22  22  22  22  22      15         
                 15      22                                                              22      15         
                 15      22      20  20  20  20  20  20  20  20  20  20  20              22      15         
                 15      22      20                                      20              22      15         
                 15      22      20       5   5   5   5   5   5   5      20              22      15         
                 15      22      20       5                       5      20              22      15         
                 15      22      20       5              19  19  -1  20  20              22      15         
                 15      22      20       5              19      10                      22      15         
                 15      22      20       5              19  19  -2  18  18  18  18      22      15         
                 15      22      20       5                       9              18      22      15         
         21  21  -1  22  22      20       5      17  17  17  17  -1  18  18  18  18      22      15         
         21      14              20       5      17               8                      22      15         
         21  21  -2  20  20  20  20       5      17  17  17  17  -2  16  16  16  16  16  -1  15  15         
                 13                       5                       7                      11                 
  4   4   4   4  -1   3   3   3   3   3  -2   2   2   2   2   2  -1   1   1   1   1   1  -2   4   4   4   4 
  4              12                       6                       6                      12               4 
  4              12                       6   6   6   6   6   6   6                      12               4 
  4              12                                                                      12               4 
  4              12  12  12  12  12  12  12  12  12  12  12  12  12  12  12  12  12  12  12               4 
  4                                                                                                       4 
  4   4   4   4   4   4   4   4   4   4   4   4   4   4   4   4   4   4   4   4   4   4   4   4   4   4   4 
