                                                 21  21  21  21  21  21  21  21  21  21  21  21  21  21  21 
                                                 21                                                      21 
                                                 21      15  15  15  15  15  15  15  15  15  15  15      21 
                                                 21      15                                      15      21 
                                                 21      15              20  20  20  20  20      15      21 
                                                 21      15              20              20      15      21 
                                                 21      15      17  17  -2  16  16  16  -1  15  15      21 
                                                 21      15      17      19              21              21 
                                                 21      15      17      19              21  21  21  21  21 
                                                 21      15      17      19                                 
                 10  10  10                      21      15      17      19                                 
                 10      10                      21      15      17      19                                 
                 10      10      12  12  12      21      15      17      19                                 
                 10      10      12      12      21      15      17      19                                 
  8   8   8   8  -2   1  -1   2  -2   3  -1   4  -2   5  -1   6  -2   7  -1   8   8                         
  8               9      11      11      13      22      14      18      18       8                         
  8               9      11      11      13      22      14      18  18  18       8                         
  8               9      11      11      13      22      14                       8                         
  8               9      11  11  11      13      22      14                       8                         
  8               9                      13      22      14                       8                         
  8      14  14  -1  13  13  13  13  13  13      22      14                       8                         
  8      14      22                              22      14                       8                         
  8      14      22  22  22  22  22  22  22  22  22      14                       8                         
  8      14                                              14                       8                         
  8      14  14  14  14  14  14  14  14  14  14  14  14  14                       8                         
  8                                                                               8                         
  8   8   8   8   8   8   8   8   8   8   8   8   8   8   8   8   8   8   8   8   8                         
