                         11  11  11  11  11  11  11  11  11  11  11  11  11  11  11  11  11  11  11  11  11  11  11  11  11 
                         11                                                                                              11 
                         11      13  13  13  13  13  13  13  13  13  13  13  13  13  13  13  13  13  13  13  13  13      11 
                         11      13                                                                              13      11 
                         11      13       7   7   7   7   7   7   7   7   7   7   7   7   7   7   7   7   7      13      11 
                         11      13       7                                                               7      13      11 
                         11      13       7       9   9   9   9   9   9   9   9   9   9   9   9   9       7      13      11 
                         11      13       7       9                                               9       7      13      11 
                         11      13       7       9              15  15  15  15  15  15  15       9       7      13      11 
                         11      13       7       9              15                      15       9       7      13      11 
                         11      13       7       9      20  20  -2  21  21  21  21  21  -1  22  -2   7   7      13      11 
                         11      13       7       9      20      16                      14      10              13      11 
                         11      13       7       9      20  20  -1  19  19  19  19      14  14  -1  13  13  13  13      11 
                         11      13       7       9              17              19              11                      11 
                         11      13       7       9              17              19              11  11  11  11  11  11  11 
                         11      13       7       9              17              19                                         
 19  19  19  19  19      11      13       7       9              17              19                                         
 19              19      11      13       7       9              17              19                                         
 19       6   6  -1   5  -2   4  -1   3  -2   2  -1   1   1   1  -2   6   6      19                                         
 19       6      18      12      12       8       8              18       6      19                                         
 19       6      18      12  12  12       8       8              18       6      19                                         
 19       6      18                       8       8              18       6      19                                         
 19       6      18                       8   8   8              18       6      19                                         
 19       6      18                                              18       6      19                                         
 19       6      18  18  18  18  18  18  18  18  18  18  18  18  18       6      19                                         
 19       6                                                               6      19                                         
 19       6   6   6   6   6   6   6   6   6   6   6   6   6   6   6   6   6      19                                         
 19                                                                              19                                         
 19  19  19  19  19  19  19  19  19  19  19  19  19  19  19  19  19  19  19  19  19                                         
