                                          1   1   1   1   1   1   1   1   1   1   1   1   1   1   1   1   1   1   1 
                                          1                                                                       1 
                                          1       3   3   3   3   3   3   3   3   3   3   3   3   3   3   3       1 
                                          1       3                                                       3       1 
                                          1       3      13  13  13  13  13  13  13  13  13               3       1 
                                          1       3      13                              13               3       1 
                                          1       3      13                       4   4  -1   3   3   3   3       1 
                                          1       3      13                       4      12                       1 
                                          1       3      13                       4   4  -2   1   1   1   1   1   1 
                                          1       3      13                              11                         
                         15  15  15       1       3      13                              11                         
                         15      15       1       3      13                              11                         
                         15      15       1       3      13      17  17  17              11                         
                         15      15       1       3      13      17      17              11                         
 19  19  19  19  19      15      15       1       3      13      17      17              11                         
 19              19      15      15       1       3      13      17      17              11                         
 19      10  10  -1   9  -2   8  -1   7  -2   6  -1   5  -2  22  -1  21  -2  20  20  20  -1  19  19                 
 19      10      18      16      14       2       2      14      16      18              10      19                 
 19      10      18      16      14       2   2   2      14      16      18              10      19                 
 19      10      18      16      14                      14      16      18              10      19                 
 19      10      18      16      14  14  14  14  14  14  14      16      18              10      19                 
 19      10      18      16                                      16      18              10      19                 
 19      10      18      16  16  16  16  16  16  16  16  16  16  16      18              10      19                 
 19      10      18                                                      18              10      19                 
 19      10      18  18  18  18  18  18  18  18  18  18  18  18  18  18  18              10      19                 
 19      10                                                                              10      19                 
 19      10  10  10  10  10  10  10  10  10  10  10  10  10  10  10  10  10  10  10  10  10      19                 
 19                                                                                              19                 
 19  19  19  19  19  19  19  19  19  19  19  19  19  19  19  19  19  19  19  19  19  19  19  19  19                 
