          7   7   7   7   7   7   7   7   7   7   7   7   7   7   7   7   7   7   7   7   7   7   7                         
          7                                                                                       7                         
          7      11  11  11  11  11  11  11  11  11  11  11  11  11  11  11  11  11               7                         
          7      11                                                              11               7                         
          7      11       4   4   4   4   4                                      11               7                         
          7      11       4               4                                      11               7                         
          7      11       4               4                                      11               7      21  21  21  21  21 
          7      11       4               4                                      11               7      21              21 
          7      11       4               4      22  22  22                      11               7      21              21 
          7      11       4               4      22      22                      11               7      21              21 
          7      11  11  -1  12  12  12  -2  13  -1  14  -2  15  15  15  15  15  -1  16  16  16  -2  17  -1  18  18      21 
          7               1               3       5      21                      10               8      20      18      21 
          7   7   7   7  -2   6   6       3       5      21      18  18  18  18  -2  19  19       8      20      18      21 
                          2       6       3       5      21      18               9      19       8      20      18      21 
  5   5   5   5   5   5  -1   6   6       3       5      21      18      20  20  -1  19  19       8      20      18      21 
  5                       3               3       5      21      18      20       8               8      20      18      21 
  5                       3               3       5      21      18      20       8   8   8   8   8      20      18      21 
  5                       3               3       5      21      18      20                              20      18      21 
  5                       3               3       5      21      18      20  20  20  20  20  20  20  20  20      18      21 
  5                       3               3       5      21      18                                              18      21 
  5                       3               3       5      21      18  18  18  18  18  18  18  18  18  18  18  18  18      21 
  5                       3               3       5      21                                                              21 
  5                       3               3       5      21  21  21  21  21  21  21  21  21  21  21  21  21  21  21  21  21 
  5                       3               3       5                                                                         
  5                       3   3   3   3   3       5                                                                         
  5                                               5                                                                         
  5   5   5   5   5   5   5   5   5   5   5   5   5                                                                         
