                          7   7   7   7   7   7   7   7   7   7   7   7   7   7   7   7   7   7   7   7   7   7   7   7   7   7   7 
                          7                                                                                                       7 
                          7              21  21  21  21  21  21  21  21  21  21  21  21  21  21  21  21  21  21  21  21  21       7 
                          7              21                                                                              21       7 
                          7              21      15  15  15  15  15  15  15  15  15  15  15  15  15  15  15  15  15      21       7 
                          7              21      15                                                              15      21       7 
                          7              21      15      20  20  20  20  20  20  20  20  20  20  20  20  20      15      21       7 
                          7              21      15      20                                              20      15      21       7 
                          7              21      15      20                               8   8   8      20      15      21       7 
                          7              21      15      20                               8       8      20      15      21       7 
                          7              21      15      20      10  10  10  10  10       8       8      20      15      21       7 
                          7              21      15      20      10              10       8       8      20      15      21       7 
                          7              21      15      20  20  -1  19  19  19  -2  18  -1  17  -2  16  -1  15  15      21       7 
                          7              21      15              11               9       9       7      21              21       7 
                          7              21      15              11               9       9       7      21  21  21  21  21       7 
                          7              21      15              11               9       9       7                               7 
                          7              21      15              11               9   9   9       7                               7 
                          7              21      15              11                               7                               7 
                          7              21      15              11                               7   7   7   7   7   7   7   7   7 
                          7              21      15              11                                                                 
  2   2   2   2   2   2  -1   1   1   1  -2   4  -1   3   3   3  -2   2   2                                                         
  2                       6              22      14              12       2                                                         
  2      12  12  12  12  -2  13  13      22      14              12       2                                                         
  2      12               5      13      22      14              12       2                                                         
  2      12      14  14  -1  13  13      22      14              12       2                                                         
  2      12      14      22              22      14              12       2                                                         
  2      12      14      22  22  22  22  22      14              12       2                                                         
  2      12      14                              14              12       2                                                         
  2      12      14  14  14  14  14  14  14  14  14              12       2                                                         
  2      12                                                      12       2                                                         
  2      12  12  12  12  12  12  12  12  12  12  12  12  12  12  12       2                                                         
  2                                                                       2                                                         
  2   2   2   2   2   2   2   2   2   2   2   2   2   2   2   2   2   2   2                                                         
