                                 14  14  14  14  14  14  14  14  14  14  14  14  14  14  14  14  14  14  14  14  14  14  14 
                                 14                                                                                      14 
                                 14      18  18  18  18  18  18  18  18  18  18  18  18  18  18  18  18  18  18  18      14 
                                 14      18                                                                      18      14 
                                 14      18       9   9   9   9   9   9   9   9   9   9   9   9   9   9   9      18      14 
                                 14      18       9                                                       9      18      14 
 12  12  12  12  12  12  12      14      18       9                                                       9      18      14 
 12                      12      14      18       9                                                       9      18      14 
 12                      12      14      18       9      19  19  19  19  19  19  19  19  19  19  19       9      18      14 
 12                      12      14      18       9      19                                      19       9      18      14 
 12                      12      14      18       9      19                      13  13  13      19       9      18      14 
 12                      12      14      18       9      19                      13      13      19       9      18      14 
 12       7   7   7   7  -2   6  -1   5  -2   4  -1   3  -2   2   2   2   2   2  -1   1  -2  10  -1   9   9      18      14 
 12       7              11      15      17       8      20                      12      14      18              18      14 
 12       7              11      15      17       8      20                      12      14      18  18  18  18  18      14 
 12       7              11      15      17       8      20                      12      14                              14 
 12       7              11      15      17       8      20                      12      14  14  14  14  14  14  14  14  14 
 12       7              11      15      17       8      20                      12                                         
 12       7      16  16  -1  15  15      17       8   8  -1   7   7   7   7      12                                         
 12       7      16      22              17              21               7      12                                         
 12       7      16      22              17  17  17  17  -2  16  16       7      12                                         
 12       7      16      22                              22      16       7      12                                         
 12       7      16      22  22  22  22  22  22  22  22  22      16       7      12                                         
 12       7      16                                              16       7      12                                         
 12       7      16  16  16  16  16  16  16  16  16  16  16  16  16       7      12                                         
 12       7                                                               7      12                                         
 12       7   7   7   7   7   7   7   7   7   7   7   7   7   7   7   7   7      12                                         
 12                                                                              12                                         
 12  12  12  12  12  12  12  12  12  12  12  12  12  12  12  12  12  12  12  12  12                                         
