 18  18  18  18  18  18  18  18  18  18  18  18  18  18  18  18  18  18  18  18  18  18  18  18  18  18  18 
 18                                                                                                      18 
 18      21  21  21  21  21  21  21  21  21  21  21  21  21  21  21  21  21  21  21  21  21  21  21      18 
 18      21                                                                                      21      18 
 18      21       8   8   8   8   8   8   8   8   8   8   8   8   8   8   8   8   8   8   8      21      18 
 18      21       8                                                                       8      21      18 
 18      21       8       4   4   4                                                       8      21      18 
 18      21       8       4       4                                                       8      21      18 
 18      21       8       4       4              10  10  10                               8      21      18 
 18      21       8       4       4              10      10                               8      21      18 
 18  18  -1  17  -2  16  -1  15  -2  14  14  14  -1  13  -2  22  22  22  22  22  22  22  -1  21  21      18 
         20       7       1       3              11       9                               9              18 
         20       7       1       3              11       9   9   9   9   9   9   9   9   9              18 
         20       7       1       3              11                                                      18 
         20       7       1       3      19  19  -2  18  18  18  18  18  18  18  18  18  18  18  18  18  18 
         20       7       1       3      19      12                                                         
         20       7       1       3      19  19  -1  20  20  20  20  20  20  20  20                         
         20       7       1       3               5                              20                         
         20       7       1       3               5       7   7   7   7   7      20                         
         20       7       1       3               5       7               7      20                         
         20       7       1       3   3   3   3  -2   2  -1   1   1       7      20                         
         20       7       1                       6       6       1       7      20                         
         20       7       1                       6   6   6       1       7      20                         
         20       7       1                                       1       7      20                         
         20       7       1   1   1   1   1   1   1   1   1   1   1       7      20                         
         20       7                                                       7      20                         
         20       7   7   7   7   7   7   7   7   7   7   7   7   7   7   7      20                         
         20                                                                      20                         
         20  20  20  20  20  20  20  20  20  20  20  20  20  20  20  20  20  20  20                         
