         21  21  21  21  21  21  21  21  21  21  21  21  21  21  21  21  21  21  21  21  21         
         21                                                                              21         
         21       6   6   6   6   6   6   6   6   6   6   6   6   6   6   6   6   6      21         
         21       6                                                               6      21         
         21       6      18  18  18  18  18  18  18  18  18  18  18  18  18       6      21         
         21       6      18                                              18       6      21         
         21       6      18       3   3   3   3   3   3   3   3   3      18       6      21         
         21       6      18       3                               3      18       6      21         
         21       6      18       3               1   1   1       3      18       6      21         
         21       6      18       3               1       1       3      18       6      21         
 16  16  -1  15  -2  14  -1  13  -2  12  12  12  -1  11  -2  10  -1   9  -2  22  -1  21  21         
 16      20       5      19       4               8       2       2      17       7                 
 16      20       5      19       4               8       2   2   2      17       7                 
 16      20       5      19       4               8                      17       7                 
 16      20       5      19  19  -1  20  20       8                      17  17  -2  16  16  16  16 
 16      20       5               5      20       8                               8              16 
 16      20       5               5      20       8   8   8   8   8   8   8   8   8              16 
 16      20       5               5      20                                                      16 
 16      20       5   5   5   5   5      20                                                      16 
 16      20                              20                                                      16 
 16      20  20  20  20  20  20  20  20  20                                                      16 
 16                                                                                              16 
 16  16  16  16  16  16  16  16  16  16  16  16  16  16  16  16  16  16  16  16  16  16  16  16  16 
