                                                                                          3   3   3   3   3                         
                                                                                          3               3                         
 22  22  22  22  22  22  22  22  22  22  22  22  22  22  22  22  22  22  22  22  22       3               3                         
 22                                                                              22       3               3                         
 22      20  20  20  20  20  20  20  20  20  20  20  20  20  20  20  20  20      22       3               3                         
 22      20                                                              20      22       3               3                         
 22      20      18  18  18  18  18  18  18  18  18  18  18  18  18      20      22       3               3                         
 22      20      18                                              18      20      22       3               3                         
 22      20      18                      10  10  10  10  10      18      20      22       3               3                         
 22      20      18                      10              10      18      20      22       3               3                         
 22      20      18                      10      19  19  -2  18  18      20      22       3       6   6  -1   5   5   5   5   5   5 
 22      20      18                      10      19       9              20      22       3       6       2                       5 
 22      20      18                      10      19  19  -1  20  20  20  20      22       3       6   6  -2   7   7   7   7       5 
 22      20      18                      10               8                      22       3               1               7       5 
 22      20      18      21  21  21      10               8                      22       3               1               7       5 
 22      20      18      21      21      10               8                      22       3               1               7       5 
 22      20      18  18  -1  17  -2  16  -1  15  15  15  -2  14  14  14  14  14  -1  13  -2  12  12  12  -1  11  11       7       5 
 22      20              20      22       5               7                      11       4               4      11       7       5 
 22      20  20  20  20  20      22       5               7                      11       4               4      11       7       5 
 22                              22       5               7                      11       4               4      11       7       5 
 22  22  22  22  22  22  22  22  22       5               7                      11       4               4      11       7       5 
                                          5               7                      11       4               4      11       7       5 
                                          5               7                      11       4   4   4   4   4      11       7       5 
                                          5               7                      11                              11       7       5 
                                          5               7                      11  11  11  11  11  11  11  11  11       7       5 
                                          5               7                                                               7       5 
                                          5               7   7   7   7   7   7   7   7   7   7   7   7   7   7   7   7   7       5 
                                          5                                                                                       5 
                                          5   5   5   5   5   5   5   5   5   5   5   5   5   5   5   5   5   5   5   5   5   5   5 
