 12  12  12  12  12  12  12  12  12  12  12  12  12  12  12  12  12  12  12  12  12  12  12  12  12 
 12                                                                                              12 
 12      21  21  21  21  21  21  21  21  21  21  21  21  21  21  21  21  21  21  21  21  21      12 
 12      21                                                                              21      12 
 12      21                               2   2   2                                      21      12 
 12      21                               2       2                                      21      12 
 12      21      13  13  13  13  13       2       2                                      21      12 
 12      21      13              13       2       2                                      21      12 
 12      21      13              13       2       2      17  17  17                      21      12 
 12      21      13              13       2       2      17      17                      21      12 
 12      21      13              13       2       2      17      17      19  19  19      21      12 
 12      21      13              13       2       2      17      17      19      19      21      12 
 12      21  21  -1  22  22  22  -2   5  -1   6  -2   7  -1   8  -2   9  -1  10  -2  11  -1  12  12 
 12              12              14       3       1      16      18      18      20      20         
 12              12              14       3       1      16      18      18      20  20  20         
 12              12              14       3       1      16      18      18                         
 12              12              14       3       1      16      18  18  18                         
 12              12              14       3       1      16                                         
 12  12  12  12  12              14       3       1      16                                         
                                 14       3       1      16                                         
                          4   4  -1   3   3       1      16                                         
                          4      15               1      16                                         
                          4   4  -2   1   1   1   1      16                                         
                                 16                      16                                         
                                 16  16  16  16  16  16  16                                         
