                 17  17  17  17  17  17  17  17  17  17  17  17  17  17  17  17  17         
                 17                                                              17         
         20  20  -1  19  19  19  19  19  19  19  19  19  19  19  19  19  19      17         
         20      16                                                      19      17         
         20  20  -2  21  21  21  21  21  21  21  21  21  21              19      17         
                 15                                      21              19      17         
                 15       1   1   1   1   1   1   1      21              19      17         
                 15       1                       1      21              19      17         
                 15       1      12  12  12       1      21              19      17         
                 15       1      12      12       1      21              19      17         
  8   8   8   8  -1   7  -2   6  -1   5  -2  22  -1  21  21              19      17         
  8              14       2      13      11       4                      19      17         
  8              14       2      13      11  11  -2  10  10  10  10  10  -1   9  -2   8   8 
  8              14       2      13               3                      18      18       8 
  8              14       2      13               3                      18  18  18       8 
  8              14       2      13               3                                       8 
  8              14       2      13  13  13  13  -1  14  14  14  14                       8 
  8              14       2                       2              14                       8 
  8              14       2   2   2   2   2   2   2              14                       8 
  8              14                                              14                       8 
  8              14  14  14  14  14  14  14  14  14  14  14  14  14                       8 
  8                                                                                       8 
  8   8   8   8   8   8   8   8   8   8   8   8   8   8   8   8   8   8   8   8   8   8   8 
