                 11  11  11  11  11  11  11  11  11  11  11  11  11  11  11  11  11  11  11  11  11  11  11         
                 11                                                                                      11         
                 11      22  22  22  22  22  22  22  22  22  22  22  22  22  22  22  22  22  22  22      11         
                 11      22                                                                      22      11         
                 11      22      20  20  20  20  20  20  20  20  20  20  20  20  20              22      11         
                 11      22      20                                              20              22      11         
                 11      22      20      18  18  18  18  18  18  18  18  18      20              22      11         
                 11      22      20      18                              18      20              22      11         
                 11      22      20      18      16  16  16  16  16      18      20              22      11         
                 11      22      20      18      16              16      18      20              22      11         
         21  21  -1  22  22      20      18      16      19  19  -2  18  18      20              22      11         
         21      10              20      18      16      19      15              20              22      11         
         21  21  -2  20  20  20  20      18      16      19  19  -1  20  20  20  20      12  12  -1  11  11         
                  9                      18      16              14                      12       7                 
  2   2   2   2  -1   1   1   1   1   1  -2   6  -1   5   5   5  -2   4   4   4   4   4  -1   3  -2   2   2   2   2 
  2               8                      17      17              13                      13       8               2 
  2               8                      17  17  17              13                      13       8               2 
  2               8                                              13                      13       8               2 
  2               8                                              13  13  13  13  13  13  13       8               2 
  2               8                                                                               8               2 
  2               8   8   8   8   8   8   8   8   8   8   8   8   8   8   8   8   8   8   8   8   8               2 
  2                                                                                                               2 
  2   2   2   2   2   2   2   2   2   2   2   2   2   2   2   2   2   2   2   2   2   2   2   2   2   2   2   2   2 
