  3   3   3   3   3   3   3   3   3   3   3   3   3   3   3                                                                         
  3                                                       3                                                                         
  3       7   7   7   7   7   7   7   7   7   7   7       3                                                                         
  3       7                                       7       3                                                                         
  3       7       2   2   2   2   2               7       3                                                                         
  3       7       2               2               7       3                                                                         
  3       7       2               2               7       3       5   5   5   5   5   5   5   5   5   5   5   5   5   5   5   5   5 
  3       7       2               2               7       3       5                                                               5 
  3       7       2               2               7       3       5                              19  19  19  19  19               5 
  3       7       2               2               7       3       5                              19              19               5 
  3       7   7  -1   8   8   8  -2   9   9   9  -1  10  -2  11  -1  12  12  12  12  12  12  12  -2  13  13  13  -1  14  14       5 
  3               3               1              22       4       4                              20              18      14       5 
  3               3               1              22       4   4   4                              20              18      14       5 
  3               3               1              22                                              20              18      14       5 
  3   3   3   3   3               1              22                                              20              18      14       5 
                                  1              22                                              20              18      14       5 
                                  1              22  22  22  22  22  22  22  22  22              20              18      14       5 
                                  1                                              22              20              18      14       5 
                         15  15  -1  16  16  16  16  16  16  16  16  16  16      22      17  17  -1  18  18  18  18      14       5 
                         15       6                                      16      22      17      21                      14       5 
                         15  15  -2  14  14                              16      22      17  17  -2  16  16              14       5 
                                  5      14                              16      22              22      16              14       5 
                                  5      14                              16      22  22  22  22  22      16              14       5 
                                  5      14                              16                              16              14       5 
                                  5      14                              16  16  16  16  16  16  16  16  16              14       5 
                                  5      14                                                                              14       5 
                                  5      14  14  14  14  14  14  14  14  14  14  14  14  14  14  14  14  14  14  14  14  14       5 
                                  5                                                                                               5 
                                  5   5   5   5   5   5   5   5   5   5   5   5   5   5   5   5   5   5   5   5   5   5   5   5   5 
