                                                          5   5   5   5   5   5   5   5   5   5   5   5   5 
                                                          5                                               5 
 21  21  21  21  21  21  21  21  21  21  21  21  21  21  -1  22  22  22  22  22  22  22  22  22  22       5 
 21                                                       4                                      22       5 
 21                                      13  13  13  13  -2  12  12  12  12  12  12  12  12      22       5 
 21                                      13               3                              12      22       5 
 21                                      13      10  10  -1   9   9   9   9   9   9      12      22       5 
 21                                      13      10       2                       9      12      22       5 
 21                                      13      10  10  -2  11  11  11  11  11  -1  12  12      22       5 
 21                                      13               1                      22              22       5 
 21                                      13               1                      22  22  22  22  22       5 
 21                                      13               1                                               5 
 21                                      13  13  13  13  -1  14  14  14  14                               5 
 21                                                       8              14                               5 
 21      19  19  19  19  19  19  19  19  19  19  19  19  -2  18  18      14                               5 
 21      19                                               7      18      14                               5 
 21      19      17  17  17  17  17  17  17  17  17  17  -1  18  18      14                               5 
 21      19      17                                       6              14                               5 
 21      19      17      20  20  20                       6              14                               5 
 21      19      17      20      20                       6              14                               5 
 21      19      17  17  -2  16  -1  15  15  15  15  15  -2  14  14  14  14                               5 
 21      19              19      21                       5                                               5 
 21      19  19  19  19  19      21                       5                                               5 
 21                              21                       5                                               5 
 21  21  21  21  21  21  21  21  21                       5                                               5 
                                                          5                                               5 
                                                          5   5   5   5   5   5   5   5   5   5   5   5   5 
