 10  10  10  10  10  10  10  10  10  10  10  10  10  10  10  10  10                                                         
 10                                                              10                                                         
 10                      12  12  12  12  12  12  12  12  12      10                                                         
 10                      12                              12      10                                                         
 10                      12       1   1   1   1   1      12      10                                                         
 10                      12       1               1      12      10                                                         
 10                      12       1      11  11  -1  12  12      10                                                         
 10                      12       1      11       4              10                                                         
 10                      12       1      11       4              10              16  16  16  16  16  16  16  16  16  16  16 
 10                      12       1      11       4              10              16                                      16 
 10                      12       1      11  11  -2  10  10  10  10      19  19  -2  18  18  18  18  18  18  18  18      16 
 10                      12       1               3                      19      15                              18      16 
 10                      12       1               3                      19      15      13  13  13  13  13      18      16 
 10                      12       1               3                      19      15      13              13      18      16 
 10      17  17  17      12       1               3                      19      15      13              13      18      16 
 10      17      17      12       1               3                      19      15      13              13      18      16 
 10  10  -1   9  -2   8  -1   7  -2   6   6   6  -1   5   5   5   5   5  -2  22  -1  21  -2  20  20      13      18      16 
         16      18      13       2               2                      20      14      14      20      13      18      16 
         16      18      13       2               2                      20      14  14  14      20      13      18      16 
         16      18      13       2               2                      20                      20      13      18      16 
         16      18      13       2               2                      20  20  20  20  20  20  20      13      18      16 
         16      18      13       2               2                                                      13      18      16 
         16      18      13       2   2   2   2   2                                                      13      18      16 
         16      18      13                                                                              13      18      16 
         16      18      13  13  13  13  13  13  13  13  13  13  13  13  13  13  13  13  13  13  13  13  13      18      16 
         16      18                                                                                              18      16 
         16      18  18  18  18  18  18  18  18  18  18  18  18  18  18  18  18  18  18  18  18  18  18  18  18  18      16 
         16                                                                                                              16 
         16  16  16  16  16  16  16  16  16  16  16  16  16  16  16  16  16  16  16  16  16  16  16  16  16  16  16  16  16 
