                 15  15  15  15  15  15  15  15  15  15  15  15  15  15  15  15  15  15  15  15  15         
                 15                                                                              15         
                 15      17  17  17  17  17  17  17  17  17  17  17  17  17  17  17  17  17      15         
                 15      17                                                              17      15         
                 15      17      10  10  10  10  10                                      17      15         
                 15      17      10              10                                      17      15         
                 15      17  17  -2  16  16      10                                      17      15         
                 15               9      16      10                                      17      15         
                 15  15  15  15  -1  16  16      10                                      17      15         
                                 22              10                                      17      15         
                                 22              10      19  19  19  19  19  19  19      17      15         
                                 22              10      19                      19      17      15         
                                 22              10      19      13  13  13      19      17      15         
                                 22              10      19      13      13      19      17      15         
  8   8   8   8   8   8   8   8  -2   1   1   1  -1   2  -2   3  -1   4  -2   5  -1   6  -2   7  -1   8   8 
  8                              21              11      20      12      14      18      18      14       8 
  8                              21              11      20      12      14      18  18  18      14       8 
  8                              21              11      20      12      14                      14       8 
  8                              21              11      20      12      14  14  14  14  14  14  14       8 
  8                              21              11      20      12                                       8 
  8      12  12  12  12  12  12  -1  11  11  11  11      20      12                                       8 
  8      12                      20                      20      12                                       8 
  8      12                      20  20  20  20  20  20  20      12                                       8 
  8      12                                                      12                                       8 
  8      12  12  12  12  12  12  12  12  12  12  12  12  12  12  12                                       8 
  8                                                                                                       8 
  8   8   8   8   8   8   8   8   8   8   8   8   8   8   8   8   8   8   8   8   8   8   8   8   8   8   8 
