                 22  22  22  22  22  22  22  22  22  22  22  22  22  22  22  22  22  22  22  22  22  22  22  22  22  22  22 
                 22                                                                                                      22 
                 22      17  17  17  17  17                                                                              22 
                 22      17              17                                                                              22 
                 22  22  -1  21  21      17                                                                              22 
                         16      21      17                                                                              22 
                         16      21      17      19  19  19  19  19  19  19  19  19  19  19  19  19  19  19  19  19      22 
                         16      21      17      19                                                              19      22 
                         16      21      17      19       3   3   3   3   3   3   3   3   3   3   3   3   3      19      22 
                         16      21      17      19       3                                               3      19      22 
                         16      21      17      19       3                       6   6   6   6   6       3      19      22 
                         16      21      17      19       3                       6               6       3      19      22 
                         16      21      17      19       3      12  12  12       6               6       3      19      22 
                         16      21      17      19       3      12      12       6               6       3      19      22 
 20  20  20  20  20  20  -2  21  21      17      19       3   3  -1   4  -2   1  -1   2   2   2  -2   3   3      19      22 
 20                      15              17      19              13      11       7               5              19      22 
 20       7   7   7   7  -1   8   8   8  -2   9  -1  10  10  10  -2  11  11       7      20  20  -1  19  19  19  19      22 
 20       7              14              18      18              14               7      20      22                      22 
 20       7              14              18      18              14               7      20      22  22  22  22  22  22  22 
 20       7              14              18      18              14               7      20                                 
 20       7              14              18  18  18              14               7      20                                 
 20       7              14                                      14               7      20                                 
 20       7              14  14  14  14  14  14  14  14  14  14  14               7      20                                 
 20       7                                                                       7      20                                 
 20       7   7   7   7   7   7   7   7   7   7   7   7   7   7   7   7   7   7   7      20                                 
 20                                                                                      20                                 
 20  20  20  20  20  20  20  20  20  20  20  20  20  20  20  20  20  20  20  20  20  20  20                                 
