  3   3   3   3   3   3   3   3   3   3   3   3   3   3   3   3   3   3   3   3   3   3   3   3   3   3   3   3   3   3   3         
  3                                                                                                                       3         
  3      20  20  20  20  20  20  20  20  20  20  20  20  20  20  20  20  20  20  20  20  20  20  20  20  20  20  20       3         
  3      20                                                                                                      20       3         
  3      20      16  16  16  16  16  16  16  16  16  16  16  16  16  16  16  16  16  16  16  16  16  16  16      20       3         
  3      20      16                                                                                      16      20       3         
  3      20      16      21  21  21  21  21  21  21  21  21  21  21  21  21  21  21  21  21  21  21      16      20       3         
  3      20      16      21                                                                      21      16      20       3         
  3      20      16      21       4   4   4   4   4   4   4   4   4   4   4   4   4   4   4      21      16      20       3         
  3      20      16      21       4                                                       4      21      16      20       3         
  3      20      16      21       4      12  12  12  12  12  12  12  12  12               4      21      16      20       3         
  3      20      16      21       4      12                              12               4      21      16      20       3         
  3      20      16  16  -1  15  -2  14  -1  13  13  13  13  13  13  13  -2  22  22  22  -1  21  21      16      20       3         
  3      20              20       3       7                              11               5              16      20       3         
  3      20  20  20  20  20       3       7                              11               5              16      20       3         
  3                               3       7                              11               5              16      20       3         
  3   3   3   3   3   3   3   3   3       7                              11               5              16      20       3         
                                          7                              11               5              16      20       3         
                                          7      11  11  11  11  11  11  11               5              16      20       3         
                                          7      11                                       5              16      20       3         
                                          7      11      17  17  17  17  17  17  17  17  -2  16  16  16  16      20       3         
                                          7      11      17                               6                      20       3         
                                          7      11      17              19  19  19  19  -1  20  20  20  20  20  20       3         
                                          7      11      17              19               1                               3         
                                          7      11      17      10  10  -1   9   9   9  -2   8   8   8   8   8   8   8  -1   7   7 
                                          7      11      17      10      18               2                               2       7 
                                          7      11      17      10      18               2   2   2   2   2   2   2   2   2       7 
                                          7      11      17      10      18                                                       7 
                                          7      11      17      10  10  -2  11  11                                               7 
                                          7      11      17              17      11                                               7 
                                          7      11      17  17  17  17  17      11                                               7 
                                          7      11                              11                                               7 
                                          7      11  11  11  11  11  11  11  11  11                                               7 
                                          7                                                                                       7 
                                          7   7   7   7   7   7   7   7   7   7   7   7   7   7   7   7   7   7   7   7   7   7   7 
