  6   6   6   6   6   6   6   6   6   6   6   6   6   6   6   6   6   6   6   6   6   6   6   6   6   6   6                                         
  6                                                                                                       6                                         
  6              15  15  15  15  15  15  15  15  15  15  15  15  15  15  15  15  15  15  15  15  15       6                                         
  6              15                                                                              15       6                                         
  6              15      13  13  13  13  13  13  13  13  13  13  13  13  13  13  13  13  13      15       6                                         
  6              15      13                                                              13      15       6                                         
  6              15      13      21  21  21  21  21  21  21  21  21  21  21  21  21      13      15       6                                         
  6              15      13      21                                              21      13      15       6                                         
  6              15      13  13  -1  14  14                                      21      13      15       6                                         
  6              15              20      14                                      21      13      15       6                                         
  6              15  15  15  15  -2  14  14                                      21      13      15       6                                         
  6                              19                                              21      13      15       6                                         
  6   6   6   6   6   6   6   6  -1   5   5   5   5   5   5   5   5   5   5      21      13      15       6                                         
                                 18                                       5      21      13      15       6                                         
          7   7   7   7   7   7  -2  22  22  22  22  22  22  22  22  22  -1  21  21      13      15       6                                         
          7                      17                                       4              13      15       6                                         
          7                      17              12  12  12  12  12  12  -2  13  13  13  13      15       6                                         
          7                      17              12                       3                      15       6                                         
          7                      17              12      16  16  16  16  -1  15  15  15  15  15  15       6                                         
          7                      17              12      16               2                               6                                         
          7                      17              12      16               2                               6       7   7   7   7   7   7   7   7   7 
          7                      17              12      16               2                               6       7                               7 
          7                      17              12      16               2                               6       7      17  17  17  17  17       7 
          7                      17              12      16               2                               6       7      17              17       7 
          7                      17              12      16       8   8  -2   9   9   9   9   9   9   9  -1  10  -2  11  -1  12  12      17       7 
          7                      17              12      16       8       1                               1       8      16      12      17       7 
          7                      17              12      16       8       1   1   1   1   1   1   1   1   1       8      16      12      17       7 
          7                      17              12      16       8                                               8      16      12      17       7 
          7                      17              12      16       8   8   8   8   8   8   8   8   8   8   8   8   8      16      12      17       7 
          7                      17              12      16                                                              16      12      17       7 
          7                      17              12      16  16  16  16  16  16  16  16  16  16  16  16  16  16  16  16  16      12      17       7 
          7                      17              12                                                                              12      17       7 
          7                      17              12  12  12  12  12  12  12  12  12  12  12  12  12  12  12  12  12  12  12  12  12      17       7 
          7                      17                                                                                                      17       7 
          7                      17  17  17  17  17  17  17  17  17  17  17  17  17  17  17  17  17  17  17  17  17  17  17  17  17  17  17       7 
          7                                                                                                                                       7 
          7   7   7   7   7   7   7   7   7   7   7   7   7   7   7   7   7   7   7   7   7   7   7   7   7   7   7   7   7   7   7   7   7   7   7 
