                         18  18  18  18  18  18  18  18  18  18  18  18  18  18  18  18  18  18  18  18  18 
                         18                                                                              18 
                         18      21  21  21  21  21  21  21  21  21  21  21  21  21  21  21  21  21      18 
                         18      21                                                              21      18 
                         18      21      10  10  10  10  10  10  10  10  10  10  10  10  10      21      18 
                         18      21      10                                              10      21      18 
                         18      21      10       3   3   3   3   3   3   3   3   3      10      21      18 
                         18      21      10       3                               3      10      21      18 
                         18      21      10  10  -2  11  11                       3      10      21      18 
                         18      21               4      11                       3      10      21      18 
                         18      21               4      11       5   5   5       3      10      21      18 
                         18      21               4      11       5       5       3      10      21      18 
                         18      21  21  21  21  -1  22  -2  13  -1  14  -2  15  -1  16  -2  17  -1  18  18 
                         18                       1      12      12       6       2       9      20         
                         18                       1      12  12  12       6       2       9      20         
                         18                       1                       6       2       9      20         
 20  20  20  20  20      18                       1                       6       2       9      20         
 20              20      18                       1                       6       2       9      20         
 20       9   9  -2   8  -1   7   7   7   7   7  -2   6   6   6   6   6   6       2       9      20         
 20       9      19      19                       2                               2       9      20         
 20       9      19  19  19                       2                               2       9      20         
 20       9                                       2                               2       9      20         
 20       9                                       2   2   2   2   2   2   2   2   2       9      20         
 20       9                                                                               9      20         
 20       9   9   9   9   9   9   9   9   9   9   9   9   9   9   9   9   9   9   9   9   9      20         
 20                                                                                              20         
 20  20  20  20  20  20  20  20  20  20  20  20  20  20  20  20  20  20  20  20  20  20  20  20  20         
