         12  12  12  12  12  12  12  12  12  12  12  12  12  12  12  12  12  12  12  12  12  12  12  12  12  12  12 
         12                                                                                                      12 
         12       4   4   4   4   4   4   4   4   4   4   4   4   4   4   4   4   4   4   4   4   4   4   4      12 
         12       4                                                                                       4      12 
         12       4                                      13  13  13  13  13  13  13  13  13  13  13       4      12 
         12       4                                      13                                      13       4      12 
         12       4                                      13      19  19  19  19  19  19  19      13       4      12 
         12       4                                      13      19                      19      13       4      12 
         12       4                                      13      19      10  10  10      19      13       4      12 
         12       4                                      13      19      10      10      19      13       4      12 
         12       4              15  15  15  15  15      13      19      10      10      19      13       4      12 
         12       4              15              15      13      19      10      10      19      13       4      12 
         12       4   4   4   4  -2   5   5   5  -1   6  -2   7  -1   8  -2   1  -1   2  -2   3  -1   4   4      12 
         12                      16              14      14      18       9      11      20      12              12 
         12                      16              14  14  14      18       9      11      20      12              12 
         12                      16                              18       9      11      20      12              12 
         12                      16                              18       9      11      20      12  12  12  12  12 
         12                      16                              18       9      11      20                         
 20  20  -2  21  21  21  21  21  -1  22  22                      18       9      11      20                         
 20      11                      17      22                      18       9      11      20                         
 20      11               9   9  -2  22  22                      18       9      11      20                         
 20      11               9      18                              18       9      11      20                         
 20      11               9      18  18  18  18  18  18  18  18  18       9      11      20                         
 20      11               9                                               9      11      20                         
 20      11               9   9   9   9   9   9   9   9   9   9   9   9   9      11      20                         
 20      11                                                                      11      20                         
 20      11  11  11  11  11  11  11  11  11  11  11  11  11  11  11  11  11  11  11      20                         
 20                                                                                      20                         
 20  20  20  20  20  20  20  20  20  20  20  20  20  20  20  20  20  20  20  20  20  20  20                         
