                                  3   3   3   3   3   3   3   3   3   3   3   3   3   3   3   3   3   3   3 
                                  3                                                                       3 
                                  3                                       8   8   8   8   8               3 
                                  3                                       8               8               3 
                                  3      15  15  15                       8               8               3 
                                  3      15      15                       8               8               3 
                                  3      15      15      17  17  17       8               8               3 
                                  3      15      15      17      17       8               8               3 
                                  3   3  -1   4  -2   5  -1   6  -2   1  -1   2   2   2  -2   3   3   3   3 
                                         14      16      16      18       9               7                 
                                         14      16  16  16      18       9               7                 
                                         14                      18       9               7                 
 19  19  19  19  19  19  19  19  19  19  -2  18  18  18  18  18  18       9      20  20  -1  19  19         
 19                                      13                               9      20      12      19         
 19              21  21  21              13                               9      20      12      19         
 19              21      21              13                               9      20      12      19         
 19      12  12  -1  11  -2  10  10  10  -1   9   9   9   9   9   9   9   9      20      12      19         
 19      12      20      22              22                                      20      12      19         
 19      12      20      22  22  22  22  22                                      20      12      19         
 19      12      20                                                              20      12      19         
 19      12      20  20  20  20  20  20  20  20  20  20  20  20  20  20  20  20  20      12      19         
 19      12                                                                              12      19         
 19      12  12  12  12  12  12  12  12  12  12  12  12  12  12  12  12  12  12  12  12  12      19         
 19                                                                                              19         
 19  19  19  19  19  19  19  19  19  19  19  19  19  19  19  19  19  19  19  19  19  19  19  19  19         
