 21  21  21  21  21  21  21  21  21  21  21  21  21  21  21  21  21  21  21  21  21  21  21  21  21         
 21                                                                                              21         
 21      19  19  19  19  19  19  19  19  19  19  19  19  19  19  19  19  19  19  19  19  19      21         
 21      19                                                                              19      21         
 21      19      17  17  17  17  17  17  17  17  17  17  17  17  17  17  17  17  17      19      21         
 21      19      17                                                              17      19      21         
 21      19      17                       2   2   2   2   2                      17      19      21         
 21      19      17                       2               2                      17      19      21         
 21      19      17                       2               2      15  15  15      17      19      21         
 21      19      17                       2               2      15      15      17      19      21         
 21  21  -1  22  -2   5   5   5   5   5  -1   6   6   6  -2   7  -1   8  -2   9  -1  10  -2  11  -1  12  12 
         18      18                       3               1      14      16      16      20      20      12 
         18      18                       3               1      14      16      16      20  20  20      12 
         18      18                       3               1      14      16      16                      12 
         18  18  18                       3               1      14      16      16                      12 
                                          3               1      14      16      16                      12 
                                          3               1      14      16  16  16                      12 
                                          3               1      14                                      12 
                         12  12  12  12  -2  13  13       1      14                                      12 
                         12               4      13       1      14                                      12 
                         12      14  14  -1  13  13       1      14                                      12 
                         12      14       1               1      14                                      12 
                         12      14       1   1   1   1   1      14                                      12 
                         12      14                              14                                      12 
                         12      14  14  14  14  14  14  14  14  14                                      12 
                         12                                                                              12 
                         12  12  12  12  12  12  12  12  12  12  12  12  12  12  12  12  12  12  12  12  12 
