  8   8   8   8   8   8   8   8   8   8   8   8   8   8   8   8   8   8   8   8   8   8   8   8   8 
  8                                                                                               8 
  8                              19  19  19  19  19  19  19  19  19  19  19                       8 
  8                              19                                      19                       8 
  8                              19      12  12  12  12  12  12  12      19                       8 
  8                              19      12                      12      19                       8 
  8                              19      12      14  14  14      12      19                       8 
  8                              19      12      14      14      12      19                       8 
  8                              19      12      14      14      12      19      17  17  17       8 
  8                              19      12      14      14      12      19      17      17       8 
  8              21  21  21      19      12      14      14      12      19      17      17       8 
  8              21      21      19      12      14      14      12      19      17      17       8 
  8   8   8   8  -2   9  -1  10  -2   1  -1   2  -2   3  -1   4  -2   5  -1   6  -2   7  -1   8   8 
                 22      20      20      13      13      15      11      18      18      16         
                 22      20  20  20      13      13      15      11      18      18      16         
                 22                      13      13      15      11      18      18      16         
                 22                      13      13      15      11      18  18  18      16         
                 22                      13      13      15      11                      16         
                 22                      13  13  13      15      11                      16         
                 22                                      15      11                      16         
         16  16  -1  15  15  15  15  15  15  15  15  15  15      11                      16         
         16      11                                              11                      16         
         16      11  11  11  11  11  11  11  11  11  11  11  11  11                      16         
         16                                                                              16         
         16  16  16  16  16  16  16  16  16  16  16  16  16  16  16  16  16  16  16  16  16         
