  8   8   8   8   8   8   8   8   8   8   8   8   8   8   8   8   8   8   8   8   8   8   8   8   8   8   8   8   8 
  8                                                                                                               8 
  8              10  10  10  10  10                                                                               8 
  8              10              10                                                                               8 
  8              10              10      12  12  12                                                               8 
  8              10              10      12      12                                                               8 
  8              10              10      12      12              16  16  16  16  16  16  16                       8 
  8              10              10      12      12              16                      16                       8 
  8              10              10      12      12              16                      16      18  18  18       8 
  8              10              10      12      12              16                      16      18      18       8 
  8   8   8   8  -2   1   1   1  -1   2  -2   3  -1   4   4   4  -2   5   5   5   5   5  -1   6  -2   7  -1   8   8 
                  9              11      11      13              15                      17      17      19         
                  9              11      11      13              15                      17  17  17      19         
                  9              11      11      13              15                                      19         
                  9              11  11  11      13              15                                      19         
                  9                              13              15                                      19         
         19  19  -1  20  20                      13      21  21  -1  22  22  22  22                      19         
         19      22      20                      13      21      14              22                      19         
         19      22      20                      13      21  21  -2  20  20      22                      19         
         19      22      20                      13              13      20      22                      19         
         19      22      20                      13  13  13  13  13      20      22                      19         
         19      22      20                                              20      22                      19         
         19      22      20  20  20  20  20  20  20  20  20  20  20  20  20      22                      19         
         19      22                                                              22                      19         
         19      22  22  22  22  22  22  22  22  22  22  22  22  22  22  22  22  22                      19         
         19                                                                                              19         
         19  19  19  19  19  19  19  19  19  19  19  19  19  19  19  19  19  19  19  19  19  19  19  19  19         
