 21  21  21  21  21  21  21  21  21  21  21  21  21  21  21  21  21  21  21  21  21  21  21         
 21                                                                                      21         
 21       5   5   5   5   5   5   5   5   5   5   5   5   5   5   5   5   5   5   5      21         
 21       5                                                                       5      21         
 21       5      18  18  18  18  18  18  18  18  18  18  18  18  18  18  18       5      21         
 21       5      18                                                      18       5      21         
 21       5   5  -2   4   4   4   4   4   4   4   4   4   4   4   4      18       5      21         
 21              17                                               4      18       5      21         
 21              17                               2   2   2       4      18       5      21         
 21              17                               2       2       4      18       5      21         
 21              17      15  15  15               2       2       4      18       5      21         
 21              17      15      15               2       2       4      18       5      21         
 21  21  21  21  -1  22  -2   7  -1   8   8   8  -2   9  -1  10  -2  11  -1  12  -2  13  -1  14  14 
                 16      16      14               1       3       3      19       6      20      14 
                 16  16  16      14               1       3       3      19       6      20      14 
                                 14               1       3       3      19       6      20      14 
                                 14               1       3   3   3      19       6      20      14 
                                 14               1                      19       6      20      14 
                                 14      20  20  -1  19  19  19  19  19  19       6      20      14 
                                 14      20       6                               6      20      14 
                                 14      20       6   6   6   6   6   6   6   6   6      20      14 
                                 14      20                                              20      14 
                                 14      20  20  20  20  20  20  20  20  20  20  20  20  20      14 
                                 14                                                              14 
                                 14  14  14  14  14  14  14  14  14  14  14  14  14  14  14  14  14 
