                                 22  22  22  22  22  22  22  22  22  22  22  22  22  22  22  22  22  22  22  22  22  22  22 
                                 22                                                                                      22 
                                 22      15  15  15  15  15  15  15  15  15  15  15  15  15  15  15  15  15  15  15      22 
                                 22      15                                                                      15      22 
                                 22      15       3   3   3   3   3   3   3   3   3   3   3   3   3   3   3      15      22 
                                 22      15       3                                                       3      15      22 
                                 22      15       3                               6   6   6   6   6       3      15      22 
                                 22      15       3                               6               6       3      15      22 
                                 22      15       3      13  13  13  13  13       6               6       3      15      22 
                                 22      15       3      13              13       6               6       3      15      22 
                                 22      15       3   3  -1   4   4   4  -2   1  -1   2   2   2  -2   3   3      15      22 
                                 22      15              12              14       7               5              15      22 
                                 22      15  15  15  15  -2  14  14  14  14       7      16  16  -1  15  15  15  15      22 
                                 22                      11                       7      16      22                      22 
                                 22                      11                       7      16      22  22  22  22  22  22  22 
                                 22                      11                       7      16                                 
 16  16  16  16  16  16  16  16  -2  17  17  17  17  17  -1  18  18               7      16                                 
 16                              21                      10      18               7      16                                 
 16              19  19  19      21                      10      18               7      16                                 
 16              19      19      21                      10      18               7      16                                 
 16       7   7  -1   8  -2   9  -1  10  10  10  10  10  10      18               7      16                                 
 16       7      18      20      20                              18               7      16                                 
 16       7      18      20  20  20                              18               7      16                                 
 16       7      18                                              18               7      16                                 
 16       7      18  18  18  18  18  18  18  18  18  18  18  18  18               7      16                                 
 16       7                                                                       7      16                                 
 16       7   7   7   7   7   7   7   7   7   7   7   7   7   7   7   7   7   7   7      16                                 
 16                                                                                      16                                 
 16  16  16  16  16  16  16  16  16  16  16  16  16  16  16  16  16  16  16  16  16  16  16                                 
