 21  21  21  21  21  21  21  21  21  21  21  21  21  21  21  21  21  21  21  21  21  21  21  21  21  21  21                 
 21                                                                                                      21                 
 21       9   9   9   9   9   9   9   9   9   9   9   9   9   9   9   9   9   9   9   9   9              21                 
 21       9                                                                               9              21                 
 21       9                                      11  11  11  11  11  11  11  11  11       9              21                 
 21       9                                      11                              11       9              21                 
 21       9                                      11       4   4   4   4   4      11       9              21                 
 21       9                                      11       4               4      11       9              21                 
 21       9                                      11  11  -1  12  12  12  -2  13  -1  14  -2  15  15  15  -1  16  16  16  16 
 21       9                                               1               3      10      10              20              16 
 21       9                                               1               3      10  10  10              20              16 
 21       9                                               1               3                              20              16 
 21       9      18  18  18  18  18                       1               3                              20              16 
 21       9      18              18                       1               3                              20              16 
 21       9   9  -2   8   8   8  -1   7   7   7   7   7  -2   6   6       3                       5   5  -2  22  22      16 
 21              17              19                       2       6       3                       5      19      22      16 
 21  21  21  21  -1  22  22      19       5   5   5   5  -1   6   6       3                       5      19      22      16 
                 16      22      19       5               3               3                       5      19      22      16 
                 16      22      19       5               3   3   3   3   3                       5      19      22      16 
                 16      22      19       5                                                       5      19      22      16 
                 16      22      19       5   5   5   5   5   5   5   5   5   5   5   5   5   5   5      19      22      16 
                 16      22      19                                                                      19      22      16 
                 16      22      19  19  19  19  19  19  19  19  19  19  19  19  19  19  19  19  19  19  19      22      16 
                 16      22                                                                                      22      16 
                 16      22  22  22  22  22  22  22  22  22  22  22  22  22  22  22  22  22  22  22  22  22  22  22      16 
                 16                                                                                                      16 
                 16  16  16  16  16  16  16  16  16  16  16  16  16  16  16  16  16  16  16  16  16  16  16  16  16  16  16 
