                         22  22  22  22  22  22  22  22  22  22  22  22  22  22  22  22  22  22  22  22  22  22  22 
                         22                                                                                      22 
                         22      18  18  18  18  18  18  18  18  18  18  18  18  18  18  18  18  18  18  18      22 
                         22      18                                                                      18      22 
                         22      18               3   3   3   3   3   3   3   3   3   3   3   3   3      18      22 
                         22      18               3                                               3      18      22 
                         22      18               3                       6   6   6   6   6       3      18      22 
                         22      18               3                       6               6       3      18      22 
                         22      18               3      11  11  11       6               6       3      18      22 
                         22      18               3      11      11       6               6       3      18      22 
                         22  22  -1  21  21       3   3  -1   4  -2   1  -1   2   2   2  -2   3   3      18      22 
                                 19      21              10      12       7               5              18      22 
          8   8   8              19      21              10      12       7               5              18      22 
          8       8              19      21              10      12       7               5              18      22 
 17  17  -2  16  -1  15  15  15  -2  14  -1  13  13  13  -2  12  12       7      17  17  -1  18  18  18  18      22 
 17       7       9              20      20               9               7      17      22                      22 
 17       7       9              20      20               9               7      17      22  22  22  22  22  22  22 
 17       7       9              20      20               9               7      17                                 
 17       7       9              20  20  20               9               7      17                                 
 17       7       9                                       9               7      17                                 
 17       7       9   9   9   9   9   9   9   9   9   9   9               7      17                                 
 17       7                                                               7      17                                 
 17       7   7   7   7   7   7   7   7   7   7   7   7   7   7   7   7   7      17                                 
 17                                                                              17                                 
 17  17  17  17  17  17  17  17  17  17  17  17  17  17  17  17  17  17  17  17  17                                 
