  2   2   2   2   2   2   2   2   2   2   2   2   2   2   2   2   2   2   2   2   2   2   2                         
  2                                                                                       2                         
  2              11  11  11  11  11  11  11  11  11  11  11  11  11  11  11  11  11       2                         
  2              11                                                              11       2                         
  2      22  22  -1  21  21  21  21  21  21  21  21  21  21  21  21  21  21      11       2                         
  2      22      10                                                      21      11       2                         
  2      22      10                      13  13  13  13  13  13  13      21      11       2                         
  2      22      10                      13                      13      21      11       2                         
  2      22  22  -2  13  13  13  13  13  13              20  20  -2  21  21      11       2                         
  2               9                                      20      14              11       2                         
  2               9      20  20  20  20  20  20  20  20  20      14              11       2                         
  2               9      20                                      14              11       2                         
  2               9      20      16  16  16  16  16              14              11       2                         
  2               9      20      16              16              14              11       2                         
  2   2   2   2  -1   1  -2   6  -1   5   5   5  -2   4   4   4  -1   3   3   3  -2   2   2                         
                  8      19      17              15              15              12                                 
                  8      19      17              15  15  15  15  15              12                                 
                  8      19      17                                              12                                 
                  8      19      17                                              12               8   8   8   8   8 
                  8      19      17                                              12               8               8 
                  8      19      17  17  17  17  17  17  17  17  17  17  17  17  -1  18  18  18  -2  19  19       8 
                  8      19                                                       7               7      19       8 
                  8      19                                                       7   7   7   7   7      19       8 
                  8      19                                                                              19       8 
                  8      19  19  19  19  19  19  19  19  19  19  19  19  19  19  19  19  19  19  19  19  19       8 
                  8                                                                                               8 
                  8   8   8   8   8   8   8   8   8   8   8   8   8   8   8   8   8   8   8   8   8   8   8   8   8 
