                         12  12  12  12  12  12  12  12  12  12  12  12  12  12  12  12  12  12  12  12  12  12  12 
                         12                                                                                      12 
                         12      19  19  19  19  19  19  19  19  19  19  19  19  19  19  19  19  19  19  19      12 
                         12      19                                                                      19      12 
                         12      19       2   2   2   2   2   2   2   2   2   2   2   2   2   2   2      19      12 
                         12      19       2                                                       2      19      12 
                         12      19       2               6   6   6                               2      19      12 
                         12      19       2               6       6                               2      19      12 
                         12      19       2               6       6      16  16  16  16  16       2      19      12 
                         12      19       2               6       6      16              16       2      19      12 
                         12      19  19  -1  20  20  20  -2  21  -1  22  -2   9   9   9  -1  10  -2  11  -1  12  12 
                         12               3               5       7      15              17       1      18         
                         12  12  12  12  -2  13  13       5       7      15       8   8  -2   1   1      18         
                                          4      13       5       7      15       8      18              18         
                                          4      13       5       7      15       8      18  18  18  18  18         
                                          4      13       5       7      15       8                                 
  8   8   8   8   8                       4      13       5       7      15       8                                 
  8               8                       4      13       5       7      15       8                                 
  8      15  15  -2  14  14  14  14  14  -1  13  13       5       7      15       8                                 
  8      15       7                       5               5       7      15       8                                 
  8      15       7                       5   5   5   5   5       7      15       8                                 
  8      15       7                                               7      15       8                                 
  8      15       7   7   7   7   7   7   7   7   7   7   7   7   7      15       8                                 
  8      15                                                              15       8                                 
  8      15  15  15  15  15  15  15  15  15  15  15  15  15  15  15  15  15       8                                 
  8                                                                               8                                 
  8   8   8   8   8   8   8   8   8   8   8   8   8   8   8   8   8   8   8   8   8                                 
