                  9   9   9   9   9   9   9   9   9   9   9   9   9   9   9   9   9   9   9   9   9   9   9   9   9   9   9   9   9   9   9 
                  9                                                                                                                       9 
                  9      15  15  15  15  15  15  15  15  15  15  15  15  15  15  15  15  15  15  15  15  15  15  15  15  15  15  15       9 
                  9      15                                                                                                      15       9 
                  9      15      17  17  17  17  17  17  17  17  17  17  17  17  17  17  17  17  17  17  17  17  17  17  17      15       9 
                  9      15      17                                                                                      17      15       9 
                  9      15      17      11  11  11  11  11  11  11  11  11  11  11  11  11  11  11  11  11  11  11      17      15       9 
                  9      15      17      11                                                                      11      17      15       9 
                  9      15      17      11      13  13  13  13  13  13  13  13  13  13  13  13  13  13  13      11      17      15       9 
                  9      15      17      11      13                                                      13      11      17      15       9 
                  9      15      17      11      13      19  19  19  19  19  19  19  19  19  19  19      13      11      17      15       9 
                  9      15      17      11      13      19                                      19      13      11      17      15       9 
         16  16  -1  15  15      17      11      13      19                              14  14  -1  13  13      11      17      15       9 
         16       8              17      11      13      19                              14      18              11      17      15       9 
         16       8              17      11      13      19      10  10  10  10  10      14      18              11      17      15       9 
         16       8              17      11      13      19      10              10      14      18              11      17      15       9 
         16  16  -2  17  17  17  17      11      13      19  19  -1  20  20  20  -2  21  -1  22  -2  11  11  11  11      17      15       9 
                  7                      11      13               5               9      15      17                      17      15       9 
                  7                      11      13               5               9      15      17  17  17  17  17  17  17      15       9 
                  7                      11      13               5               9      15                                      15       9 
                  7                      11      13               5               9      15  15  15  15  15  15  15  15  15  15  15       9 
                  7                      11      13               5               9                                                       9 
                  7                      11      13               5               9   9   9   9   9   9   9   9   9   9   9   9   9   9   9 
                  7                      11      13               5                                                                         
  2   2   2   2  -1   1   1   1   1   1  -2   4  -1   3   3   3  -2   2   2                                                                 
  2               6                      12      12               6       2                                                                 
  2               6                      12  12  12               6       2                                                                 
  2               6                                               6       2                                                                 
  2               6   6   6   6   6   6   6   6   6   6   6   6   6       2                                                                 
  2                                                                       2                                                                 
  2   2   2   2   2   2   2   2   2   2   2   2   2   2   2   2   2   2   2                                                                 
