  6   6   6   6   6   6   6   6   6   6   6   6   6   6   6   6   6   6   6   6   6   6   6   6   6 
  6                                                                                               6 
  6      17  17  17  17  17  17  17  17  17  17  17  17  17  17  17  17  17  17  17  17  17       6 
  6      17                                                                              17       6 
  6      17                                              12  12  12  12  12  12  12      17       6 
  6      17                                              12                      12      17       6 
  6      17                                              12      14  14  14      12      17       6 
  6      17                                              12      14      14      12      17       6 
  6      17      19  19  19                              12      14      14      12      17       6 
  6      17      19      19                              12      14      14      12      17       6 
  6      17      19      19      21  21  21  21  21      12      14      14      12      17       6 
  6      17      19      19      21              21      12      14      14      12      17       6 
  6   6  -2   7  -1   8  -2   9  -1  10  10  10  -2   1  -1   2  -2   3  -1   4  -2   5  -1   6   6 
         18      18      20      20              22      13      13      15      11      16         
         18      18      20  20  20              22      13      13      15      11      16         
         18      18                              22      13      13      15      11      16         
         18  18  18                              22      13      13      15      11      16         
                                                 22      13      13      15      11      16         
                                                 22      13  13  13      15      11      16         
                                                 22                      15      11      16         
                                         16  16  -1  15  15  15  15  15  15      11      16         
                                         16      11                              11      16         
                                         16      11  11  11  11  11  11  11  11  11      16         
                                         16                                              16         
                                         16  16  16  16  16  16  16  16  16  16  16  16  16         
