                                                 18  18  18  18  18  18  18  18  18  18  18  18  18  18  18  18  18  18  18  18  18  18  18 
                                                 18                                                                                      18 
                                                 18      10  10  10  10  10  10  10  10  10  10  10  10  10  10  10  10  10  10  10      18 
                                                 18      10                                                                      10      18 
                                                 18      10       3   3   3   3   3   3   3   3   3   3   3   3   3   3   3      10      18 
                                                 18      10       3                                                       3      10      18 
                                                 18      10       3                               6   6   6   6   6       3      10      18 
                                                 18      10       3                               6               6       3      10      18 
  9   9   9   9   9   9   9   9   9   9   9      18      10       3                               6               6       3      10      18 
  9                                       9      18      10       3                               6               6       3      10      18 
  9                                       9      18      10       3      13  13  13  13  13       6               6       3      10      18 
  9                                       9      18      10       3      13              13       6               6       3      10      18 
  9              15  15  15  15  15       9      18      10       3      13              13       6               6       3      10      18 
  9              15              15       9      18      10       3      13              13       6               6       3      10      18 
  9       7   7  -1   8   8   8  -2   9   9      18      10       3   3  -1   4   4   4  -2   1  -1   2   2   2  -2   3   3      10      18 
  9       7      14              16              18      10              12              14       7               5              10      18 
  9       7      14      21  21  -1  22  22  22  -2  19  -1  20  20  20  -2  21  21      14       7       9   9  -1  10  10  10  10      18 
  9       7      14      21      17              17      11              11      21      14       7       9      18                      18 
  9       7      14      21      17              17      11              11      21      14       7       9      18  18  18  18  18  18  18 
  9       7      14      21      17              17      11              11      21      14       7       9                                 
  9       7      14      21      17  17  17  17  17      11              11      21      14       7       9                                 
  9       7      14      21                              11              11      21      14       7       9                                 
  9       7      14      21                              11  11  11  11  11      21      14       7       9                                 
  9       7      14      21                                                      21      14       7       9                                 
  9       7      14      21  21  21  21  21  21  21  21  21  21  21  21  21  21  21      14       7       9                                 
  9       7      14                                                                      14       7       9                                 
  9       7      14  14  14  14  14  14  14  14  14  14  14  14  14  14  14  14  14  14  14       7       9                                 
  9       7                                                                                       7       9                                 
  9       7   7   7   7   7   7   7   7   7   7   7   7   7   7   7   7   7   7   7   7   7   7   7       9                                 
  9                                                                                                       9                                 
  9   9   9   9   9   9   9   9   9   9   9   9   9   9   9   9   9   9   9   9   9   9   9   9   9   9   9                                 
