  8   8   8   8   8   8   8   8   8   8   8   8   8   8   8   8   8   8   8   8   8   8   8   8   8 
  8                                                                                               8 
  8      19  19  19  19  19  19  19  19  19  19  19  19  19  19  19  19  19  19  19  19  19       8 
  8      19                                                                              19       8 
  8      19      21  21  21  21  21  21  21  21  21  21  21  21  21  21  21  21  21      19       8 
  8      19      21                                                              21      19       8 
  8      19      21      14  14  14  14  14  14  14  14  14                      21      19       8 
  8      19      21      14                              14                      21      19       8 
  8      19      21      14      12  12  12  12  12      14                      21      19       8 
  8      19      21      14      12              12      14                      21      19       8 
  8      19      21      14      12              12      14      16  16  16      21      19       8 
  8      19      21      14      12              12      14      16      16      21      19       8 
  8   8  -2   9  -1  10  -2   1  -1   2   2   2  -2   3  -1   4  -2   5  -1   6  -2   7  -1   8   8 
         20      20      13      13              11      15      15      17      22      18         
         20  20  20      13      13              11      15      15      17      22      18         
                         13      13              11      15      15      17      22      18         
                         13      13              11      15  15  15      17      22      18         
                         13      13              11                      17      22      18         
                         13  13  13              11                      17      22      18         
                                                 11                      17      22      18         
                                         18  18  -1  17  17  17  17  17  17      22      18         
                                         18      22                              22      18         
                                         18      22  22  22  22  22  22  22  22  22      18         
                                         18                                              18         
                                         18  18  18  18  18  18  18  18  18  18  18  18  18         
