  3   3   3   3   3   3   3   3   3   3   3   3   3                                                 
  3                                               3                                                 
  3      12  12  12  12  12  12  12  12  12  12  -1  11  11  11  11  11  11  11  11  11  11  11  11 
  3      12                                       2                                              11 
  3      12  12  12  12  12  12  12  12  12  12  -2  13  13  13  13  13  13  13  13  13  13      11 
  3                                               1                                      13      11 
  3                      17  17  17  17  17  17  -1  18  18  18  18                      13      11 
  3                      17                      10              18                      13      11 
  3                      17      19  19  19  19  -2  18  18  18  18                      13      11 
  3                      17      19               9                                      13      11 
  3                      17      19  19  19  19  -1  20  20                              13      11 
  3                      17                       8      20                              13      11 
  3                      17              21  21  -2  20  20                              13      11 
  3                      17              21       7                                      13      11 
  3                      17              21  21  -1  22  22  22  22  22  22  22  22      13      11 
  3                      17                       6                              22      13      11 
  3                      17  17  17  17  17  17  -2  16  16  16  16  16  16      22      13      11 
  3                                               5                      16      22      13      11 
  3              15  15  15  15  15  15  15  15  -1  16  16  16  16  16  16      22      13      11 
  3              15                               4                              22      13      11 
  3              15  15  15  15  15  15  15  15  -2  14  14  14  14  14  14  14  -1  13  13      11 
  3                                               3                              11              11 
  3                                               3                              11  11  11  11  11 
  3                                               3                                                 
  3   3   3   3   3   3   3   3   3   3   3   3   3                                                 
