         19  19  19  19  19  19  19  19  19  19  19  19  19  19  19  19  19  19  19  19  19  19  19  19  19         
         19                                                                                              19         
         19      21  21  21  21  21  21  21  21  21  21  21  21  21  21  21  21  21  21  21  21  21      19         
         19      21                                                                              21      19         
         19      21      11  11  11  11  11  11  11  11  11  11  11                              21      19         
         19      21      11                                      11                              21      19         
         19      21      11                                      11      13  13  13  13  13      21      19         
         19      21      11                                      11      13              13      21      19         
         19      21  21  -1  22  22  22  22  22  22  22  22      11      13      20  20  -2  21  21      19         
         19              10                              22      11      13      20      14              19         
         19              10      18  18  18  18  18      22      11      13      20      14              19         
         19              10      18              18      22      11      13      20      14              19         
         19  19  19  19  -2  18  18      15  15  -2  22  22      11      13      20  20  -1  19  19  19  19         
                          9              15      17              11      13               7                         
  2   2   2   2   2   2  -1   1   1   1  -2   6  -1   5   5   5  -2   4  -1   3   3   3  -2   2   2   2   2   2   2 
  2                       8              16      16              12      12               8                       2 
  2                       8              16  16  16              12      12               8                       2 
  2                       8                                      12      12               8                       2 
  2                       8                                      12  12  12               8                       2 
  2                       8                                                               8                       2 
  2                       8   8   8   8   8   8   8   8   8   8   8   8   8   8   8   8   8                       2 
  2                                                                                                               2 
  2   2   2   2   2   2   2   2   2   2   2   2   2   2   2   2   2   2   2   2   2   2   2   2   2   2   2   2   2 
