                          9   9   9   9   9   9   9   9   9   9   9   9   9   9   9   9   9   9   9         
                          9                                                                       9         
                          9              21  21  21  21  21  21  21  21  21  21  21               9         
                          9              21                                      21               9         
                          9              21      14  14  14  14  14  14  14      21               9         
                          9              21      14                      14      21               9         
                          9              21      14              20  20  -2  21  21               9         
                          9              21      14              20      13                       9         
                          9              21      14              20  20  -1  19  19  19  19       9         
                          9              21      14                      12              19       9         
                          9              21      14      18  18  18  18  -2  19  19  19  19       9         
                          9              21      14      18              11                       9         
  2   2   2   2   2   2  -1   1   1   1  -2   6  -1   5  -2   4   4   4  -1   3   3   3   3   3  -2   2   2 
  2                       8              22      15      17              10                      10       2 
  2                       8              22      15      17              10  10  10  10  10  10  10       2 
  2                       8              22      15      17                                               2 
  2      17  17  17  17  -2  16  16      22      15      17                                               2 
  2      17               7      16      22      15      17                                               2 
  2      17      15  15  -1  16  16      22      15      17                                               2 
  2      17      15      22              22      15      17                                               2 
  2      17      15      22  22  22  22  22      15      17                                               2 
  2      17      15                              15      17                                               2 
  2      17      15  15  15  15  15  15  15  15  15      17                                               2 
  2      17                                              17                                               2 
  2      17  17  17  17  17  17  17  17  17  17  17  17  17                                               2 
  2                                                                                                       2 
  2   2   2   2   2   2   2   2   2   2   2   2   2   2   2   2   2   2   2   2   2   2   2   2   2   2   2 
