                          1   1   1   1   1   1   1   1   1   1   1   1   1   1   1   1   1   1   1   1   1   1   1   1   1 
                          1                                                                                               1 
                          1       3   3   3   3   3   3   3   3   3   3   3   3   3   3   3   3   3   3   3   3   3       1 
                          1       3                                                                               3       1 
                          1       3      19  19  19  19  19  19  19  19  19  19  19                               3       1 
                          1       3      19                                      19                               3       1 
                          1       3      19      14  14  14  14  14  14  14      19                               3       1 
                          1       3      19      14                      14      19                               3       1 
                          1       3      19      14      18  18  18  18  -2  19  19                               3       1 
                          1       3      19      14      18              13                                       3       1 
                          1       3      19      14      18       4   4  -1   3   3   3   3   3   3   3   3   3   3       1 
                          1       3      19      14      18       4      12                                               1 
                          1       3      19      14      18       4   4  -2   1   1   1   1   1   1   1   1   1   1   1   1 
                          1       3      19      14      18              11                                                 
                          1       3      19      14      18  18  18  18  -1  17  17  17  17  17  17  17  17                 
                          1       3      19      14                      22                              17                 
 17  17  17  17  17       1       3      19      14                      22                              17                 
 17              17       1       3      19      14                      22                              17                 
 17       8   8  -1   7  -2   6  -1   5  -2  10  -1   9   9   9   9   9  -2   8   8   8   8   8   8      17                 
 17       8      16       2       2      20      15                      21                       8      17                 
 17       8      16       2   2   2      20      15                      21                       8      17                 
 17       8      16                      20      15                      21                       8      17                 
 17       8      16                      20      15  15  15  15  15  15  -1  16  16  16  16       8      17                 
 17       8      16                      20                              20              16       8      17                 
 17       8      16                      20  20  20  20  20  20  20  20  20              16       8      17                 
 17       8      16                                                                      16       8      17                 
 17       8      16  16  16  16  16  16  16  16  16  16  16  16  16  16  16  16  16  16  16       8      17                 
 17       8                                                                                       8      17                 
 17       8   8   8   8   8   8   8   8   8   8   8   8   8   8   8   8   8   8   8   8   8   8   8      17                 
 17                                                                                                      17                 
 17  17  17  17  17  17  17  17  17  17  17  17  17  17  17  17  17  17  17  17  17  17  17  17  17  17  17                 
