                                 17  17  17  17  17  17  17  17  17  17  17  17  17  17  17  17  17  17  17  17  17  17  17  17  17  17  17  17  17 
                                 17                                                                                                              17 
                                 17      16  16  16  16  16  16  16  16  16  16  16  16  16  16  16  16  16  16  16  16  16  16  16  16  16      17 
                                 17      16                                                                                              16      17 
                                 17      16      18  18  18  18  18  18  18  18  18  18  18  18  18  18  18  18  18  18  18  18  18      16      17 
                                 17      16      18                                                                              18      16      17 
                                 17      16      18       3   3   3   3   3   3   3   3   3   3   3   3   3   3   3   3   3      18      16      17 
                                 17      16      18       3                                                               3      18      16      17 
                                 17      16      18       3                                       6   6   6   6   6       3      18      16      17 
                                 17      16      18       3                                       6               6       3      18      16      17 
                                 17      16      18       3      11  11  11  11  11  11  11       6               6       3      18      16      17 
                                 17      16      18       3      11                      11       6               6       3      18      16      17 
                                 17      16      18       3   3  -1   4   4   4   4   4  -2   1  -1   2   2   2  -2   3   3      18      16      17 
                                 17      16      18              10                      12       7               5              18      16      17 
                                 17      16      18  18  18  18  -2  19  19  19  19      12       7      17  17  -1  18  18  18  18      16      17 
                                 17      16                       9              19      12       7      17      16                      16      17 
                                 17      16                       9              19      12       7      17      16  16  16  16  16  16  16      17 
                                 17      16                       9              19      12       7      17                                      17 
                                 17      16                       9              19      12       7      17  17  17  17  17  17  17  17  17  17  17 
                                 17      16                       9              19      12       7                                                 
                                 17  17  -2  22  22  22  22  22  -1  21  21      19      12       7                                                 
                                         15                       8      21      19      12       7                                                 
  7   7   7   7   7   7   7   7   7   7  -1   8   8   8   8   8   8      21      19      12       7                                                 
  7                                      14                              21      19      12       7                                                 
  7      12  12  12  12  12              14                              21      19      12       7                                                 
  7      12              12              14                              21      19      12       7                                                 
  7      12      19  19  -1  20  20  20  -2  21  21  21  21  21  21  21  21      19      12       7                                                 
  7      12      19      13              13                                      19      12       7                                                 
  7      12      19      13  13  13  13  13                                      19      12       7                                                 
  7      12      19                                                              19      12       7                                                 
  7      12      19  19  19  19  19  19  19  19  19  19  19  19  19  19  19  19  19      12       7                                                 
  7      12                                                                              12       7                                                 
  7      12  12  12  12  12  12  12  12  12  12  12  12  12  12  12  12  12  12  12  12  12       7                                                 
  7                                                                                               7                                                 
  7   7   7   7   7   7   7   7   7   7   7   7   7   7   7   7   7   7   7   7   7   7   7   7   7                                                 
