 15  15  15  15  15  15  15  15  15  15  15  15  15  15  15  15  15  15  15  15  15  15  15  15  15  15  15  15  15  15  15 
 15                                                                                                                      15 
 15                                                               3   3   3   3   3   3   3   3   3   3   3   3   3      15 
 15                                                               3                                               3      15 
 15                                                               3                       6   6   6   6   6       3      15 
 15                                                               3                       6               6       3      15 
 15                                                               3      11  11  11       6               6       3      15 
 15                                                               3      11      11       6               6       3      15 
 15                                                               3   3  -1   4  -2   1  -1   2   2   2  -2   3   3      15 
 15                                                                      10      12       7               5              15 
 15      21  21  21  21  21  21  21  21  21                              10      12       7               5              15 
 15      21                              21                              10      12       7               5              15 
 15  15  -2  14  14  14  14  14  14  14  -1  13  13  13  13  13  13  13  -2  12  12       7      16  16  -1  15  15  15  15 
         22                              20                               9               7      16      22                 
         22      16  16  16  16  16  16  -2  17  17  17  17               9               7      16      22                 
         22      16                      19              17               9               7      16      22                 
         22      16       7   7   7   7  -1   8   8      17               9               7      16      22                 
         22      16       7              18       8      17               9               7      16      22                 
         22      16       7       9   9  -2   8   8      17               9               7      16      22                 
         22      16       7       9      17              17               9               7      16      22                 
         22      16       7       9      17  17  17  17  17               9               7      16      22                 
         22      16       7       9                                       9               7      16      22                 
         22      16       7       9   9   9   9   9   9   9   9   9   9   9               7      16      22                 
         22      16       7                                                               7      16      22                 
         22      16       7   7   7   7   7   7   7   7   7   7   7   7   7   7   7   7   7      16      22                 
         22      16                                                                              16      22                 
         22      16  16  16  16  16  16  16  16  16  16  16  16  16  16  16  16  16  16  16  16  16      22                 
         22                                                                                              22                 
         22  22  22  22  22  22  22  22  22  22  22  22  22  22  22  22  22  22  22  22  22  22  22  22  22                 
