                         15  15  15  15  15  15  15  15  15  15  15  15  15  15  15  15  15         
                         15                                                              15         
         18  18  18  18  -1  17  17  17  17  17  17  17  17  17  17  17  17  17  17      15         
         18              14                                                      17      15         
         18  18  18  18  -2  19  19  19  19                                      17      15         
                         13              19                                      17      15         
                         13              19               7   7   7   7   7      17      15         
                         13              19               7               7      17      15         
                 21  21  -1  22  22  22  -2   5   5       7      16  16  -2  17  17      15         
                 21      12              20       5       7      16       8              15         
                 21      12      20  20  20       5       7      16       8              15         
                 21      12      20               5       7      16       8              15         
                 21      12      20       5   5   5       7      16       8              15         
                 21      12      20       5               7      16       8              15         
                 21  21  -2  20  20       5               7      16  16  -1  15  15  15  15         
                         11               5               7               9                         
  4   4   4   4   4   4  -1   3   3   3  -2   2   2   2  -1   1   1   1  -2   4   4   4   4   4   4 
  4                      10               6               6              10                       4 
  4                      10               6   6   6   6   6              10                       4 
  4                      10                                              10                       4 
  4                      10  10  10  10  10  10  10  10  10  10  10  10  10                       4 
  4                                                                                               4 
  4   4   4   4   4   4   4   4   4   4   4   4   4   4   4   4   4   4   4   4   4   4   4   4   4 
