                                 19  19  19  19  19  19  19  19  19  19  19  19  19  19  19  19  19                         
                                 19                                                              19                         
                                 19                              22  22  22  22  22  22  22      19                         
                                 19                              22                      22      19                         
                                 19                              22      20  20  20  20  -1  19  19                         
                                 19                              22      20              15                                 
  4   4   4   4   4   4   4      19                              22      20              15                                 
  4                       4      19                              22      20              15                                 
  4      10  10  10  10  -2  11  -1  12  12  12  12  12  12  12  -2  13  -1  14  14  14  -2   9   9   9   9   9   9   9   9 
  4      10               3      18                              21      21              16                               9 
  4      10               3      18                              21  21  21              16                               9 
  4      10               3      18                                                      16                               9 
  4      10               3      18  18  18  18  18  18  18                              16                               9 
  4      10               3                              18                              16                               9 
  4      10       6   6  -1   5   5   5   5   5   5      18                       8   8  -1   7   7   7   7   7   7       9 
  4      10       6       2                       5      18                       8      17                       7       9 
  4      10       6   6  -2   7   7   7   7       5      18                       8   8  -2   5   5   5   5       7       9 
  4      10               1               7       5      18                              18               5       7       9 
  4      10               1               7       5      18  18  18  18  18  18  18  18  18               5       7       9 
  4      10               1               7       5                                                       5       7       9 
  4      10               1               7       5   5   5   5   5   5   5   5   5   5   5   5   5   5   5       7       9 
  4      10               1               7                                                                       7       9 
  4      10               1               7   7   7   7   7   7   7   7   7   7   7   7   7   7   7   7   7   7   7       9 
  4      10               1                                                                                               9 
  4      10  10  10  10  -1   9   9   9   9   9   9   9   9   9   9   9   9   9   9   9   9   9   9   9   9   9   9   9   9 
  4                       4                                                                                                 
  4   4   4   4   4   4   4                                                                                                 
