         17  17  17  17  17  17  17  17  17  17  17  17  17  17  17  17  17  17  17         
         17                                                                      17         
         17                      13  13  13  13  13  13  13  13  13  13  13      17         
         17                      13                                      13      17         
         17       1   1   1   1  -2   4   4                              13      17         
         17       1              14       4                              13      17         
         17       1              14       4      20  20  20  20  20      13      17         
         17       1              14       4      20              20      13      17         
         17       1       3   3  -1   4   4      20      22  22  -2  13  13      17         
         17       1       3      15              20      22      19              17         
  8   8  -1   7  -2   6  -1   5  -2  12  12  12  -1  11  -2  10  -1   9   9   9  -2   8   8 
  8      16       2       2      16              21      21      18              18       8 
  8      16       2       2      16              21  21  21      18              18       8 
  8      16       2       2      16                              18              18       8 
  8      16       2       2      16                              18  18  18  18  18       8 
  8      16       2       2      16                                                       8 
  8      16       2   2   2      16                                                       8 
  8      16                      16                                                       8 
  8      16  16  16  16  16  16  16                                                       8 
  8                                                                                       8 
  8   8   8   8   8   8   8   8   8   8   8   8   8   8   8   8   8   8   8   8   8   8   8 
