         21  21  21  21  21  21  21  21  21  21  21  21  21  21  21  21  21  21  21  21  21  21  21         
         21                                                                                      21         
         21       5   5   5   5   5   5   5   5   5   5   5   5   5   5   5   5   5   5   5      21         
         21       5                                                                       5      21         
         21       5       3   3   3   3   3   3   3   3   3   3   3                       5      21         
         21       5       3                                       3                       5      21         
         21       5       3      18  18  18  18  18               3                       5      21         
         21       5       3      18              18               3                       5      21         
         21       5       3      18      16  16  -1  15  15  15  -2  14  14  14  14  14  -1  13  -2  12  12 
         21       5       3      18      16      19               4                      22      22      12 
         21       5       3      18      16      19               4                      22  22  22      12 
         21       5       3      18      16      19               4                                      12 
         21       5       3      18      16      19  19  19       4                                      12 
         21       5       3      18      16              19       4                                      12 
         21       5       3      18      16  16  16      19       4                                      12 
         21       5       3      18              16      19       4                                      12 
         21       5       3      18              16      19  19  -1  20  20  20  20                      12 
         21       5       3      18              16               1              20                      12 
 12  12  -1  11  -2  10  -1   9  -2   8   8   8  -1   7   7   7  -2   6   6      20                      12 
 12      20       6       2      17              17               2       6      20                      12 
 12      20       6       2      17  17  17  17  17               2       6      20                      12 
 12      20       6       2                                       2       6      20                      12 
 12      20       6       2   2   2   2   2   2   2   2   2   2   2       6      20                      12 
 12      20       6                                                       6      20                      12 
 12      20       6   6   6   6   6   6   6   6   6   6   6   6   6   6   6      20                      12 
 12      20                                                                      20                      12 
 12      20  20  20  20  20  20  20  20  20  20  20  20  20  20  20  20  20  20  20                      12 
 12                                                                                                      12 
 12  12  12  12  12  12  12  12  12  12  12  12  12  12  12  12  12  12  12  12  12  12  12  12  12  12  12 
