                                 12  12  12  12  12  12  12  12  12  12  12  12  12                         
                                 12                                              12                         
                                 12      14  14  14  14  14  14  14  14  14      12                         
                                 12      14                              14      12                         
                                 12      14       1   1   1   1   1      14      12                         
                                 12      14       1               1      14      12                         
                 19  19  19      12      14       1               1      14      12                         
                 19      19      12      14       1               1      14      12                         
 10  10  10  10  -2  11  -1  12  12      14       1      13  13  -1  14  14      12                         
 10              20      18              14       1      13       4              12                         
 10      17  17  -1  18  18              14       1      13  13  -2  12  12  12  12                         
 10      17      21                      14       1               3                                         
 10      17      21      14  14  14  14  14       1               3                                         
 10      17      21      14                       1               3                                         
 10      17      21      14                       1               3                      16  16  16  16  16 
 10      17      21      14                       1               3                      16              16 
 10  10  -1   9  -2   8  -1   7   7   7   7   7  -2   6   6   6  -1   5   5   5   5   5  -2  22  22      16 
         16      22      15                       2               2                      15      22      16 
         16      22      15                       2   2   2   2   2                      15      22      16 
         16      22      15                                                              15      22      16 
         16      22      15  15  15  15  15  15  15  15  15  15  15  15  15  15  15  15  15      22      16 
         16      22                                                                              22      16 
         16      22  22  22  22  22  22  22  22  22  22  22  22  22  22  22  22  22  22  22  22  22      16 
         16                                                                                              16 
         16  16  16  16  16  16  16  16  16  16  16  16  16  16  16  16  16  16  16  16  16  16  16  16  16 
