  4   4   4   4   4   4   4                                                                                                 
  4                       4                                                                                                 
  4                       4      19  19  19                                                                                 
  4                       4      19      19                                                                                 
  4                       4      19      19                      21  21  21                                                 
  4                       4      19      19                      21      21                                                 
  4      10  10  10  10  -2  11  -1  12  -2  13  13  13  13  13  -1  14  -2   9   9   9   9   9   9   9   9   9   9   9   9 
  4      10               3      18      20                      20      22                                               9 
  4      10               3      18      20  20  20  20  20  20  20      22                                               9 
  4      10               3      18                                      22                                               9 
  4      10               3      18  18  18  18  18  18  18              22                                               9 
  4      10               3                              18              22                                               9 
  4      10               3                              18              22       7   7   7   7   7   7   7   7   7       9 
  4      10               3                              18              22       7                               7       9 
  4      10               3                              18              22       7       5   5   5   5   5       7       9 
  4      10               3                              18              22       7       5               5       7       9 
  4      10       6   6  -1   5   5   5   5   5   5      18  18  18  18  -1  17  -2  16  -1  15  15       5       7       9 
  4      10       6       2                       5                      15       8       8      15       5       7       9 
  4      10       6       2                       5                      15       8   8   8      15       5       7       9 
  4      10       6       2                       5                      15                      15       5       7       9 
  4      10       6       2                       5                      15  15  15  15  15  15  15       5       7       9 
  4      10       6       2                       5                                                       5       7       9 
  4      10       6       2                       5   5   5   5   5   5   5   5   5   5   5   5   5   5   5       7       9 
  4      10       6       2                                                                                       7       9 
  4      10       6   6  -2   7   7   7   7   7   7   7   7   7   7   7   7   7   7   7   7   7   7   7   7   7   7       9 
  4      10               1                                                                                               9 
  4      10  10  10  10  -1   9   9   9   9   9   9   9   9   9   9   9   9   9   9   9   9   9   9   9   9   9   9   9   9 
  4                       4                                                                                                 
  4   4   4   4   4   4   4                                                                                                 
