 17  17  17  17  17  17  17  17  17  17  17  17  17  17  17  17  17  17  17  17  17                         
 17                                                                              17                         
 17      22  22  22  22  22  22  22  22  22  22  22  22  22  22  22  22  22      17                         
 17      22                                                              22      17                         
 17      22      18  18  18  18  18  18  18                              22      17                         
 17      22      18                      18                              22      17                         
 17      22  22  -2   9   9   9   9   9  -1  10  10                      22      17                         
 17              17                      19      10                      22      17                         
 17  17  17  17  17                      19      10                      22      17                         
                                         19      10                      22      17                         
                                         19      10      12  12  12      22      17                         
                                         19      10      12      12      22      17                         
                                         19      10      12      12      22      17      15  15  15         
                                         19      10      12      12      22      17      15      15         
                          8   8   8   8  -2   1  -1   2  -2   3  -1   4  -2   5  -1   6  -2   7  -1   8   8 
                          8              20      11      11      13      21      16      16      14       8 
                          8              20      11      11      13      21      16  16  16      14       8 
                          8              20      11      11      13      21                      14       8 
                          8              20      11  11  11      13      21                      14       8 
                          8              20                      13      21                      14       8 
                          8      14  14  -1  13  13  13  13  13  13      21                      14       8 
                          8      14      21                              21                      14       8 
                          8      14      21  21  21  21  21  21  21  21  21                      14       8 
                          8      14                                                              14       8 
                          8      14  14  14  14  14  14  14  14  14  14  14  14  14  14  14  14  14       8 
                          8                                                                               8 
                          8   8   8   8   8   8   8   8   8   8   8   8   8   8   8   8   8   8   8   8   8 
