                          1   1   1   1   1   1   1   1   1   1   1   1   1   1   1   1   1   1   1   1   1   1   1   1   1   1   1 
                          1                                                                                                       1 
                          1      15  15  15  15  15  15  15  15  15  15  15  15  15  15  15  15  15  15  15  15  15  15  15       1 
                          1      15                                                                                      15       1 
                          1      15      13  13  13  13  13  13  13  13  13  13  13  13  13  13  13  13  13  13  13      15       1 
                          1      15      13                                                                      13      15       1 
                          1      15      13       3   3   3   3   3   3   3   3   3   3   3   3   3   3   3      13      15       1 
                          1      15      13       3                                                       3      13      15       1 
                          1      15      13       3      12  12  12  12  12  12  12  12  12  12  12  12  -2  13  13      15       1 
                          1      15      13       3      12                                               4              15       1 
                          1      15      13       3      12      21  21  21  21  21                       4              15       1 
                          1      15      13       3      12      21              21                       4              15       1 
                          1      15      13       3      12  12  -1  11  11  11  -2  16  16  16  16  16  -1  15  15  15  15       1 
                          1      15      13       3              20              22                       1                       1 
                          1      15      13       3              20  20  20      22                       1                       1 
                          1      15      13       3                      20      22                       1                       1 
                          1      15      13       3   3   3   3   3      20      22                       1                       1 
                          1      15      13                       3      20      22                       1                       1 
                          1      15      13                       3      20      22                       1   1   1   1   1   1   1 
                          1      15      13                       3      20      22                                                 
                          1      15      13                       3      20  20  -1  19  19  19  19                                 
                          1      15      13                       3              17              19                                 
 19  19  19  19  19       1      15      13                       3              17              19                                 
 19              19       1      15      13                       3              17              19                                 
 19       8   8  -1   7  -2   6  -1   5  -2  10  10  10  10  10  -1   9   9   9  -2   8   8      19                                 
 19       8      18       2      14      14                       2              18       8      19                                 
 19       8      18       2      14  14  14                       2              18       8      19                                 
 19       8      18       2                                       2              18       8      19                                 
 19       8      18       2   2   2   2   2   2   2   2   2   2   2              18       8      19                                 
 19       8      18                                                              18       8      19                                 
 19       8      18  18  18  18  18  18  18  18  18  18  18  18  18  18  18  18  18       8      19                                 
 19       8                                                                               8      19                                 
 19       8   8   8   8   8   8   8   8   8   8   8   8   8   8   8   8   8   8   8   8   8      19                                 
 19                                                                                              19                                 
 19  19  19  19  19  19  19  19  19  19  19  19  19  19  19  19  19  19  19  19  19  19  19  19  19                                 
