                         18  18  18  18  18  18  18  18  18  18  18  18  18  18  18  18  18  18  18         
                         18                                                                      18         
                         18      14  14  14  14  14  14  14  14  14  14  14  14  14  14  14      18         
                         18      14                                                      14      18         
                         18      14              16  16  16  16  16  16  16  16  16      14      18         
                         18      14              16                              16      14      18         
                         18      14              16       1   1   1   1   1      16      14      18         
                         18      14              16       1               1      16      14      18         
                         18      14              16       1      15  15  -1  16  16      14      18         
                         18      14              16       1      15       4              14      18         
                         18      14              16       1      15  15  -2  14  14  14  14      18         
                         18      14              16       1               3                      18         
         21  21  21      18      14              16       1               3                      18         
         21      21      18      14              16       1               3                      18         
 12  12  -1  11  -2  10  -1   9  -2   8   8   8  -1   7  -2   6   6   6  -1   5   5   5   5   5  -2  12  12 
 12      20      22      19      13              17       2               2                      17      12 
 12      20      22      19      13              17       2   2   2   2   2                      17      12 
 12      20      22      19      13              17                                              17      12 
 12      20      22      19      13              17  17  17  17  17  17  17  17  17  17  17  17  17      12 
 12      20      22      19      13                                                                      12 
 12      20      22      19  19  -1  20  20                                                              12 
 12      20      22              22      20                                                              12 
 12      20      22  22  22  22  22      20                                                              12 
 12      20                              20                                                              12 
 12      20  20  20  20  20  20  20  20  20                                                              12 
 12                                                                                                      12 
 12  12  12  12  12  12  12  12  12  12  12  12  12  12  12  12  12  12  12  12  12  12  12  12  12  12  12 
