                                          5   5   5   5   5   5   5   5   5   5   5   5   5 
                                          5                                               5 
 14  14  14  14  14  14  14  14  14  14  -1  13  13                                       5 
 14                                       4      13                                       5 
 14                              12  12  -2  13  13                                       5 
 14                              12       3                                               5 
 14                              12  12  -1  11  11  11  11                               5 
 14                                       2              11                               5 
 14      10  10  10  10  10  10  10  10  -2  11  11  11  11                               5 
 14      10                               1                                               5 
 14      10      19  19  19  19  19  19  -1  20  20  20  20  20  20  20  20  20  20       5 
 14      10      19                       8                                      20       5 
 14      10      19      17  17  17  17  -2  16  16  16  16  16  16  16  16      20       5 
 14      10      19      17               7                              16      20       5 
 14      10  10  -1   9  -2  22  22  22  -1  21  21  21  21  21  21      16      20       5 
 14              18      18               6                      21      16      20       5 
 14              18  18  18               6                      21      16      20       5 
 14                                       6                      21      16      20       5 
 14  14  14  14  14  14  14  14  14  14  -2  15  15  15  15  15  -1  16  16      20       5 
                                          5                      20              20       5 
                                          5                      20  20  20  20  20       5 
                                          5                                               5 
                                          5   5   5   5   5   5   5   5   5   5   5   5   5 
