 15  15  15  15  15  15  15  15  15  15  15  15  15  15  15  15  15  15  15  15  15  15  15  15  15         
 15                                                                                              15         
 15      22  22  22  22  22  22  22  22  22  22  22  22  22  22  22  22  22  22  22  22  22      15         
 15      22                                                                              22      15         
 15      22      16  16  16  16  16  16  16                                              22      15         
 15      22      16                      16                                              22      15         
 15      22  22  -2   9   9   9   9   9  -1  10  10                                      22      15         
 15              15                      17      10                                      22      15         
 15  15  15  15  15                      17      10                                      22      15         
                                         17      10                                      22      15         
                                         17      10      12  12  12                      22      15         
                                         17      10      12      12                      22      15         
                                         17      10      12      12      20  20  20      22      15         
                                         17      10      12      12      20      20      22      15         
                          8   8   8   8  -2   1  -1   2  -2   3  -1   4  -2   5  -1   6  -2   7  -1   8   8 
                          8              18      11      11      13      19      21      21      14       8 
                          8              18      11      11      13      19      21  21  21      14       8 
                          8              18      11      11      13      19                      14       8 
                          8              18      11  11  11      13      19                      14       8 
                          8              18                      13      19                      14       8 
                          8      14  14  -1  13  13  13  13  13  13      19                      14       8 
                          8      14      19                              19                      14       8 
                          8      14      19  19  19  19  19  19  19  19  19                      14       8 
                          8      14                                                              14       8 
                          8      14  14  14  14  14  14  14  14  14  14  14  14  14  14  14  14  14       8 
                          8                                                                               8 
                          8   8   8   8   8   8   8   8   8   8   8   8   8   8   8   8   8   8   8   8   8 
