  8   8   8   8   8   8   8   8   8   8   8   8   8   8   8   8   8   8   8   8   8   8   8   8   8 
  8                                                                                               8 
  8      19  19  19  19  19  19  19  19  19  19  19  19  19  19  19  19  19  19  19  19  19       8 
  8      19                                                                              19       8 
  8      19                              12  12  12                                      19       8 
  8      19                              12      12                                      19       8 
  8      19                              12      12      15  15  15                      19       8 
  8      19                              12      12      15      15                      19       8 
  8      19                              12      12      15      15      17  17  17      19       8 
  8      19                              12      12      15      15      17      17      19       8 
  8      19      21  21  21  21  21      12      12      15      15      17      17      19       8 
  8      19      21              21      12      12      15      15      17      17      19       8 
  8   8  -2   9  -1  10  10  10  -2   1  -1   2  -2   3  -1   4  -2   5  -1   6  -2   7  -1   8   8 
         20      20              22      13      11      14      16      16      18      18         
         20  20  20              22      13      11      14      16      16      18      18         
                                 22      13      11      14      16      16      18      18         
                                 22      13      11      14      16      16      18  18  18         
                                 22      13      11      14      16      16                         
                                 22      13      11      14      16  16  16                         
                                 22      13      11      14                                         
                         14  14  -1  13  13      11      14                                         
                         14      11              11      14                                         
                         14      11  11  11  11  11      14                                         
                         14                              14                                         
                         14  14  14  14  14  14  14  14  14                                         
