                  9   9   9   9   9   9   9   9   9   9   9   9   9   9   9   9   9   9   9   9   9 
                  9                                                                               9 
                  9                      22  22  22  22  22  22  22  22  22  22  22  22  22       9 
                  9                      22                                              22       9 
                  9                      22                      10  10  10  10  10      22       9 
                  9                      22                      10              10      22       9 
                  9                      22      14  14  14  14  -1  13  13  13  -2  22  22       9 
                  9                      22      14              11               9               9 
                  9                      22      14              11               9   9   9   9   9 
                  9                      22      14              11                                 
                  9      17  17  17      22      14              11                                 
                  9      17      17      22      14              11                                 
  2   2   2   2  -1   1  -2   6  -1   5  -2   4  -1   3   3   3  -2   2   2                         
  2               8      18      16      21      15              12       2                         
  2      19  19  -2  18  18      16      21  21  -2  20  20      12       2                         
  2      19       7              16              16      20      12       2                         
  2      19       7              16  16  16  16  16      20      12       2                         
  2      19       7                                      20      12       2                         
  2      19  19  -1  20  20  20  20  20  20  20  20  20  20      12       2                         
  2              12                                              12       2                         
  2              12  12  12  12  12  12  12  12  12  12  12  12  12       2                         
  2                                                                       2                         
  2   2   2   2   2   2   2   2   2   2   2   2   2   2   2   2   2   2   2                         
