                         15  15  15  15  15  15  15  15  15  15  15  15  15  15  15  15  15         
                         15                                                              15         
                         15      11  11  11  11  11  11  11  11  11  11  11  11  11      15         
                         15      11                                              11      15         
                         15      11                      19  19  19  19  19      11      15         
                         15      11                      19              19      11      15         
                         15      11                      19      22  22  -2  11  11      15         
                         15      11                      19      22      20              15         
                         15      11      13  13  13      19      22      20              15         
                         15      11      13      13      19      22      20              15         
         17  17  17      15      11      13      13      19      22      20              15         
         17      17      15      11      13      13      19      22      20              15         
  6   6  -1   5  -2   4  -1   3  -2   2  -1   1  -2  10  -1   9  -2   8  -1   7   7   7  -2   6   6 
  6      16      18      14      12      12      14      18      21      21              16       6 
  6      16      18      14      12      12      14      18      21  21  21              16       6 
  6      16      18      14      12      12      14      18                              16       6 
  6      16      18      14      12  12  12      14      18                              16       6 
  6      16      18      14                      14      18                              16       6 
  6      16      18      14  14  14  14  14  14  14      18                              16       6 
  6      16      18                                      18                              16       6 
  6      16      18  18  18  18  18  18  18  18  18  18  18                              16       6 
  6      16                                                                              16       6 
  6      16  16  16  16  16  16  16  16  16  16  16  16  16  16  16  16  16  16  16  16  16       6 
  6                                                                                               6 
  6   6   6   6   6   6   6   6   6   6   6   6   6   6   6   6   6   6   6   6   6   6   6   6   6 
