                          3   3   3   3   3   3   3   3   3   3   3   3   3   3   3   3   3   3   3   3   3   3   3 
                          3                                                                                       3 
                          3                                                       8   8   8   8   8               3 
                          3                                                       8               8               3 
                          3      10  10  10  10  10  10  10  10  10  10  10       8               8               3 
                          3      10                                      10       8               8               3 
                          3      10              17  17  17              10       8               8               3 
                          3      10              17      17              10       8               8               3 
                          3   3  -1   4   4   4  -2   5  -1   6   6   6  -2   1  -1   2   2   2  -2   3   3   3   3 
                                 11              18      16               9       9               7                 
                                 11              18      16               9   9   9               7                 
                                 11              18      16                                       7                 
 13  13  13  13  13              11              18      16                                       7                 
 13              13              11              18      16                                       7                 
 13      22  22  -1  21  21  21  -2  20  20      18  18  -2  19  19                      14  14  -1  13  13         
 13      22      12              12      20              15      19                      14      22      13         
 13      22      12  12  12  12  12      20              15      19                      14      22      13         
 13      22                              20              15      19                      14      22      13         
 13      22                              20  20  20  20  -1  19  19                      14      22      13         
 13      22                                              14                              14      22      13         
 13      22                                              14  14  14  14  14  14  14  14  14      22      13         
 13      22                                                                                      22      13         
 13      22  22  22  22  22  22  22  22  22  22  22  22  22  22  22  22  22  22  22  22  22  22  22      13         
 13                                                                                                      13         
 13  13  13  13  13  13  13  13  13  13  13  13  13  13  13  13  13  13  13  13  13  13  13  13  13  13  13         
