  4   4   4   4   4   4   4   4   4   4   4   4   4   4   4   4   4   4   4   4   4   4   4   4   4   4   4 
  4                                                                                                       4 
  4      13  13  13  13  13  13  13  13  13  13  13  13  13  13  13  13  13  13  13  13  13  13  13       4 
  4      13                                                                                      13       4 
  4      13                                              19  19  19  19  19  19  19  19  19      13       4 
  4      13                                              19                              19      13       4 
  4      13                                              19      10  10  10  10  10      19      13       4 
  4      13                                              19      10              10      19      13       4 
  4      13      15  15  15  15  15  15  15              19      10              10      19      13       4 
  4      13      15                      15              19      10              10      19      13       4 
  4   4  -2   5  -1   6   6   6   6   6  -2   7   7   7  -1   8  -2   1   1   1  -1   2  -2   3  -1   4   4 
         14      14                      16              18       9              11      20      12         
         14  14  14                      16              18       9              11      20      12         
                                         16              18       9              11      20      12         
                         21  21  21  21  -1  22  22      18       9      21  21  -2  20  20      12         
                         21              17      22      18       9      21      12              12         
                         21              17      22      18       9      21      12  12  12  12  12         
                         21              17      22      18       9      21                                 
                         21       9   9  -2  22  22      18       9      21                                 
                         21       9      18              18       9      21                                 
                         21       9      18  18  18  18  18       9      21                                 
                         21       9                               9      21                                 
                         21       9   9   9   9   9   9   9   9   9      21                                 
                         21                                              21                                 
                         21  21  21  21  21  21  21  21  21  21  21  21  21                                 
