                                                         12  12  12  12  12  12  12  12  12  12  12  12  12  12  12  12  12  12  12 
                                                         12                                                                      12 
                                                         12       3   3   3   3   3   3   3   3   3   3   3   3   3   3   3      12 
                                                         12       3                                                       3      12 
                                                         12       3                               6   6   6   6   6       3      12 
                                                         12       3                               6               6       3      12 
                                                         12       3      13  13  13               6               6       3      12 
                                                         12       3      13      13               6               6       3      12 
                                                         12       3   3  -1   4  -2   1   1   1  -1   2   2   2  -2   3   3      12 
                                                         12              12      14               7               5              12 
                                                         12  12  12  12  12      14               7               5              12 
                                                                                 14               7               5              12 
                                                                          8   8  -1   7   7   7   7      11  11  -1  12  12  12  12 
                                                                          8      15                      11      10                 
 10  10  10  10  10  10  10  10  10  10  10  10  10                       8      15                      11      10                 
 10                                              10                       8      15                      11      10                 
 10      11  11  11  11  11  11  11  11  11      10                       8      15                      11      10                 
 10      11                              11      10                       8      15                      11      10                 
 10      11      21  21  21  21  21      11      10                       8      15                      11      10                 
 10      11      21              21      11      10                       8      15                      11      10                 
 10      11      21      16  16  -2  17  -1  18  -2  19  19  19  19  19  -1  20  -2  21  21              11      10                 
 10      11      21      16      22      22       9                       9      16      21              11      10                 
 10      11      21      16      22  22  22       9                       9      16      21              11      10                 
 10      11      21      16                       9                       9      16      21              11      10                 
 10      11      21      16                       9   9   9   9   9   9   9      16      21              11      10                 
 10      11      21      16                                                      16      21              11      10                 
 10      11      21      16  16  16  16  16  16  16  16  16  16  16  16  16  16  16      21              11      10                 
 10      11      21                                                                      21              11      10                 
 10      11      21  21  21  21  21  21  21  21  21  21  21  21  21  21  21  21  21  21  21              11      10                 
 10      11                                                                                              11      10                 
 10      11  11  11  11  11  11  11  11  11  11  11  11  11  11  11  11  11  11  11  11  11  11  11  11  11      10                 
 10                                                                                                              10                 
 10  10  10  10  10  10  10  10  10  10  10  10  10  10  10  10  10  10  10  10  10  10  10  10  10  10  10  10  10                 
