 18  18  18  18  18  18  18  18  18  18  18  18  18  18  18  18  18  18  18  18  18  18  18                         
 18                                                                                      18                         
 18                       5   5   5   5   5   5   5   5   5   5   5   5   5   5   5      18                         
 18                       5                                                       5      18                         
 18                       5                       3   3   3   3   3               5      18                         
 18                       5                       3               3               5      18                         
 18                       5                       3       6   6  -1   5   5   5   5      18                         
 18                       5                       3       6       2                      18                         
 18                       5                       3       6       2                      18      20  20  20  20  20 
 18                       5                       3       6       2                      18      20              20 
 18                       5                       3       6   6  -2   7   7   7   7   7  -1   8  -2   9   9      20 
 18                       5                       3               1                      19      19       9      20 
 18                       5                       3               1                      19  19  19       9      20 
 18                       5                       3               1                                       9      20 
 18                       5      10  10  10       3               1                                       9      20 
 18                       5      10      10       3               1                                       9      20 
 18      21  21  21       5      10      10       3               1                                       9      20 
 18      21      21       5      10      10       3               1                                       9      20 
 18  18  -1  17  -2  16  -1  15  -2  14  -1  13  -2  12  12  12  -1  11  11                               9      20 
         20      22      22       9      11       4               4      11                               9      20 
         20      22  22  22       9      11       4               4      11                               9      20 
         20                       9      11       4               4      11                               9      20 
         20                       9      11       4   4   4   4   4      11                               9      20 
         20                       9      11                              11                               9      20 
         20                       9      11  11  11  11  11  11  11  11  11                               9      20 
         20                       9                                                                       9      20 
         20                       9   9   9   9   9   9   9   9   9   9   9   9   9   9   9   9   9   9   9      20 
         20                                                                                                      20 
         20  20  20  20  20  20  20  20  20  20  20  20  20  20  20  20  20  20  20  20  20  20  20  20  20  20  20 
