                 18  18  18  18  18  18  18  18  18  18  18  18  18  18  18  18  18  18  18  18  18  18  18  18  18         
                 18                                                                                              18         
                 18                              11  11  11  11  11  11  11  11  11  11  11  11  11  11  11      18         
                 18                              11                                                      11      18         
                 18                              11      13  13  13  13  13  13  13  13  13  13  13      11      18         
                 18                              11      13                                      13      11      18         
                 18                              11      13      22  22  22  22  22  22  22      13      11      18         
                 18                              11      13      22                      22      13      11      18         
                 18                              11      13      22              12  12  -2  13  13      11      18         
                 18                              11      13      22              12      21              11      18         
                 18       9   9   9   9   9      11      13      22              12      21              11      18         
                 18       9               9      11      13      22              12      21              11      18         
                 18  18  -1  17  17       9      11      13      22              12  12  -1  11  11  11  11      18         
                          8      17       9      11      13      22                      20                      18         
 16  16  16  16  16  16  -2  17  17       9      11      13  13  -1  14  14  14  14  14  -2  15  15  15  15  15  -1  16  16 
 16                       7               9      11               5                      19                      19      16 
 16                       7               9      11               5                      19  19  19  19  19  19  19      16 
 16                       7               9      11               5                                                      16 
 16       2   2   2   2  -1   1   1   1  -2   4  -1   3   3   3  -2   2   2                                              16 
 16       2               6              10      10               6       2                                              16 
 16       2               6              10  10  10               6       2                                              16 
 16       2               6                                       6       2                                              16 
 16       2               6   6   6   6   6   6   6   6   6   6   6       2                                              16 
 16       2                                                               2                                              16 
 16       2   2   2   2   2   2   2   2   2   2   2   2   2   2   2   2   2                                              16 
 16                                                                                                                      16 
 16  16  16  16  16  16  16  16  16  16  16  16  16  16  16  16  16  16  16  16  16  16  16  16  16  16  16  16  16  16  16 
