         15  15  15  15  15  15  15  15  15  15  15  15  15  15  15  15  15  15  15  15  15  15  15                 
         15                                                                                      15                 
         15      21  21  21  21  21  21  21  21  21  21  21  21  21  21  21  21  21              15                 
         15      21                                                              21              15                 
         15      21      16  16  16  16  16  16  16  16  16  16  16  16  16  16  -1  15  15  15  15                 
         15      21      16                                                      20                                 
         15      21      16       1   1   1   1   1   1   1   1   1              20                                 
         15      21      16       1                               1              20                                 
         15      21      16       1       3   3   3   3   3       1              20                                 
         15      21      16       1       3               3       1              20                                 
         15      21      16       1       3      13  13  -2  12  -1  11  11  11  -2  10  10  10  10  10  10  10  10 
         15      21      16       1       3      13       4       4              19                              10 
         15      21      16       1       3      13       4   4   4              19                              10 
         15      21      16       1       3      13                              19                              10 
         15      21      16       1       3      13  13  13  13  13  13  13      19                              10 
         15      21      16       1       3                              13      19                              10 
         15      21      16       1       3   3   3   3   3   3   3      13      19                              10 
         15      21      16       1                               3      13      19                              10 
         15      21      16       1   1   1   1   1   1   1       3      13      19                              10 
         15      21      16                               1       3      13      19                              10 
         15      21      16                               1       3      13  13  -1  14  14  14  14  14  14      10 
         15      21      16                               1       3              18                      14      10 
 10  10  -1   9  -2   8  -1   7   7   7   7   7   7   7  -2   6  -1   5   5   5  -2  22  22              14      10 
 10      14      22      17                               2       2              17      22              14      10 
 10      14      22      17                               2   2   2              17      22              14      10 
 10      14      22      17                                                      17      22              14      10 
 10      14      22      17  17  17  17  17  17  17  17  17  17  17  17  17  17  17      22              14      10 
 10      14      22                                                                      22              14      10 
 10      14      22  22  22  22  22  22  22  22  22  22  22  22  22  22  22  22  22  22  22              14      10 
 10      14                                                                                              14      10 
 10      14  14  14  14  14  14  14  14  14  14  14  14  14  14  14  14  14  14  14  14  14  14  14  14  14      10 
 10                                                                                                              10 
 10  10  10  10  10  10  10  10  10  10  10  10  10  10  10  10  10  10  10  10  10  10  10  10  10  10  10  10  10 
