                  7   7   7   7   7   7   7   7   7   7   7   7   7   7   7   7   7   7   7   7   7   7   7   7   7 
                  7                                                                                               7 
                  7      18  18  18  18  18  18  18  18  18  18  18  18  18  18  18  18  18  18  18  18  18       7 
                  7      18                                                                              18       7 
                  7      18      14  14  14  14  14  14  14  14  14  14  14  14  14  14  14  14  14      18       7 
                  7      18      14                                                              14      18       7 
                  7      18      14      19  19  19  19  19  19  19  19  19  19  19  19  19      14      18       7 
                  7      18      14      19                                              19      14      18       7 
                  7      18      14      19      10  10  10  10  10  10  10  10  10      19      14      18       7 
                  7      18      14      19      10                              10      19      14      18       7 
                  7      18      14      19      10               8   8   8      10      19      14      18       7 
                  7      18      14      19      10               8       8      10      19      14      18       7 
                  7      18      14      19  19  -1  20  20  20  -2  21  -1  22  -2  13  -1  14  14      18       7 
                  7      18      14              11               7       9       9      18              18       7 
                  7      18      14              11               7       9       9      18  18  18  18  18       7 
                  7      18      14              11               7       9       9                               7 
                  7      18      14              11               7       9   9   9                               7 
                  7      18      14              11               7                                               7 
                  7      18      14              11               7   7   7   7   7   7   7   7   7   7   7   7   7 
                  7      18      14              11                                                                 
  2   2   2   2  -1   1  -2   4  -1   3   3   3  -2   2   2                                                         
  2               6      17      15              12       2                                                         
  2      16  16  -2  17  17      15              12       2                                                         
  2      16       5              15              12       2                                                         
  2      16  16  -1  15  15  15  15              12       2                                                         
  2              12                              12       2                                                         
  2              12  12  12  12  12  12  12  12  12       2                                                         
  2                                                       2                                                         
  2   2   2   2   2   2   2   2   2   2   2   2   2   2   2                                                         
