                          9   9   9   9   9   9   9   9   9   9   9   9   9   9   9   9   9   9   9   9   9         
                          9                                                                               9         
                          9      19  19  19  19  19  19  19  19  19  19  19  19  19  19  19  19  19       9         
                          9      19                                                              19       9         
                          9      19       6   6   6   6   6   6   6   6   6   6   6   6   6      19       9         
                          9      19       6                                               6      19       9         
                          9      19       6      13  13  13  13  13  13  13  13  13       6      19       9         
                          9      19       6      13                              13       6      19       9         
                          9      19       6   6  -1   5   5   5   5   5   5      13       6      19       9         
                          9      19              12                       5      13       6      19       9         
 11  11  11  11  11       9      19              12                       5      13       6      19       9         
 11              11       9      19              12                       5      13       6      19       9         
 11      18  18  -1  17  -2  16  -1  15  15  15  -2  14  14  14  14  14  -1  13  13       6      19       9         
 11      18      10      10      18              11                      22               6      19       9         
 11      18      10  10  10      18              11                      22               6      19       9         
 11      18                      18              11                      22               6      19       9         
 11      18  18  18  18  18  18  18              11                      22               6      19       9         
 11                                              11                      22               6      19       9         
 11  11  11  11  11  11  11  11  11  11  11  11  11                      22               6      19       9         
                                                                         22               6      19       9         
                                                          4   4   4   4  -2   1   1   1  -1   2  -2   3  -1   4   4 
                                                          4              21               7      20       8       4 
                                                          4       8   8  -1   7   7   7   7      20       8       4 
                                                          4       8      20                      20       8       4 
                                                          4       8      20  20  20  20  20  20  20       8       4 
                                                          4       8                                       8       4 
                                                          4       8   8   8   8   8   8   8   8   8   8   8       4 
                                                          4                                                       4 
                                                          4   4   4   4   4   4   4   4   4   4   4   4   4   4   4 
