 13  13  13  13  13  13  13  13  13  13  13  13  13  13  13  13  13  13  13  13  13  13  13  13  13  13  13                         
 13                                                                                                      13                         
 13       6   6   6   6   6   6   6   6   6   6   6   6   6   6   6   6   6   6   6   6   6   6   6      13                         
 13       6                                                                                       6      13                         
 13       6      21  21  21  21  21  21  21  21  21  21  21  21  21  21  21  21  21  21  21       6      13                         
 13       6      21                                                                      21       6      13                         
 13       6      21       5   5   5   5   5   5   5   5   5   5   5   5   5   5   5      21       6      13                         
 13       6      21       5                                                       5      21       6      13                         
 13       6      21       5                                      12  12  12       5      21       6      13                         
 13       6      21       5                                      12      12       5      21       6      13                         
 13       6      21  21  -2  20  20  20  20  20  20  20  20  20  -1  19  -2  22  -1  21  21       6      13                         
 13       6               6                                      13      11      18               6      13                         
 13       6               6      13  13  13  13  13  13  13  13  13      11      18               6      13                         
 13       6               6      13                                      11      18               6      13                         
 13       6               6      13      11  11  11  11  11  11  11  11  11      18               6      13                         
 13       6               6      13      11                                      18               6      13                         
 13       6   6   6   6   6      13      11                                      18               6      13                         
 13                              13      11                                      18               6      13                         
 13  13  13  13  13  13  13  13  13      11                                      18               6      13                         
                                         11                                      18               6      13                         
                                         11                                      18               6      13      11  11  11  11  11 
                                         11                                      18               6      13      11              11 
                                         11       4   4   4   4   4   4   4   4  -2   1   1   1  -1   2  -2   3  -1   4   4      11 
                                         11       4                              17               7      14      10       4      11 
                                         11       4              15  15  15      17               7      14      10       4      11 
                                         11       4              15      15      17               7      14      10       4      11 
                                         11       4      10  10  -1   9  -2   8  -1   7   7   7   7      14      10       4      11 
                                         11       4      10      14      16      16                      14      10       4      11 
                                         11       4      10      14      16  16  16                      14      10       4      11 
                                         11       4      10      14                                      14      10       4      11 
                                         11       4      10      14  14  14  14  14  14  14  14  14  14  14      10       4      11 
                                         11       4      10                                                      10       4      11 
                                         11       4      10  10  10  10  10  10  10  10  10  10  10  10  10  10  10       4      11 
                                         11       4                                                                       4      11 
                                         11       4   4   4   4   4   4   4   4   4   4   4   4   4   4   4   4   4   4   4      11 
                                         11                                                                                      11 
                                         11  11  11  11  11  11  11  11  11  11  11  11  11  11  11  11  11  11  11  11  11  11  11 
