         17  17  17  17  17  17  17  17  17  17  17  17  17  17  17  17  17  17  17  17  17         
         17                                                                              17         
         17       1   1   1   1   1   1   1   1   1   1   1   1   1   1   1   1   1      17         
         17       1                                                               1      17         
         17       1       3   3   3   3   3   3   3   3   3   3   3   3   3       1      17         
         17       1       3                                               3       1      17         
         17       1       3      15  15  15  15  15  15  15  15  15       3       1      17         
         17       1       3      15                              15       3       1      17         
         17       1       3      15      20  20  20  20  20      15       3       1      17         
         17       1       3      15      20              20      15       3       1      17         
         17       1       3      15      20      22  22  -2  15  15       3       1      17         
         17       1       3      15      20      22      19               3       1      17         
  8   8  -1   7  -2   6  -1   5  -2  14  -1  13  -2  12  -1  11  11  11  -2  10  -1   9  -2   8   8 
  8      16       2       2      16      21      21      18               4       4      18       8 
  8      16       2       2      16      21  21  21      18               4       4      18       8 
  8      16       2       2      16                      18               4       4      18       8 
  8      16       2       2      16                      18               4   4   4      18       8 
  8      16       2       2      16                      18                              18       8 
  8      16       2       2      16                      18  18  18  18  18  18  18  18  18       8 
  8      16       2       2      16                                                               8 
  8      16       2   2   2      16                                                               8 
  8      16                      16                                                               8 
  8      16  16  16  16  16  16  16                                                               8 
  8                                                                                               8 
  8   8   8   8   8   8   8   8   8   8   8   8   8   8   8   8   8   8   8   8   8   8   8   8   8 
