                 15  15  15  15  15  15  15  15  15  15  15  15  15  15  15  15  15  15  15  15  15  15  15                 
                 15                                                                                      15                 
                 15      22  22  22  22  22  22  22  22  22  22  22  22  22  22  22  22  22  22  22      15                 
                 15      22                                                                      22      15                 
                 15      22               7   7   7   7   7   7   7   7   7   7   7   7   7      22      15                 
                 15      22               7                                               7      22      15                 
                 15      22               7               5   5   5   5   5   5   5       7      22      15                 
                 15      22               7               5                       5       7      22      15                 
                 15      22               7      19  19  -1  20  20  20  20       5       7      22      15                 
                 15      22               7      19      10              20       5       7      22      15                 
                 15      22               7      19  19  -2  18  18      20       5       7      22      15                 
                 15      22               7               9      18      20       5       7      22      15                 
                 15  15  -1  16  16  16  -2  17  17  17  -1  18  18      20       5       7      22      15                 
                         11               8               8              20       5       7      22      15                 
                         11               8   8   8   8   8              20       5       7      22      15                 
                         11                                              20       5       7      22      15                 
                         11      20  20  20  20  20  20  20  20  20  20  20       5       7      22      15                 
                         11      20                                               5       7      22      15                 
                         11      20       5   5   5   5   5   5   5   5   5   5   5       7      22      15                 
                         11      20       5                                               7      22      15                 
                         11      20       5               7   7   7   7   7   7   7   7   7      22      15                 
                         11      20       5               7                                      22      15                 
 21  21  21  21  21  21  -2  20  20       5               7                                      22  22  -1  21  21  21  21 
 21                      12               5               7                                              14              21 
 21       4   4   4   4  -1   3   3   3  -2   2   2   2  -1   1   1   1   1   1   1   1   1   1   1   1  -2   4   4      21 
 21       4              13               6               6                                              13       4      21 
 21       4              13               6   6   6   6   6                                              13       4      21 
 21       4              13                                                                              13       4      21 
 21       4              13  13  13  13  13  13  13  13  13  13  13  13  13  13  13  13  13  13  13  13  13       4      21 
 21       4                                                                                                       4      21 
 21       4   4   4   4   4   4   4   4   4   4   4   4   4   4   4   4   4   4   4   4   4   4   4   4   4   4   4      21 
 21                                                                                                                      21 
 21  21  21  21  21  21  21  21  21  21  21  21  21  21  21  21  21  21  21  21  21  21  21  21  21  21  21  21  21  21  21 
