  3   3   3   3   3   3   3   3   3   3   3                                                 
  3                                       3                                                 
  3      10  10  10  10  10  10  10  10  -1   9   9   9   9   9   9   9   9   9   9   9   9 
  3      10                               2                                               9 
  3      10  10  10  10  10  10  10  10  -2  11  11  11  11  11  11  11  11  11  11       9 
  3                                       1                                      11       9 
  3                      15  15  15  15  -1  16  16  16  16  16  16              11       9 
  3                      15               8                      16              11       9 
  3                      15      19  19  -2  18  18  18  18      16              11       9 
  3                      15      19       7              18      16              11       9 
  3                      15      19  19  -1  20  20  20  -2  21  -1  22  22      11       9 
  3                      15               6              17      17      22      11       9 
  3                      15               6              17  17  17      22      11       9 
  3                      15               6                              22      11       9 
  3                      15  15  15  15  -2  14  14                      22      11       9 
  3                                       5      14                      22      11       9 
  3                                       5      14      22  22  22  22  22      11       9 
  3                                       5      14      22                      11       9 
  3              13  13  13  13  13  13  -1  14  14      22                      11       9 
  3              13                       4              22                      11       9 
  3              13  13  13  13  13  13  -2  12  12  12  -1  11  11  11  11  11  11       9 
  3                                       3               9                               9 
  3                                       3               9   9   9   9   9   9   9   9   9 
  3                                       3                                                 
  3   3   3   3   3   3   3   3   3   3   3                                                 
