                 15  15  15  15  15  15  15  15  15  15  15  15  15  15  15  15  15  15  15  15  15  15  15  15  15 
                 15                                                                                              15 
                 15       9   9   9   9   9                                                                      15 
                 15       9               9                                                                      15 
                 15       9               9      11  11  11  11  11  11  11  11  11  11  11  11  11  11  11      15 
                 15       9               9      11                                                      11      15 
                 15       9               9      11      19  19  19  19  19  19  19  19  19  19  19      11      15 
                 15       9               9      11      19                                      19      11      15 
                 15  15  -1  16  16       9      11      19                              12  12  -1  11  11      15 
                          8      16       9      11      19                              12      18              15 
                          8      16       9      11      19      14  14  14  14  14      12      18              15 
                          8      16       9      11      19      14              14      12      18              15 
 17  17  17  17  17  17  -2  16  16       9      11      19  19  -1  20  20  20  -2  21  -1  22  -2  15  15  15  15 
 17                       7               9      11               5              13      13      17                 
 17                       7               9      11               5              13  13  13      17                 
 17                       7               9      11               5                              17                 
 17       2   2   2   2  -1   1   1   1  -2   4  -1   3   3   3  -2   2   2                      17                 
 17       2               6              10      10               6       2                      17                 
 17       2               6              10  10  10               6       2                      17                 
 17       2               6                                       6       2                      17                 
 17       2               6   6   6   6   6   6   6   6   6   6   6       2                      17                 
 17       2                                                               2                      17                 
 17       2   2   2   2   2   2   2   2   2   2   2   2   2   2   2   2   2                      17                 
 17                                                                                              17                 
 17  17  17  17  17  17  17  17  17  17  17  17  17  17  17  17  17  17  17  17  17  17  17  17  17                 
