                 11  11  11  11  11  11  11  11  11  11  11  11  11  11  11  11  11  11  11  11  11         
                 11                                                                              11         
                 11      19  19  19  19  19  19  19  19  19  19  19  19  19  19  19  19  19      11         
                 11      19                                                              19      11         
                 11      19       8   8   8   8   8   8   8   8   8   8   8   8   8      19      11         
                 11      19       8                                               8      19      11         
                 11      19       8      16  16  16  16  16  16  16  16  16       8      19      11         
                 11      19       8      16                              16       8      19      11         
                 11      19       8      16      14  14  14  14  14      16       8      19      11         
                 11      19       8      16      14              14      16       8      19      11         
                 11      19       8      16  16  -2  17  17      14      16       8      19      11         
                 11      19       8              13      17      14      16       8      19      11         
                 11      19  19  -2  18  18  18  -1  17  17      14      16       8      19      11         
                 11               7              12              14      16       8      19      11         
                 11  11  11  11  -1  12  12  12  12              14      16       8      19      11         
                                 22                              14      16       8      19      11         
                                 22              14  14  14  14  14      16       8      19      11         
                                 22              14                      16       8      19      11         
  4   4   4   4   4   4   4   4  -2   5   5   5  -1   6   6   6   6   6  -2   1  -1   2  -2   3  -1   4   4 
  4                              21              15                      15       9      20      10       4 
  4                              21              15  15  15  15  15  15  15       9      20      10       4 
  4                              21                                               9      20      10       4 
  4      10  10  10  10  10  10  -1   9   9   9   9   9   9   9   9   9   9   9   9      20      10       4 
  4      10                      20                                                      20      10       4 
  4      10                      20  20  20  20  20  20  20  20  20  20  20  20  20  20  20      10       4 
  4      10                                                                                      10       4 
  4      10  10  10  10  10  10  10  10  10  10  10  10  10  10  10  10  10  10  10  10  10  10  10       4 
  4                                                                                                       4 
  4   4   4   4   4   4   4   4   4   4   4   4   4   4   4   4   4   4   4   4   4   4   4   4   4   4   4 
