 12  12  12  12  12  12  12  12  12  12  12  12  12  12  12  12  12  12  12  12  12  12  12  12  12  12  12 
 12                                                                                                      12 
 12              14  14  14  14  14  14  14  14  14  14  14  14  14  14  14  14  14  14  14  14  14      12 
 12              14                                                                              14      12 
 12              14      16  16  16  16  16  16  16  16  16  16  16  16  16  16  16  16  16      14      12 
 12              14      16                                                              16      14      12 
 12              14      16       2   2   2   2   2   2   2   2   2                      16      14      12 
 12              14      16       2                               2                      16      14      12 
 12              14      16       2                      15  15  -1  16  16  16  16  16  16      14      12 
 12              14      16       2                      15       3                              14      12 
 12              14      16       2                      15  15  -2  14  14  14  14  14  14  14  14      12 
 12              14      16       2                               4                                      12 
 12              14      16       2      20  20  20               4                                      12 
 12              14      16       2      20      20               4                                      12 
 12  12  12  12  -2   7  -1   8  -2   9  -1  10  -2  11  11  11  -1  12  12  12  12  12  12  12  12  12  12 
                 13      17       1      21      19               5                                         
         18  18  -1  17  17       1      21      19  19  19  19  -2  18  18  18  18                         
         18      22               1      21                       6              18                         
         18      22               1      21  21  21  21  21  21  -1  22  22      18                         
         18      22               1                               1      22      18                         
         18      22               1   1   1   1   1   1   1   1   1      22      18                         
         18      22                                                      22      18                         
         18      22  22  22  22  22  22  22  22  22  22  22  22  22  22  22      18                         
         18                                                                      18                         
         18  18  18  18  18  18  18  18  18  18  18  18  18  18  18  18  18  18  18                         
