                                          3   3   3   3   3   3   3   3   3   3   3   3   3   3   3   3   3   3   3   3   3   3   3 
                                          3                                                                                       3 
                                          3      15  15  15  15  15  15  15  15  15  15  15  15  15  15  15  15  15  15  15       3 
                                          3      15                                                                      15       3 
                                          3      15      13  13  13  13  13  13  13  13  13  13  13  13  13  13  13      15       3 
                                          3      15      13                                                      13      15       3 
                                          3      15      13      18  18  18  18  18                              13      15       3 
                                          3      15      13      18              18                              13      15       3 
                                          3      15      13      18       6   6  -1   5   5   5   5   5   5   5  -2   4  -1   3   3 
                                          3      15      13      18       6      19                              14      14         
                                          3      15      13      18       6      19                              14  14  14         
                                          3      15      13      18       6      19                                                 
                                          3      15      13      18       6   6  -2   1   1   1   1   1   1                         
                                          3      15      13      18              20                       1                         
                                          3      15      13      18  18  18  18  -1  17  17  17  17       1                         
                                          3      15      13                      21              17       1                         
  1   1   1   1   1   1   1   1   1       3      15      13                      21              17       1                         
  1                               1       3      15      13                      21              17       1                         
  1      17  17  17  17  17       1       3      15      13                      21              17       1                         
  1      17              17       1       3      15      13                      21              17       1                         
  1      17      10  10  -1   9  -2   8  -1   7  -2  12  -1  11  11  11  11  11  -2  10  10      17       1                         
  1      17      10      16       2       2      16      22                      22      10      17       1                         
  1      17      10      16       2       2      16      22  22  22  22  22  22  22      10      17       1                         
  1      17      10      16       2       2      16                                      10      17       1                         
  1      17      10      16       2   2   2      16                                      10      17       1                         
  1      17      10      16                      16                                      10      17       1                         
  1      17      10      16  16  16  16  16  16  16                                      10      17       1                         
  1      17      10                                                                      10      17       1                         
  1      17      10  10  10  10  10  10  10  10  10  10  10  10  10  10  10  10  10  10  10      17       1                         
  1      17                                                                                      17       1                         
  1      17  17  17  17  17  17  17  17  17  17  17  17  17  17  17  17  17  17  17  17  17  17  17       1                         
  1                                                                                                       1                         
  1   1   1   1   1   1   1   1   1   1   1   1   1   1   1   1   1   1   1   1   1   1   1   1   1   1   1                         
