                         22  22  22  22  22                                                         
                         22              22                                                         
 18  18  18  18  18  18  -2   5   5      22                                                         
 18                      21       5      22                                                         
 18       6   6   6   6  -1   5   5      22                                                         
 18       6              20              22                                                         
 18       6              20              22       4   4   4   4   4   4   4   4   4   4   4   4   4 
 18       6              20              22       4                                               4 
 18       6              20              22       4      17  17  17  17  17  17  17  17  17       4 
 18       6              20              22       4      17                              17       4 
 18       6              20              22       4      17      15  15  15              17       4 
 18       6              20              22       4      17      15      15              17       4 
 18       6      13  13  -2  12  12  12  -1  11  -2  10  -1   9  -2   8  -1   7   7      17       4 
 18       6      13      19              19       3      16      16      14       7      17       4 
 18       6      13      19  19  19  19  19       3      16      16      14       7      17       4 
 18       6      13                               3      16      16      14       7      17       4 
 18       6      13                               3      16  16  16      14       7      17       4 
 18       6      13                               3                      14       7      17       4 
 18       6      13  13  13  13  13  13  13  13  -1  14  14  14  14  14  14       7      17       4 
 18       6                                       2                               7      17       4 
 18       6   6   6   6   6   6   6   6   6   6  -2   7   7   7   7   7   7   7   7      17       4 
 18                                               1                                      17       4 
 18  18  18  18  18  18  18  18  18  18  18  18  -1  17  17  17  17  17  17  17  17  17  17       4 
                                                  4                                               4 
                                                  4   4   4   4   4   4   4   4   4   4   4   4   4 
