  5   5   5   5   5   5   5   5   5   5   5   5   5   5   5                                         
  5                                                       5                                         
  5      13  13  13  13  13  13  13  13  13  13  13  13  -1  14  14  14  14  14  14  14  14  14  14 
  5      13                                               4                                      14 
  5      13      11  11  11  11  11  11  11  11  11  11  -2  10  10  10  10  10  10  10  10      14 
  5      13      11                                       3                              10      14 
  5      13      11      19  19  19  19  19  19  19  19  -1  20  20  20  20  20  20      10      14 
  5      13      11      19                               2                      20      10      14 
  5      13      11      19                       8   8  -2   9   9   9   9      20      10      14 
  5      13      11      19                       8       1               9      20      10      14 
  5      13      11      19                       8   8  -1   7   7       9   9  -1  10  10      14 
  5      13      11      19                               6       7              21              14 
  5      13      11      19      12  12  12               6       7              21              14 
  5      13      11      19      12      12               6       7              21              14 
  5      13      11      19  19  -2  18  -1  17  17  17  -2  16  -1  15  15  15  -2  14  14  14  14 
  5      13      11              11      13               5      22              22                 
  5      13      11              11      13               5      22  22  22  22  22                 
  5      13      11              11      13               5                                         
  5      13      11  11  11  11  11      13               5                                         
  5      13                              13               5                                         
  5      13  13  13  13  13  13  13  13  13               5                                         
  5                                                       5                                         
  5   5   5   5   5   5   5   5   5   5   5   5   5   5   5                                         
