  5   5   5   5   5   5   5   5   5                                                         
  5                               5                                                         
  5      16  16  16  16  16  16  -1  15  15  15  15  15  15  15  15  15  15  15  15         
  5      16                       4                                              15         
  5      16      10  10  10  10  -2  11  11  11  11  11  11                      15         
  5      16      10               3                      11                      15         
  5      16      10       8   8  -1   7   7   7   7      11                      15         
  5      16      10       8       2               7      11                      15         
  5      16      10       8   8  -2   9   9       7      11                      15         
  5      16      10               1       9       7      11                      15         
  5      16      10  10  10  10  -1   9   9       7      11                      15         
  5      16                       6               7      11                      15         
  5      16                       6               7      11      13  13  13      15         
  5      16                       6               7      11      13      13      15         
  5      16  16  16  16  16  16  -2  17  17  17  -1  18  -2  19  -1  20  -2  21  -1  22  22 
  5                               5              22      12      12      14      14      22 
  5                               5              22      12      12      14  14  14      22 
  5                               5              22      12      12                      22 
  5                               5              22      12  12  12                      22 
  5                               5              22                                      22 
  5                               5              22  22  22  22  22  22  22  22  22  22  22 
  5                               5                                                         
  5   5   5   5   5   5   5   5   5                                                         
