                 14  14  14  14  14  14  14  14  14  14  14  14  14  14  14  14  14  14  14         
                 14                                                                      14         
                 14                      18  18  18  18  18  18  18  18  18  18  18      14         
                 14                      18                                      18      14         
                 14                      18       1   1   1   1   1   1   1      18      14         
                 14                      18       1                       1      18      14         
                 14                      18       1      17  17  17  17  -1  18  18      14         
                 14                      18       1      17               4              14         
                 14                      18       1      17      15  15  -2  14  14  14  14         
                 14                      18       1      17      15       3                         
                 14      21  21  21      18       1      17      15       3                         
                 14      21      21      18       1      17      15       3                         
 11  11  11  11  -2  10  -1   9  -2   8  -1   7  -2   6  -1   5  -2  12  -1  11  11  11  11  11  11 
 11              13      20      22      19       2      16      16       2                      11 
 11              13      20      22      19       2      16  16  16       2                      11 
 11              13      20      22      19       2                       2                      11 
 11              13      20      22      19       2   2   2   2   2   2   2                      11 
 11              13      20      22      19                                                      11 
 11      19  19  -1  20  20      22      19                                                      11 
 11      19      22              22      19                                                      11 
 11      19      22  22  22  22  22      19                                                      11 
 11      19                              19                                                      11 
 11      19  19  19  19  19  19  19  19  19                                                      11 
 11                                                                                              11 
 11  11  11  11  11  11  11  11  11  11  11  11  11  11  11  11  11  11  11  11  11  11  11  11  11 
