                  9   9   9   9   9   9   9   9   9   9   9   9   9   9   9   9   9   9   9   9   9   9   9   9   9 
                  9                                                                                               9 
         15  15  -1  16  16  16  16  16  16  16  16  16  16  16  16  16  16  16  16  16  16  16  16  16  16       9 
         15       8                                                                                      16       9 
         15       8              12  12  12  12  12  12  12  12  12  12  12  12  12  12  12  12  12      16       9 
         15       8              12                                                              12      16       9 
         15       8              12      21  21  21  21  21  21  21  21  21  21  21  21  21      12      16       9 
         15       8              12      21                                              21      12      16       9 
         15       8              12      21                              11  11  11      21      12      16       9 
         15       8              12      21                              11      11      21      12      16       9 
         15       8              12      21      18  18  18  18  18      11      11      21      12      16       9 
         15       8              12      21      18              18      11      11      21      12      16       9 
         15  15  -2  14  14      12      21  21  -1  22  22  22  -2  19  -1  20  -2  21  21      12      16       9 
                  7      14      12               5              17      10      12              12      16       9 
                  7      14      12               5              17      10      12  12  12  12  12      16       9 
                  7      14      12               5              17      10                              16       9 
  2   2   2   2  -1   1  -2   4  -1   3   3   3  -2   2   2      17  17  -2  16  16  16  16  16  16  16  16       9 
  2               6      13      13               6       2               9                                       9 
  2               6      13  13  13               6       2               9                                       9 
  2               6                               6       2               9                                       9 
  2               6                               6       2               9   9   9   9   9   9   9   9   9   9   9 
  2               6                               6       2                                                         
  2               6   6   6   6   6   6   6   6   6       2                                                         
  2                                                       2                                                         
  2   2   2   2   2   2   2   2   2   2   2   2   2   2   2                                                         
