 16  16  16  16  16  16  16  16  16  16  16  16  16  16  16  16  16  16  16  16  16                                                 
 16                                                                              16                                                 
 16      14  14  14  14  14  14  14  14  14  14  14  14  14  14  14  14  14      16                                                 
 16      14                                                              14      16                                                 
 16      14                                       5   5   5   5   5      14      16                                                 
 16      14                                       5               5      14      16                                                 
 16      14                                       5      15  15  -2  14  14      16                                                 
 16      14                                       5      15       6              16                                                 
 16      14                                       5      15  15  -1  16  16  16  16                                                 
 16      14                                       5               7                                                                 
 16      14      17  17  17  17  17  17  17       5               7                                                                 
 16      14      17                      17       5               7                                                                 
 16      14      17       1   1   1      17       5               7                                                                 
 16      14      17       1       1      17       5               7                                                                 
 16      14      17       1       1      17       5               7                       2   2   2   2   2   2   2   2   2   2   2 
 16      14      17       1       1      17       5               7                       2                                       2 
 16      14      17       1       1      17       5               7                       2      10  10  10  10  10  10  10       2 
 16      14      17       1       1      17       5               7                       2      10                      10       2 
 16      14  14  -1  13  -2  12  -1  11  -2  22  -1  21  21  21  -2  20  20  20  20  20  -1  19  -2  18  18  18  18      10       2 
 16              16       2      10      18       4               8                       3       9              18      10       2 
 16  16  16  16  16       2      10      18       4               8                       3       9              18      10       2 
                          2      10      18       4               8                       3       9              18      10       2 
                          2      10      18       4               8                       3   3  -1   4   4      18      10       2 
                          2      10      18       4               8                               8       4      18      10       2 
                          2      10      18       4               8   8   8   8   8   8   8   8   8       4      18      10       2 
                          2      10      18       4                                                       4      18      10       2 
                          2      10      18       4   4   4   4   4   4   4   4   4   4   4   4   4   4   4      18      10       2 
                          2      10      18                                                                      18      10       2 
                          2      10      18  18  18  18  18  18  18  18  18  18  18  18  18  18  18  18  18  18  18      10       2 
                          2      10                                                                                      10       2 
                          2      10  10  10  10  10  10  10  10  10  10  10  10  10  10  10  10  10  10  10  10  10  10  10       2 
                          2                                                                                                       2 
                          2   2   2   2   2   2   2   2   2   2   2   2   2   2   2   2   2   2   2   2   2   2   2   2   2   2   2 
