  5   5   5   5   5   5   5   5   5                                                                                 
  5                               5                                                                                 
  5      10  10  10  10  10  10  -1   9   9   9   9   9   9   9   9   9   9   9   9   9   9   9   9   9   9         
  5      10                       4                                                                       9         
  5      10       6   6   6   6  -2   7   7   7   7   7   7   7   7   7   7   7   7   7   7   7   7       9         
  5      10       6               3                                                               7       9         
  5      10       6               3                      11  11  11  11  11  11  11  11  11       7       9         
  5      10       6               3                      11                              11       7       9         
  5      10       6               3                      11      19  19  19  19  19      11       7       9         
  5      10       6               3                      11      19              19      11       7       9         
  5      10       6      12  12  -1  11  11  11  11  11  11      19      22  22  -2  11  11       7       9         
  5      10       6      12       2                              19      22      20               7       9         
  5      10       6      12       2              19  19  19  19  19      22      20               7       9         
  5      10       6      12       2              19                      22      20               7       9         
  5      10       6      12  12  -2  13  13  13  -1  14  14  14  14  14  -2  15  -1  16  16  16  -2  17  -1  18  18 
  5      10       6               1              18                      21      21               8       8      18 
  5      10       6               1              18                      21  21  21               8       8      18 
  5      10       6               1              18                                               8       8      18 
  5      10       6               1              18                                               8   8   8      18 
  5      10       6               1              18                                                              18 
  5      10       6               1              18  18  18  18  18  18  18  18  18  18  18  18  18  18  18  18  18 
  5      10       6               1                                                                                 
  5      10       6   6   6   6  -1   5   5                                                                         
  5      10                      10       5                                                                         
  5      10  10  10  10  10  10  10       5                                                                         
  5                                       5                                                                         
  5   5   5   5   5   5   5   5   5   5   5                                                                         
