         13  13  13  13  13  13  13  13  13  13  13  13  13  13  13  13  13  13  13  13  13  13  13  13  13  13  13  13  13 
         13                                                                                                              13 
         13      20  20  20  20  20  20  20  20  20  20  20  20  20  20  20  20  20  20  20  20  20  20  20  20  20      13 
         13      20                                                                                              20      13 
         13      20      18  18  18  18  18  18  18  18  18  18  18                                              20      13 
         13      20      18                                      18                                              20      13 
         13      20      18      10  10  10  10  10  10  10      18                                              20      13 
         13      20      18      10                      10      18                                              20      13 
         13      20      18  18  -2  19  19              10      18                                              20      13 
         13      20               9      19              10      18                                              20      13 
         13      20  20  20  20  -1  19  19              10      18                                              20      13 
         13                       8                      10      18                                              20      13 
         13                       8                      10      18                              14  14  14      20      13 
         13                       8                      10      18                              14      14      20      13 
         13                       8                      10      18      16  16  16  16  16      14      14      20      13 
         13                       8                      10      18      16              16      14      14      20      13 
         13  13  13  13  13  13  -2  12  12  12  12      10      18  18  -1  17  17  17  -2  22  -1  21  -2  20  20      13 
                                  7              12      10               5              15      15      13              13 
                                  7              12      10               5              15  15  15      13              13 
                                  7              12      10               5                              13              13 
                                  7              12      10               5                              13  13  13  13  13 
                                  7              12      10               5                                                 
  2   2   2   2   2   2   2   2  -1   1   1   1  -2   4  -1   3   3   3  -2   2   2                                         
  2                               6              11      11               6       2                                         
  2                               6              11  11  11               6       2                                         
  2                               6                                       6       2                                         
  2                               6   6   6   6   6   6   6   6   6   6   6       2                                         
  2                                                                               2                                         
  2   2   2   2   2   2   2   2   2   2   2   2   2   2   2   2   2   2   2   2   2                                         
