 16  16  16  16  16  16  16  16  16  16  16  16  16  16  16  16  16  16  16  16  16  16  16  16  16 
 16                                                                                              16 
 16      21  21  21  21  21  21  21  21  21  21  21  21  21  21  21  21  21  21  21  21  21      16 
 16      21                                                                              21      16 
 16      21                       3   3   3   3   3   3   3                              21      16 
 16      21                       3                       3                              21      16 
 16      21                       3       1   1   1       3                              21      16 
 16      21                       3       1       1       3                              21      16 
 16      21       5   5   5       3       1       1       3                              21      16 
 16      21       5       5       3       1       1       3                              21      16 
 16      21       5       5       3       1       1       3      17  17  17  17  17      21      16 
 16      21       5       5       3       1       1       3      17              17      21      16 
 16  16  -1  15  -2  14  -1  13  -2  12  -1  11  -2  10  -1   9  -2  22  22  22  -1  21  21      16 
         20       6       4       4       8       2       2      18              16              16 
         20       6       4       4       8       2       2      18              16  16  16  16  16 
         20       6       4       4       8       2       2      18                                 
         20       6       4   4   4       8       2       2      18                                 
         20       6                       8       2       2      18                                 
         20       6                       8       2   2   2      18                                 
         20       6                       8                      18                                 
         20       6                       8   8   8   8   8   8  -1   7   7                         
         20       6                                              19       7                         
         20       6   6   6   6   6   6   6   6   6   6   6   6  -2   7   7                         
         20                                                      20                                 
         20  20  20  20  20  20  20  20  20  20  20  20  20  20  20                                 
