 19  19  19  19  19  19  19  19  19  19  19  19  19  19  19  19  19  19  19  19  19                         
 19                                                                              19                         
 19       8   8   8   8   8   8   8   8   8   8   8   8   8   8   8   8   8      19                         
 19       8                                                               8      19                         
 19       8      22  22  22  22  22  22  22  22  22  22  22  22  22       8      19                         
 19       8      22                                              22       8      19                         
 19       8      22      12  12  12  12  12                      22       8      19                         
 19       8      22      12              12                      22       8      19                         
 19  19  -2  18  -1  17  -2  16  16  16  -1  15  15              22       8      19                         
          7       7      11              13      15              22       8      19                         
          7   7   7      11              13      15              22       8      19                         
                         11              13      15              22       8      19                         
                         11              13      15              22       8      19      11  11  11  11  11 
                         11              13      15              22       8      19      11              11 
                         11       4   4  -2   5  -1   6   6   6  -2   1  -1   2  -2   3  -1   4   4      11 
                         11       4      14      14              21       9      20      10       4      11 
                         11       4      14  14  14              21       9      20      10       4      11 
                         11       4                              21       9      20      10       4      11 
                         11       4                      10  10  -1   9   9      20      10       4      11 
                         11       4                      10      20              20      10       4      11 
                         11       4                      10      20  20  20  20  20      10       4      11 
                         11       4                      10                              10       4      11 
                         11       4                      10  10  10  10  10  10  10  10  10       4      11 
                         11       4                                                               4      11 
                         11       4   4   4   4   4   4   4   4   4   4   4   4   4   4   4   4   4      11 
                         11                                                                              11 
                         11  11  11  11  11  11  11  11  11  11  11  11  11  11  11  11  11  11  11  11  11 
