                  9   9   9   9   9   9   9   9   9   9   9   9   9   9   9   9   9   9   9   9   9 
                  9                                                                               9 
                  9      18  18  18  18  18  18  18  18  18  18  18  18  18  18  18  18  18       9 
                  9      18                                                              18       9 
                  9      18      14  14  14  14  14  14  14  14  14  14  14  14  14      18       9 
                  9      18      14                                              14      18       9 
                  9      18      14                      19  19  19  19  19      14      18       9 
                  9      18      14                      19              19      14      18       9 
                  9      18      14      12  12  12  12  -2  13  13  13  -1  14  14      18       9 
                  9      18      14      12              20              18              18       9 
                  9      18      14      12              20              18  18  18  18  18       9 
                  9      18      14      12              20                                       9 
                  9      18      14      12      10  10  -1   9   9   9   9   9   9   9   9   9   9 
                  9      18      14      12      10      21                                         
  2   2   2   2  -1   1  -2   6  -1   5  -2   4  -1   3  -2   2   2                                 
  2               8      17      15      11      11      22       2                                 
  2               8      17      15      11  11  11      22       2                                 
  2               8      17      15                      22       2                                 
  2      16  16  -2  17  17      15                      22       2                                 
  2      16       7              15                      22       2                                 
  2      16  16  -1  15  15  15  15                      22       2                                 
  2              22                                      22       2                                 
  2              22  22  22  22  22  22  22  22  22  22  22       2                                 
  2                                                               2                                 
  2   2   2   2   2   2   2   2   2   2   2   2   2   2   2   2   2                                 
