 14  14  14  14  14  14  14  14  14  14  14  14  14  14  14  14  14  14  14  14  14  14  14  14  14 
 14                                                                                              14 
 14      21  21  21  21  21  21  21  21  21  21  21  21  21  21  21  21  21  21  21  21  21      14 
 14      21                                                                              21      14 
 14      21                       3   3   3   3   3   3   3                              21      14 
 14      21                       3                       3                              21      14 
 14      21                       3       1   1   1       3                              21      14 
 14      21                       3       1       1       3                              21      14 
 14      21                       3       1       1       3      15  15  15  15  15      21      14 
 14      21                       3       1       1       3      15              15      21      14 
 14      21      19  19  19       3       1       1       3      15              15      21      14 
 14      21      19      19       3       1       1       3      15              15      21      14 
 14  14  -1  13  -2  12  -1  11  -2  10  -1   9  -2   8  -1   7  -2  22  22  22  -1  21  21      14 
         20      20      18       4       6       2       2      16              14              14 
         20  20  20      18       4       6       2       2      16              14              14 
                         18       4       6       2       2      16              14              14 
                         18       4       6       2       2      16              14  14  14  14  14 
                         18       4       6       2       2      16                                 
                         18       4       6       2   2   2      16                                 
                         18       4       6                      16                                 
                         18       4       6   6   6   6   6   6  -1   5   5                         
                         18       4                              17       5                         
                         18       4   4   4   4   4   4   4   4  -2   5   5                         
                         18                                      18                                 
                         18  18  18  18  18  18  18  18  18  18  18                                 
