 10  10  10  10  10  10  10  10  10  10  10  10  10  10  10  10  10  10  10  10  10  10  10  10  10 
 10                                                                                              10 
 10      17  17  17  17  17  17  17  17  17                                                      10 
 10      17                              17                                                      10 
 10      17              12  12  12      17                                                      10 
 10      17              12      12      17                                                      10 
 10      17              12      12      17      19  19  19  19  19  19  19  19  19  19  19      10 
 10      17              12      12      17      19                                      19      10 
 10      17              12      12      17      19      21  21  21  21  21  21  21      19      10 
 10      17              12      12      17      19      21                      21      19      10 
 10      17              12      12      17      19      21      15  15  15      21      19      10 
 10      17              12      12      17      19      21      15      15      21      19      10 
 10  10  -2   1   1   1  -1   2  -2   3  -1   4  -2   5  -1   6  -2   7  -1   8  -2   9  -1  10  10 
         18              13      11      16      20      20      16      14      22      18         
         18              13      11      16      20  20  20      16      14      22      18         
         18              13      11      16                      16      14      22      18         
         18              13      11      16  16  16  16  16  16  16      14      22      18         
         18              13      11                                      14      22      18         
         18      22  22  -2  11  11                                      14      22      18         
         18      22      14                                              14      22      18         
         18      22      14  14  14  14  14  14  14  14  14  14  14  14  14      22      18         
         18      22                                                              22      18         
         18      22  22  22  22  22  22  22  22  22  22  22  22  22  22  22  22  22      18         
         18                                                                              18         
         18  18  18  18  18  18  18  18  18  18  18  18  18  18  18  18  18  18  18  18  18         
