                                          1   1   1   1   1   1   1   1   1   1   1   1   1   1   1   1   1   1   1 
                                          1                                                                       1 
                                          1               9   9   9   9   9   9   9   9   9   9   9               1 
                                          1               9                                       9               1 
                                          1               9              19  19  19  19  19       9               1 
                                          1               9              19              19       9               1 
                                          1               9              19      10  10  -1   9   9               1 
                                          1               9              19      10      18                       1 
                                          1               9              19      10  10  -2   1   1   1   1   1   1 
                                          1               9              19              17                         
                                          1       3   3  -1   4   4   4  -2   5   5   5  -1   6   6   6   6         
                                          1       3       8              20              16               6         
  6   6   6   6   6   6   6   6   6       1       3       8              20              16               6         
  6                               6       1       3       8              20              16               6         
  6              21  21  21       6       1       3       8              20              16               6         
  6              21      21       6       1       3       8              20              16               6         
  6      16  16  -1  15  -2  14  -1  13  -2  12  -1  11  -2  22  22      20              16               6         
  6      16      20      22       7       2       2       7      22      20              16               6         
  6      16      20      22       7       2   2   2       7      22      20              16               6         
  6      16      20      22       7                       7      22      20              16               6         
  6      16      20      22       7   7   7   7   7   7   7      22      20              16               6         
  6      16      20      22                                      22      20              16               6         
  6      16      20      22  22  22  22  22  22  22  22  22  22  22      20              16               6         
  6      16      20                                                      20              16               6         
  6      16      20  20  20  20  20  20  20  20  20  20  20  20  20  20  20              16               6         
  6      16                                                                              16               6         
  6      16  16  16  16  16  16  16  16  16  16  16  16  16  16  16  16  16  16  16  16  16               6         
  6                                                                                                       6         
  6   6   6   6   6   6   6   6   6   6   6   6   6   6   6   6   6   6   6   6   6   6   6   6   6   6   6         
