  7   7   7   7   7   7   7   7   7   7   7                                                         
  7                                       7                                                         
  7      10  10  10  10  10  10  10  10  -1   9   9   9   9   9   9   9   9   9   9   9   9   9   9 
  7      10                               6                                                       9 
  7      10              14  14  14  14  -2  15  15  15  15  15  15  15  15  15  15  15  15       9 
  7      10              14               5                                              15       9 
  7      10              14  14  14  14  -1  13  13                                      15       9 
  7      10                               4      13                                      15       9 
  7      10      12  12  12  12  12  12  -2  13  13                                      15       9 
  7      10      12                       3                                              15       9 
  7      10      12  12  12  12  12  12  -1  11  11  11  11                              15       9 
  7      10                               2              11                              15       9 
  7      10  10  10  10  10  10  10  10  -2  11  11  11  11                              15       9 
  7                                       1                                              15       9 
  7                              19  19  -1  20  20  20  20  20  20                      15       9 
  7                              19       8                      20                      15       9 
  7                              19       8                      20      22  22  22      15       9 
  7                              19       8                      20      22      22      15       9 
  7                              19  19  -2  18  18  18  18  18  -1  17  -2  16  -1  15  15       9 
  7                                       7                      21      21       9               9 
  7                                       7                      21  21  21       9               9 
  7                                       7                                       9               9 
  7                                       7                                       9   9   9   9   9 
  7                                       7                                                         
  7   7   7   7   7   7   7   7   7   7   7                                                         
