 15  15  15  15  15  15  15  15  15  15  15  15  15  15  15  15  15  15  15  15  15  15  15  15  15         
 15                                                                                              15         
 15      21  21  21  21  21  21  21  21  21  21  21  21  21  21  21  21  21                      15         
 15      21                                                              21                      15         
 15      21      16  16  16  16  16                                      21                      15         
 15      21      16              16                                      21                      15         
 15      21  21  -2  20  20  20  -1  19  19                              21                      15         
 15              15              17      19                              21                      15         
 15  15  15  15  15              17      19                              21                      15         
                                 17      19                              21                      15         
                                 17      19              10  10  10      21                      15         
                                 17      19              10      10      21                      15         
                                 17      19              10      10      21      13  13  13      15         
                                 17      19              10      10      21      13      13      15         
                          6   6  -2   7  -1   8   8   8  -2   1  -1   2  -2   3  -1   4  -2   5  -1   6   6 
                          6      18      18               9      11      22      12      14      14       6 
                          6      18  18  18               9      11      22      12      14      14       6 
                          6                               9      11      22      12      14      14       6 
                          6                               9      11      22      12      14  14  14       6 
                          6                               9      11      22      12                       6 
                          6                      12  12  -1  11  11      22      12                       6 
                          6                      12      22              22      12                       6 
                          6                      12      22  22  22  22  22      12                       6 
                          6                      12                              12                       6 
                          6                      12  12  12  12  12  12  12  12  12                       6 
                          6                                                                               6 
                          6   6   6   6   6   6   6   6   6   6   6   6   6   6   6   6   6   6   6   6   6 
