 10  10  10  10  10  10  10  10  10  10  10  10  10  10  10  10  10  10  10  10  10                         
 10                                                                              10                         
 10                      18  18  18  18  18  18  18  18  18                      10                         
 10                      18                              18                      10                         
 10                      18       1   1   1   1   1      18                      10                         
 10                      18       1               1      18                      10                         
 10                      18       1               1      18                      10      12  12  12  12  12 
 10                      18       1               1      18                      10      12              12 
 10                      18       1      13  13  -1  14  -2  15  15  15  15  15  -1  16  -2  17  17      12 
 10                      18       1      13       4      17                      11      11      17      12 
 10                      18       1      13       4      17                      11  11  11      17      12 
 10                      18       1      13       4      17                                      17      12 
 10                      18       1      13       4      17  17  17  17  17  17  17  17  17  17  17      12 
 10                      18       1      13       4                                                      12 
 10                      18       1      13  13  -2  12  12  12  12  12  12  12  12  12  12  12  12  12  12 
 10                      18       1               3                                                         
 10                      18       1               3      20  20  20  20  20                                 
 10                      18       1               3      20              20                                 
 10      21  21  21      18       1               3      20              20                                 
 10      21      21      18       1               3      20              20                                 
 10  10  -1   9  -2   8  -1   7  -2   6   6   6  -1   5  -2  22  22      20                                 
         20      22      19       2               2      19      22      20                                 
         20      22      19       2   2   2   2   2      19      22      20                                 
         20      22      19                              19      22      20                                 
         20      22      19  19  19  19  19  19  19  19  19      22      20                                 
         20      22                                              22      20                                 
         20      22  22  22  22  22  22  22  22  22  22  22  22  22      20                                 
         20                                                              20                                 
         20  20  20  20  20  20  20  20  20  20  20  20  20  20  20  20  20                                 
