 22  22  22  22  22  22  22  22  22  22  22  22  22  22  22  22  22  22  22  22  22  22  22                                 
 22                                                                                      22                                 
 22      20  20  20  20  20  20  20  20  20  20  20  20  20  20  20  20  20  20  20      22                                 
 22      20                                                                      20      22                                 
 22      20                                                      11  11  11  11  -2  22  22                                 
 22      20                                                      11              19                                         
 22      20                                                      11      13  13  -1  14  14  14  14  14  14  14  14  14  14 
 22      20                                                      11      13      18                                      14 
 22      20       8   8   8   8   8   8   8   8   8   8   8      11      13      18                                      14 
 22      20       8                                       8      11      13      18                                      14 
 22      20       8                      15  15  15       8      11      13      18                                      14 
 22      20       8                      15      15       8      11      13      18                                      14 
 22      20       8                      15      15       8      11      13      18              16  16  16  16  16      14 
 22      20       8                      15      15       8      11      13      18              16              16      14 
 22      20       8      21  21  21      15      15       8      11      13      18              16              16      14 
 22      20       8      21      21      15      15       8      11      13      18              16              16      14 
 22      20       8   8  -1   7  -2   6  -1   5  -2   4  -1   3  -2   2  -1   1  -2  10  10  10  -1   9   9      16      14 
 22      20              20      22      14      16       9      12      12      17              17       9      16      14 
 22      20  20  20  20  20      22      14      16       9      12      12      17              17       9      16      14 
 22                              22      14      16       9      12      12      17              17       9      16      14 
 22  22  22  22  22  22  22  22  22      14      16       9      12      12      17              17       9      16      14 
                                         14      16       9      12      12      17              17       9      16      14 
                                         14      16       9      12      12      17  17  17  17  17       9      16      14 
                                         14      16       9      12      12                               9      16      14 
                                         14      16       9      12  12  12                               9      16      14 
                                         14      16       9                                               9      16      14 
                                         14      16       9   9   9   9   9   9   9   9   9   9   9   9   9      16      14 
                                         14      16                                                              16      14 
                                         14      16  16  16  16  16  16  16  16  16  16  16  16  16  16  16  16  16      14 
                                         14                                                                              14 
                                         14  14  14  14  14  14  14  14  14  14  14  14  14  14  14  14  14  14  14  14  14 
