          9   9   9   9   9   9   9   9   9   9   9   9   9   9   9   9   9   9   9   9   9   9   9   9   9   9   9 
          9                                                                                                       9 
          9      18  18  18  18  18  18  18  18  18  18  18  18  18  18  18  18  18  18  18  18  18  18  18       9 
          9      18                                                                                      18       9 
          9      18      16  16  16  16  16  16  16  16  16  16  16  16  16  16  16  16  16  16  16      18       9 
          9      18      16                                                                      16      18       9 
          9      18      16      19  19  19  19  19  19  19  19  19  19  19  19  19  19  19      16      18       9 
          9      18      16      19                                                      19      16      18       9 
          9      18      16      19      10  10  10  10  10  10  10  10  10  10  10      19      16      18       9 
          9      18      16      19      10                                      10      19      16      18       9 
          9      18      16      19      10                       3   3   3      10      19      16      18       9 
          9      18      16      19      10                       3       3      10      19      16      18       9 
          9      18      16      19      10      21  21  21       3       3      10      19      16      18       9 
          9      18      16      19      10      21      21       3       3      10      19      16      18       9 
          9      18      16      19      10  10  -2  11  -1  12  -2  13  -1  14  -2  15  -1  16  16      18       9 
          9      18      16      19              22      20       4       2       9      18              18       9 
          9      18      16      19              22      20       4       2       9      18  18  18  18  18       9 
          9      18      16      19              22      20       4       2       9                               9 
          9      18      16      19              22      20       4       2       9   9   9   9   9   9   9   9   9 
          9      18      16      19              22      20       4       2                                         
          9      18      16      19  19  19  19  -1  20  20       4       2                                         
          9      18      16                       7               4       2                                         
  2   2  -1   1  -2   6  -1   5   5   5   5   5  -2   4   4   4   4       2                                         
  2       8      17      17                       8                       2                                         
  2       8      17  17  17                       8                       2                                         
  2       8                                       8                       2                                         
  2       8   8   8   8   8   8   8   8   8   8   8                       2                                         
  2                                                                       2                                         
  2   2   2   2   2   2   2   2   2   2   2   2   2   2   2   2   2   2   2                                         
