                          7   7   7   7   7   7   7   7   7   7   7   7   7   7   7   7   7   7   7   7   7   7   7   7   7   7   7 
                          7                                                                                                       7 
                          7              19  19  19  19  19  19  19  19  19  19  19  19  19  19  19  19  19  19  19  19  19       7 
                          7              19                                                                              19       7 
                          7              19              15  15  15  15  15  15  15  15  15  15  15  15  15  15  15      19       7 
                          7              19              15                                                      15      19       7 
                          7              19              15              18  18  18  18  18  18  18  18  18      15      19       7 
                          7              19              15              18                              18      15      19       7 
                          7              19              15              18       8   8   8   8   8      18      15      19       7 
                          7              19              15              18       8               8      18      15      19       7 
                          7              19              15              18  18  -1  17  17  17  -2  16  -1  15  15      19       7 
                          7              19              15                       9               7      19              19       7 
                          7              19              15                       9               7      19  19  19  19  19       7 
                          7              19              15                       9               7                               7 
                          7              19              15                       9               7   7   7   7   7   7   7   7   7 
                          7              19              15                       9                                                 
  2   2   2   2   2   2  -1   1   1   1  -2   4   4   4  -1   3   3   3   3   3  -2   2   2                                         
  2                       6              20              14                      10       2                                         
  2      10  10  10  10  -2  11  11      20  20  20  20  -2  21  21              10       2                                         
  2      10               5      11                      13      21              10       2                                         
  2      10      12  12  -1  11  11              22  22  -1  21  21              10       2                                         
  2      10      12      22                      22      12                      10       2                                         
  2      10      12      22  22  22  22  22  22  22      12                      10       2                                         
  2      10      12                                      12                      10       2                                         
  2      10      12  12  12  12  12  12  12  12  12  12  12                      10       2                                         
  2      10                                                                      10       2                                         
  2      10  10  10  10  10  10  10  10  10  10  10  10  10  10  10  10  10  10  10       2                                         
  2                                                                                       2                                         
  2   2   2   2   2   2   2   2   2   2   2   2   2   2   2   2   2   2   2   2   2   2   2                                         
