  2   2   2   2   2   2   2   2   2   2   2   2   2   2   2   2   2   2   2   2   2                                         
  2                                                                               2                                         
  2      16  16  16  16  16  16  16  16  16  16  16  16  16  16  16  16  16       2                                         
  2      16                                                              16       2                                         
  2      16      19  19  19  19  19  19  19  19  19  19  19  19  19      16       2                                         
  2      16      19                                              19      16       2                                         
  2      16      19       9   9   9   9   9   9   9   9   9      19      16       2                                         
  2      16      19       9                               9      19      16       2                                         
  2      16      19       9      18  18  18  18  18       9      19      16       2                                         
  2      16      19       9      18              18       9      19      16       2                                         
  2      16      19  19  -1  20  -2  21  21      18       9      19      16       2                                         
  2      16               8      17      21      18       9      19      16       2                                         
  2      16  16  16  16  -2  17  17      21      18  18  -2  19  19      16       2                                         
  2                       7              21              10              16       2                                         
  2                       7      21  21  21              10              16       2                                         
  2                       7      21                      10              16       2                                         
  2   2   2   2   2   2  -1   1  -2   4   4   4   4   4  -1   3   3   3  -2   2   2                                         
                          6      22                      11              15                                                 
                          6      22                      11              15               6   6   6   6   6   6   6   6   6 
                          6      22                      11              15               6                               6 
                          6      22                      11              15               6      22  22  22  22  22       6 
                          6      22                      11              15               6      22              22       6 
                          6      22                      11  11  11  11  -1  12  12  12  -2  13  -1  14  14      22       6 
                          6      22                                      14               5       5      14      22       6 
                          6      22                                      14               5   5   5      14      22       6 
                          6      22                                      14                              14      22       6 
                          6      22                                      14  14  14  14  14  14  14  14  14      22       6 
                          6      22                                                                              22       6 
                          6      22  22  22  22  22  22  22  22  22  22  22  22  22  22  22  22  22  22  22  22  22       6 
                          6                                                                                               6 
                          6   6   6   6   6   6   6   6   6   6   6   6   6   6   6   6   6   6   6   6   6   6   6   6   6 
