  6   6   6   6   6   6   6   6   6   6   6   6   6   6   6   6   6   6   6   6   6   6   6   6   6   6   6   6   6 
  6                                                                                                               6 
  6                              15  15  15  15  15  15  15  15  15  15  15  15  15  15  15  15  15  15  15       6 
  6                              15                                                                      15       6 
  6                              15      17  17  17  17  17  17  17  17  17  17  17                      15       6 
  6                              15      17                                      17                      15       6 
  6                              15      17       8   8   8   8   8   8   8      17                      15       6 
  6                              15      17       8                       8      17                      15       6 
  6                              15      17  17  -2  16  16               8      17                      15       6 
  6                              15               7      16               8      17                      15       6 
  6                              15  15  15  15  -1  16  16               8      17                      15       6 
  6                                              22                       8      17                      15       6 
  6                                              22                       8      17      11  11  11      15       6 
  6                                              22                       8      17      11      11      15       6 
  6   6   6   6   6   6   6   6   6   6   6   6  -2   1   1   1   1   1  -1   2  -2   3  -1   4  -2   5  -1   6   6 
                                                 21                       9      18      10      12      14         
         14  14  14  14  14  14  14  14  14  14  -1  13  13  13  13       9      18      10      12      14         
         14                                      20              13       9      18      10      12      14         
         14      12  12  12  12  12  12  12  12  -2  13  13  13  13       9      18      10      12      14         
         14      12                              19                       9      18      10      12      14         
         14      12      10  10  10  10  10  10  -1   9   9   9   9   9   9      18      10      12      14         
         14      12      10                      18                              18      10      12      14         
         14      12      10                      18  18  18  18  18  18  18  18  18      10      12      14         
         14      12      10                                                              10      12      14         
         14      12      10  10  10  10  10  10  10  10  10  10  10  10  10  10  10  10  10      12      14         
         14      12                                                                              12      14         
         14      12  12  12  12  12  12  12  12  12  12  12  12  12  12  12  12  12  12  12  12  12      14         
         14                                                                                              14         
         14  14  14  14  14  14  14  14  14  14  14  14  14  14  14  14  14  14  14  14  14  14  14  14  14         
