 14  14  14  14  14  14  14  14  14  14  14  14  14  14  14  14  14  14  14  14  14  14  14  14  14                                         
 14                                                                                              14                                         
 14       4   4   4   4   4   4   4   4   4   4   4   4   4   4   4   4   4   4   4   4   4      14                                         
 14       4                                                                               4      14                                         
 14       4      15  15  15  15  15  15  15  15  15  15  15  15  15  15  15  15  15       4      14                                         
 14       4      15                                                              15       4      14                                         
 14       4      15       9   9   9   9   9   9   9   9   9   9   9   9   9      15       4      14                                         
 14       4      15       9                                               9      15       4      14                                         
 14       4      15       9                              16  16  16       9      15       4      14                                         
 14       4      15       9                              16      16       9      15       4      14                                         
 14       4      15       9       7   7   7   7   7   7  -1   8  -2   9   9      15       4      14                                         
 14       4      15       9       7                      17      15              15       4      14                                         
 14       4      15       9       7                      17      15  15  15  15  15       4      14                                         
 14       4      15       9       7                      17                               4      14                                         
 14       4   4  -1   3  -2   2  -1   1   1   1   1   1  -2   4   4   4   4   4   4   4   4      14                                         
 14              14      10       6                      18                                      14                                         
 14  14  14  14  14      10       6                      18                                      14                                         
                         10       6                      18                                      14                                         
                         10       6      13  13  13  13  -1  14  14  14  14  14  14  14  14  14  14                                         
                         10       6      13              19                                                                                 
                         10       6      13              19      10  10  10  10  10  10  10  10  10  10  10  10  10  10  10  10  10  10  10 
                         10       6      13              19      10                                                                      10 
                         10       6      13      22  22  -2   5  -1   6   6   6   6   6   6   6   6   6   6   6   6   6   6   6   6      10 
                         10       6      13      22      20      11                                                               6      10 
                         10       6      13      22      20      11                                      13  13  13  13  13       6      10 
                         10       6      13      22      20      11                                      13              13       6      10 
                         10       6      13      22      20  20  -2  21  21  21  21  21  21  21  21  21  -1  22  22      13       6      10 
                         10       6      13      22              12                                      12      22      13       6      10 
                         10       6      13      22              12  12  12  12  12  12  12  12  12  12  12      22      13       6      10 
                         10       6      13      22                                                              22      13       6      10 
                         10       6      13      22  22  22  22  22  22  22  22  22  22  22  22  22  22  22  22  22      13       6      10 
                         10       6      13                                                                              13       6      10 
                         10       6      13  13  13  13  13  13  13  13  13  13  13  13  13  13  13  13  13  13  13  13  13       6      10 
                         10       6                                                                                               6      10 
                         10       6   6   6   6   6   6   6   6   6   6   6   6   6   6   6   6   6   6   6   6   6   6   6   6   6      10 
                         10                                                                                                              10 
                         10  10  10  10  10  10  10  10  10  10  10  10  10  10  10  10  10  10  10  10  10  10  10  10  10  10  10  10  10 
