 16  16  16  16  16  16  16  16  16  16  16  16  16  16  16  16  16  16  16  16  16  16  16  16  16                                 
 16                                                                                              16                                 
 16       3   3   3   3   3   3   3   3   3   3   3   3   3   3   3   3   3   3   3   3   3      16                                 
 16       3                                                                               3      16                                 
 16       3      13  13  13  13  13  13  13  13  13  13  13  13  13  13  13  13  13       3      16                                 
 16       3      13                                                              13       3      16                                 
 16       3      13       6   6   6   6   6   6   6   6   6   6   6   6   6      13       3      16                                 
 16       3      13       6                                               6      13       3      16                                 
 16       3      13       6              18  18  18  18  18               6      13       3      16                                 
 16       3      13       6              18              18               6      13       3      16                                 
 16       3      13       6   6   6   6  -1   5   5      18               6      13       3      16                                 
 16       3      13                      19       5      18               6      13       3      16                                 
 16       3   3  -1   4   4   4   4   4  -2   5   5      18               6      13       3      16                                 
 16              12                      20              18               6      13       3      16                                 
 16  16  16  16  -2  17  17  17  17  17  -1  18  18  18  18               6      13       3      16                                 
                 11                      21                               6      13       3      16                                 
                 11                      21                               6      13       3      16      11  11  11  11  11  11  11 
                 11                      21                               6      13       3      16      11                      11 
                 11              15  15  -2  14  14  14  14  14  14  14  -1  13  13       3      16  16  -1  15  15  15  15      11 
                 11              15      22                               1               3              10              15      11 
                 11              15      22                       9   9  -2   8   8   8  -1   7   7   7  -2  22  22      15      11 
                 11              15      22                       9       2               2               9      22      15      11 
                 11              15      22                       9       2   2   2   2   2               9      22      15      11 
                 11              15      22                       9                                       9      22      15      11 
                 11              15      22                       9   9   9   9   9   9   9   9   9   9   9      22      15      11 
                 11              15      22                                                                      22      15      11 
                 11              15      22  22  22  22  22  22  22  22  22  22  22  22  22  22  22  22  22  22  22      15      11 
                 11              15                                                                                      15      11 
                 11              15  15  15  15  15  15  15  15  15  15  15  15  15  15  15  15  15  15  15  15  15  15  15      11 
                 11                                                                                                              11 
                 11  11  11  11  11  11  11  11  11  11  11  11  11  11  11  11  11  11  11  11  11  11  11  11  11  11  11  11  11 
