                                         18  18  18  18  18  18  18  18  18  18  18  18  18  18  18  18  18  18  18  18  18  18  18 
                                         18                                                                                      18 
                                         18       1   1   1   1   1   1   1   1   1   1   1   1   1   1   1   1   1   1   1      18 
                                         18       1                                                                       1      18 
                                         18       1              17  17  17  17  17  17  17  17  17  17  17  17  17       1      18 
                                         18       1              17                                              17       1      18 
                                         18       1              17      15  15  15  15  15                      17       1      18 
                                         18       1              17      15              15                      17       1      18 
                                         18       1              17      15       5   5  -1   6   6   6   6   6  -2   1   1      18 
                                         18       1              17      15       5      14                      18              18 
                                         18       1              17      15       5      14                      18  18  18  18  18 
                                         18       1              17      15       5      14                                         
                                         18       1              17      15       5   5  -2   4   4   4   4                         
                                         18       1              17      15              13               4                         
  4   4   4   4   4   4   4   4   4      18       1              17      15              13               4                         
  4                               4      18       1              17      15              13               4                         
  4      21  21  21  21  21       4      18       1              17      15              13               4                         
  4      21              21       4      18       1              17      15              13               4                         
  4      21      12  12  -1  11  -2  10  -1   9  -2   8   8   8  -1   7  -2  22  22  22  -1  21  21       4                         
  4      21      12      20       3      19       2              16      16              12      21       4                         
  4      21      12      20       3      19       2              16  16  16              12      21       4                         
  4      21      12      20       3      19       2                                      12      21       4                         
  4      21      12      20       3      19  19  -1  20  20                              12      21       4                         
  4      21      12      20       3               3      20                              12      21       4                         
  4      21      12      20       3   3   3   3   3      20                              12      21       4                         
  4      21      12      20                              20                              12      21       4                         
  4      21      12      20  20  20  20  20  20  20  20  20                              12      21       4                         
  4      21      12                                                                      12      21       4                         
  4      21      12  12  12  12  12  12  12  12  12  12  12  12  12  12  12  12  12  12  12      21       4                         
  4      21                                                                                      21       4                         
  4      21  21  21  21  21  21  21  21  21  21  21  21  21  21  21  21  21  21  21  21  21  21  21       4                         
  4                                                                                                       4                         
  4   4   4   4   4   4   4   4   4   4   4   4   4   4   4   4   4   4   4   4   4   4   4   4   4   4   4                         
