         18  18  18  18  18  18  18  18  18  18  18  18  18  18  18  18  18  18  18  18  18  18  18  18  18 
         18                                                                                              18 
         18      10  10  10  10  10  10  10  10  10  10  10  10  10  10  10  10  10  10  10  10  10      18 
         18      10                                                                              10      18 
         18      10      19  19  19  19  19  19  19  19  19  19  19  19  19  19  19  19  19      10      18 
         18      10      19                                                              19      10      18 
         18      10      19                                               2   2   2      19      10      18 
         18      10      19                                               2       2      19      10      18 
         18      10      19      21  21  21  21  21                       2       2      19      10      18 
         18      10      19      21              21                       2       2      19      10      18 
         18      10  10  -2  11  -1  12  12  12  -2   7   7   7   7   7  -1   8  -2   9  -1  10  10      18 
         18              20      20              22                       3       1      18              18 
         18              20  20  20              22                       3       1      18              18 
         18                                      22                       3       1      18              18 
         18                                      22                       3       1      18  18  18  18  18 
         18                                      22                       3       1                         
         18                      16  16  16  16  -1  15  15  15  15       3       1                         
         18                      16              13              15       3       1                         
         18  18  18  18  18      16              13              15       3       1                         
                         18      16              13              15       3       1                         
  1   1   1   1   1   1  -2   6  -1   5   5   5  -2   4   4      15       3       1                         
  1                      17      17              14       4      15       3       1                         
  1                      17  17  17              14       4      15       3       1                         
  1                                              14       4      15       3       1                         
  1                                       3   3  -1   4   4      15       3       1                         
  1                                       3      15              15       3       1                         
  1                                       3      15  15  15  15  15       3       1                         
  1                                       3                               3       1                         
  1                                       3   3   3   3   3   3   3   3   3       1                         
  1                                                                               1                         
  1   1   1   1   1   1   1   1   1   1   1   1   1   1   1   1   1   1   1   1   1                         
