                                         11  11  11  11  11  11  11  11  11  11  11  11  11  11  11  11  11  11  11 
                                         11                                                                      11 
                                         11              18  18  18  18  18  18  18  18  18  18  18  18  18      11 
                                         11              18                                              18      11 
                                         11              18              22  22  22  22  22  22  22      18      11 
                                         11              18              22                      22      18      11 
                          1   1   1   1  -2   4   4      18      16  16  -2  17  17  17  17  17  -1  18  18      11 
                          1              12       4      18      16      21                      11              11 
                          1              12       4      18      16      21                      11  11  11  11  11 
                          1              12       4      18      16      21                                         
                          1       3   3  -1   4   4      18      16  16  -1  15  15  15  15                         
                          1       3      13              18              20              15                         
 15  15  15  15  15       1       3      13              18              20              15                         
 15              15       1       3      13              18              20              15                         
 15       8   8  -1   7  -2   6  -1   5  -2  10  10  10  -1   9   9   9  -2   8   8      15                         
 15       8      14       2       2      14              19              19       8      15                         
 15       8      14       2       2      14              19  19  19  19  19       8      15                         
 15       8      14       2       2      14                                       8      15                         
 15       8      14       2   2   2      14                                       8      15                         
 15       8      14                      14                                       8      15                         
 15       8      14  14  14  14  14  14  14                                       8      15                         
 15       8                                                                       8      15                         
 15       8   8   8   8   8   8   8   8   8   8   8   8   8   8   8   8   8   8   8      15                         
 15                                                                                      15                         
 15  15  15  15  15  15  15  15  15  15  15  15  15  15  15  15  15  15  15  15  15  15  15                         
