                 15  15  15  15  15  15  15  15  15  15  15  15  15  15  15  15  15  15  15  15  15  15  15                 
                 15                                                                                      15                 
                 15      17  17  17  17  17  17  17  17  17  17  17  17  17  17  17  17  17  17  17      15                 
                 15      17                                                                      17      15                 
                 15      17      19  19  19  19  19  19  19  19  19  19  19  19  19              17      15                 
                 15      17      19                                              19              17      15                 
                 15      17      19      11  11  11  11  11  11  11              19              17      15                 
                 15      17      19      11                      11              19              17      15                 
                 15      17      19  19  -1  20  20  20  20      11              19              17      15                 
                 15      17              10              20      11              19              17      15                 
                 15      17  17  17  17  -2  16  16      20      11              19              17      15                 
                 15                       9      16      20      11              19              17      15                 
                 15  15  15  15  15  15  -1  16  16      20      11      13  13  -1  14  14  14  -2  15  15                 
                                          8              20      11      13      22              18                         
                                          8              20      11      13      22  22  22      18                         
                                          8              20      11      13              22      18                         
                                          8              20      11      13  13  13      22      18                         
                                          8              20      11              13      22      18                         
 21  21  21  21  21  21  21  21  21  21  -2  20  20  20  20      11              13      22  22  -1  21  21  21  21  21  21 
 21                                       7                      11              13               5                      21 
 21       2   2   2   2   2   2   2   2  -1   1   1   1   1   1  -2   4   4   4  -1   3   3   3  -2   2   2   2   2      21 
 21       2                               6                      12              12               6               2      21 
 21       2                               6                      12  12  12  12  12               6               2      21 
 21       2                               6                                                       6               2      21 
 21       2                               6   6   6   6   6   6   6   6   6   6   6   6   6   6   6               2      21 
 21       2                                                                                                       2      21 
 21       2   2   2   2   2   2   2   2   2   2   2   2   2   2   2   2   2   2   2   2   2   2   2   2   2   2   2      21 
 21                                                                                                                      21 
 21  21  21  21  21  21  21  21  21  21  21  21  21  21  21  21  21  21  21  21  21  21  21  21  21  21  21  21  21  21  21 
