 18  18  18  18  18  18  18  18  18  18  18  18  18  18  18  18  18  18  18  18  18  18  18  18  18  18  18 
 18                                                                                                      18 
 18      12  12  12  12  12  12  12  12  12  12  12  12  12  12  12  12  12  12  12  12  12  12  12      18 
 18      12                                                                                      12      18 
 18      12      19  19  19  19  19  19  19  19  19  19  19  19  19  19  19  19  19              12      18 
 18      12      19                                                              19              12      18 
 18      12      19                                                      22  22  -2  17  17  17  -1  18  18 
 18      12      19                                                      22      20              13         
 18      12      19       3   3   3   3   3   3   3   3   3   3   3      22      20              13         
 18      12      19       3                                       3      22      20              13         
 18      12      19       3       1   1   1   1   1   1   1       3      22      20              13         
 18      12      19       3       1                       1       3      22      20              13         
 18      12      19       3       1      14  14  14       1       3      22      20              13         
 18      12      19       3       1      14      14       1       3      22      20              13         
 18      12  12  -1  11  -2  10  -1   9  -2   8  -1   7  -2   6  -1   5  -2  16  -1  15  15      13         
 18              18       4       4      13      15       2       2      21      21      15      13         
 18              18       4       4      13      15       2       2      21  21  21      15      13         
 18              18       4       4      13      15       2       2                      15      13         
 18  18  18  18  18       4       4      13      15       2       2                      15      13         
                          4       4      13      15       2       2                      15      13         
                          4   4   4      13      15       2       2                      15      13         
                                         13      15       2       2                      15      13         
                                         13      15       2   2   2                      15      13         
                                         13      15                                      15      13         
                                         13      15  15  15  15  15  15  15  15  15  15  15      13         
                                         13                                                      13         
                                         13  13  13  13  13  13  13  13  13  13  13  13  13  13  13         
