  6   6   6   6   6   6   6   6   6                                                 
  6                               6                                                 
  6                               6      22  22  22  22  22  22  22  22  22  22  22 
  6                               6      22                                      22 
  6                               6      22      14  14  14  14  14  14  14      22 
  6                               6      22      14                      14      22 
  6                               6      22      14      10  10  10      14      22 
  6                               6      22      14      10      10      14      22 
  6      16  16  16  16  16  16  -2  17  -1  18  -2  19  -1  20  -2  21  -1  22  22 
  6      16                       5       7      13      11       9      15         
  6      16       8   8   8   8  -1   7   7      13      11       9      15         
  6      16       8               4              13      11       9      15         
  6      16       8      12  12  -2  13  13  13  13      11       9      15         
  6      16       8      12       3                      11       9      15         
  6      16       8      12  12  -1  11  11  11  11  11  11       9      15         
  6      16       8               2                               9      15         
  6      16       8   8   8   8  -2   9   9   9   9   9   9   9   9      15         
  6      16                       1                                      15         
  6      16  16  16  16  16  16  -1  15  15  15  15  15  15  15  15  15  15         
  6                               6                                                 
  6   6   6   6   6   6   6   6   6                                                 
