                                                 14  14  14  14  14  14  14  14  14  14  14  14  14  14  14  14  14 
                                                 14                                                              14 
                                                 14       8   8   8   8   8   8   8   8   8   8   8   8   8      14 
                                                 14       8                                               8      14 
                                                 14       8      15  15  15  15  15  15  15  15  15       8      14 
                                                 14       8      15                              15       8      14 
                                                 14       8      15               2   2   2      15       8      14 
                                                 14       8      15               2       2      15       8      14 
  9   9   9   9   9   9   9   9   9              14       8      15               2       2      15       8      14 
  9                               9              14       8      15               2       2      15       8      14 
  9       4   4   4               9              14       8      15               2       2      15       8      14 
  9       4       4               9              14       8      15               2       2      15       8      14 
  9   9  -1  10  -2  11  11  11  -1  12  12      14       8   8  -2   5   5   5  -1   6  -2   7  -1   8   8      14 
          1       3              18      12      14              16               3       1      14              14 
          1       3              18      12      14              16               3       1      14  14  14  14  14 
          1       3              18      12      14              16               3       1                         
          1       3      22  22  -2  19  -1  20  -2  21  21  21  -1  22  22       3       1                         
          1       3      22      17      13      13              17      22       3       1                         
          1       3      22      17      13  13  13              17      22       3       1                         
          1       3      22      17                              17      22       3       1                         
          1       3      22      17  17  17  17  17  17  17  17  17      22       3       1                         
          1       3      22                                              22       3       1                         
          1       3      22  22  22  22  22  22  22  22  22  22  22  22  22       3       1                         
          1       3                                                               3       1                         
          1       3   3   3   3   3   3   3   3   3   3   3   3   3   3   3   3   3       1                         
          1                                                                               1                         
          1   1   1   1   1   1   1   1   1   1   1   1   1   1   1   1   1   1   1   1   1                         
