                                                          4   4   4   4   4   4   4   4   4   4   4   4   4 
                                                          4                                               4 
 20  20  20  20  20  20  20  20  20  20  20  20  20       4                                               4 
 20                                              20       4                                               4 
 20       6   6   6   6   6                      20       4                                               4 
 20       6               6                      20       4                                               4 
 20       6               6                      20       4      19  19  19  19  19  19  19  19  19       4 
 20       6               6                      20       4      19                              19       4 
 20       6               6                      20       4      19      17  17  17              19       4 
 20       6               6                      20       4      19      17      17              19       4 
 20       6               6      22  22  22      20       4      19      17      17              19       4 
 20       6               6      22      22      20       4      19      17      17              19       4 
 20       6      15  15  -2  14  -1  13  -2  12  -1  11  -2  10  -1   9  -2   8  -1   7   7      19       4 
 20       6      15       5       5      21      21       3      18      18      16       7      19       4 
 20       6      15       5       5      21  21  21       3      18      18      16       7      19       4 
 20       6      15       5       5                       3      18      18      16       7      19       4 
 20       6      15       5       5                       3      18  18  18      16       7      19       4 
 20       6      15       5       5                       3                      16       7      19       4 
 20       6      15       5   5   5                       3                      16       7      19       4 
 20       6      15                                       3                      16       7      19       4 
 20       6      15  15  15  15  15  15  15  15  15  15  -1  16  16  16  16  16  16       7      19       4 
 20       6                                               2                               7      19       4 
 20       6   6   6   6   6   6   6   6   6   6   6   6  -2   7   7   7   7   7   7   7   7      19       4 
 20                                                       1                                      19       4 
 20  20  20  20  20  20  20  20  20  20  20  20  20  20  -1  19  19  19  19  19  19  19  19  19  19       4 
                                                          4                                               4 
                                                          4   4   4   4   4   4   4   4   4   4   4   4   4 
