  6   6   6   6   6   6   6   6   6   6   6   6   6   6   6   6   6   6   6   6   6   6   6   6   6   6   6 
  6                                                                                                       6 
  6      17  17  17  17  17  17  17  17  17  17  17  17  17  17  17  17  17  17  17  17  17  17  17       6 
  6      17                                                                                      17       6 
  6      17                                                      10  10  10  10  10  10  10      17       6 
  6      17                                                      10                      10      17       6 
  6      17                                                      10      12  12  12      10      17       6 
  6      17                                                      10      12      12      10      17       6 
  6      17                              19  19  19              10      12      12      10      17       6 
  6      17                              19      19              10      12      12      10      17       6 
  6   6  -2   7   7   7   7   7   7   7  -1   8  -2   1   1   1  -1   2  -2   3  -1   4  -2   5  -1   6   6 
         18                              18      20              11      11      13       9      16         
         18  18  18  18  18  18  18  18  18      20              11      11      13       9      16         
                                                 20              11      11      13       9      16         
                                                 20              11  11  11      13       9      16         
                                                 20                              13       9      16         
                 16  16  16  16  16  16  16  16  -1  15  15                      13       9      16         
                 16                              21      15                      13       9      16         
                 16       9   9   9   9   9      21      15                      13       9      16         
                 16       9               9      21      15                      13       9      16         
                 16       9      13  13  -1  14  -2  15  15                      13       9      16         
                 16       9      13      22      22                              13       9      16         
                 16       9      13      22  22  22                              13       9      16         
                 16       9      13                                              13       9      16         
                 16       9      13  13  13  13  13  13  13  13  13  13  13  13  13       9      16         
                 16       9                                                               9      16         
                 16       9   9   9   9   9   9   9   9   9   9   9   9   9   9   9   9   9      16         
                 16                                                                              16         
                 16  16  16  16  16  16  16  16  16  16  16  16  16  16  16  16  16  16  16  16  16         
