                 13  13  13  13  13  13  13  13  13  13  13  13  13  13  13  13  13  13  13  13  13  13  13  13  13 
                 13                                                                                              13 
                 13       9   9   9   9   9                                                                      13 
                 13       9               9                                                                      13 
                 13       9               9      11  11  11  11  11  11  11  11  11  11  11  11  11  11  11      13 
                 13       9               9      11                                                      11      13 
                 13       9               9      11      19  19  19  19  19  19  19  19  19  19  19      11      13 
                 13       9               9      11      19                                      19      11      13 
                 13  13  -1  14  14       9      11      19      12  12  12  12  12  12  12  12  -1  11  11      13 
                          8      14       9      11      19      12                              18              13 
                          8      14       9      11      19      12              16  16  16      18              13 
                          8      14       9      11      19      12              16      16      18              13 
 15  15  15  15  15  15  -2  14  14       9      11      19  19  -1  20  20  20  -2  21  -1  22  -2  13  13  13  13 
 15                       7               9      11               5              15      17      17                 
 15                       7               9      11               5              15      17  17  17                 
 15                       7               9      11               5              15                                 
 15       2   2   2   2  -1   1   1   1  -2   4  -1   3   3   3  -2   2   2      15                                 
 15       2               6              10      10               6       2      15                                 
 15       2               6              10  10  10               6       2      15                                 
 15       2               6                                       6       2      15                                 
 15       2               6   6   6   6   6   6   6   6   6   6   6       2      15                                 
 15       2                                                               2      15                                 
 15       2   2   2   2   2   2   2   2   2   2   2   2   2   2   2   2   2      15                                 
 15                                                                              15                                 
 15  15  15  15  15  15  15  15  15  15  15  15  15  15  15  15  15  15  15  15  15                                 
