 10  10  10  10  10  10  10  10  10  10  10  10  10  10  10  10  10  10  10  10  10  10  10  10  10 
 10                                                                                              10 
 10              12  12  12                                                                      10 
 10              12      12                                                                      10 
 10              12      12      14  14  14                                                      10 
 10              12      12      14      14                                                      10 
 10              12      12      14      14      19  19  19  19  19  19  19  19  19  19  19      10 
 10              12      12      14      14      19                                      19      10 
 10              12      12      14      14      19                      17  17  17      19      10 
 10              12      12      14      14      19                      17      17      19      10 
 10              12      12      14      14      19      21  21  21      17      17      19      10 
 10              12      12      14      14      19      21      21      17      17      19      10 
 10  10  10  10  -2   1  -1   2  -2   3  -1   4  -2   5  -1   6  -2   7  -1   8  -2   9  -1  10  10 
                 11      13      13      15      20      20      22      16      18      18         
                 11      13      13      15      20  20  20      22      16      18      18         
                 11      13      13      15                      22      16      18      18         
                 11      13      13      15                      22      16      18  18  18         
                 11      13      13      15                      22      16                         
                 11      13  13  13      15                      22      16                         
                 11                      15                      22      16                         
         16  16  -1  15  15  15  15  15  15                      22      16                         
         16      22                                              22      16                         
         16      22  22  22  22  22  22  22  22  22  22  22  22  22      16                         
         16                                                              16                         
         16  16  16  16  16  16  16  16  16  16  16  16  16  16  16  16  16                         
