 21  21  21  21  21  21  21  21  21  21  21  21  21  21  21  21  21  21  21  21  21  21  21  21  21  21  21         
 21                                                                                                      21         
 21      14  14  14  14  14  14  14  14  14  14  14  14  14  14  14  14  14  14  14  14  14  14  14      21         
 21      14                                                                                      14      21         
 21      14                                              18  18  18  18  18  18  18  18  18      14      21         
 21      14                                              18                              18      14      21         
 21      14                                              18       2   2   2   2   2      18      14      21         
 21      14                                              18       2               2      18      14      21         
 21      14      22  22  22                              18       2               2      18      14      21         
 21      14      22      22                              18       2               2      18      14      21         
 21      14  14  -2  15  -1  16  16  16  16  16  16  16  -2   5  -1   6   6   6  -2   7  -1   8  -2   9  -1  10  10 
 21              21      17                              17       3               1      19      13      20      10 
 21  21  21  21  21      17                              17       3               1      19      13      20      10 
                         17                              17       3               1      19      13      20      10 
                         17  17  17  17  17  17  17  17  17       3               1      19      13      20      10 
                                                                  3               1      19      13      20      10 
                                 10  10  10  10  10  10  10  10  -2  11  11       1      19      13      20      10 
                                 10                               4      11       1      19      13      20      10 
                                 10      20  20  20  20  20       4      11       1      19      13      20      10 
                                 10      20              20       4      11       1      19      13      20      10 
                                 10      20      13  13  -2  12  -1  11  11       1      19      13      20      10 
                                 10      20      13      19       1               1      19      13      20      10 
                                 10      20      13      19       1   1   1   1   1      19      13      20      10 
                                 10      20      13      19                              19      13      20      10 
                                 10      20      13      19  19  19  19  19  19  19  19  19      13      20      10 
                                 10      20      13                                              13      20      10 
                                 10      20      13  13  13  13  13  13  13  13  13  13  13  13  13      20      10 
                                 10      20                                                              20      10 
                                 10      20  20  20  20  20  20  20  20  20  20  20  20  20  20  20  20  20      10 
                                 10                                                                              10 
                                 10  10  10  10  10  10  10  10  10  10  10  10  10  10  10  10  10  10  10  10  10 
