 20  20  20  20  20  20  20  20  20  20  20  20  20  20  20  20  20  20  20  20  20  20  20                         
 20                                                                                      20                         
 20      18  18  18  18  18  18  18  18  18  18  18  18  18  18  18  18  18  18  18      20                         
 20      18                                                                      18      20                         
 20      18      21  21  21  21  21  21  21  21  21  21  21  21  21  21  21      18      20                         
 20      18      21                                                      21      18      20                         
 20      18      21       6   6   6   6   6   6   6   6   6   6   6      21      18      20                         
 20      18      21       6                                       6      21      18      20                         
 20      18      21       6       4   4   4                       6      21      18      20                         
 20      18      21       6       4       4                       6      21      18      20                         
 20      18      21       6       4       4      10  10  10       6      21      18      20                         
 20      18      21       6       4       4      10      10       6      21      18      20                         
 20      18  18  -1  17  -2  16  -1  15  -2  14  -1  13  -2  22  -1  21  21      18      20                         
 20              20       5       5       3      11       9       1              18      20                         
 20  20  20  20  20       5       5       3      11       9       1              18      20                         
                          5       5       3      11       9       1              18      20                         
                          5   5   5       3      11       9       1              18      20                         
                                          3      11       9       1              18      20                         
                                          3      11       9       1              18      20       3   3   3   3   3 
                                          3      11       9       1              18      20       3               3 
                                          3      11       9   9  -2   8   8   8  -1   7  -2  12  -1  11  11       3 
                                          3      11               2              19      19       2      11       3 
                                          3      11               2              19  19  19       2      11       3 
                                          3      11               2                               2      11       3 
                                          3      11               2   2   2   2   2   2   2   2   2      11       3 
                                          3      11                                                      11       3 
                                          3      11  11  11  11  11  11  11  11  11  11  11  11  11  11  11       3 
                                          3                                                                       3 
                                          3   3   3   3   3   3   3   3   3   3   3   3   3   3   3   3   3   3   3 
