 21  21  21  21  21  21  21  21  21  21  21  21  21  21  21  21  21  21  21  21  21  21  21         
 21                                                                                      21         
 21                       6   6   6   6   6   6   6   6   6   6   6   6   6   6   6      21         
 21                       6                                                       6      21         
 21                       6       2   2   2                                       6      21         
 21                       6       2       2                                       6      21         
 21                       6       2       2       4   4   4   4   4   4   4       6      21         
 21                       6       2       2       4                       4       6      21         
 21      17  17  17       6       2       2       4                       4       6      21         
 21      17      17       6       2       2       4                       4       6      21         
 21      17      17       6       2       2       4      19  19  19       4       6      21         
 21      17      17       6       2       2       4      19      19       4       6      21         
 21  21  -1  22  -2   7  -1   8  -2   9  -1  10  -2  11  -1  12  -2  13  -1  14  -2  15  -1  16  16 
         16      18       1       1       3       3      18      20       5       5      20      16 
         16      18       1       1       3       3      18      20       5   5   5      20      16 
         16      18       1       1       3       3      18      20                      20      16 
         16      18       1       1       3       3      18      20  20  20  20  20  20  20      16 
         16      18       1       1       3       3      18                                      16 
         16      18       1       1       3   3   3      18                                      16 
         16      18       1       1                      18                                      16 
         16      18       1   1   1                      18                                      16 
         16      18                                      18                                      16 
         16      18  18  18  18  18  18  18  18  18  18  18                                      16 
         16                                                                                      16 
         16  16  16  16  16  16  16  16  16  16  16  16  16  16  16  16  16  16  16  16  16  16  16 
