  8   8   8   8   8   8   8   8   8   8   8   8   8   8   8   8   8   8   8   8   8   8   8   8   8   8   8 
  8                                                                                                       8 
  8              10  10  10  10  10                                                                       8 
  8              10              10                                                                       8 
  8              10              10      12  12  12                                                       8 
  8              10              10      12      12                                                       8 
  8              10              10      12      12                      16  16  16  16  16  16  16       8 
  8              10              10      12      12                      16                      16       8 
  8              10              10      12      12      20  20  20      16                      16       8 
  8              10              10      12      12      20      20      16                      16       8 
  8   8   8   8  -2   1   1   1  -1   2  -2   3  -1   4  -2   5  -1   6  -2   7   7   7   7   7  -1   8   8 
                  9              11      11      13      19      21      15                      17         
                  9              11  11  11      13      19      21      15                      17         
                  9                              13      19      21      15                      17         
         17  17  -1  18  18                      13      19      21  21  -1  22  22  22  22      17         
         17      22      18                      13      19              14              22      17         
         17      22      18                      13      19  19  19  19  -2  18  18      22      17         
         17      22      18                      13                      13      18      22      17         
         17      22      18                      13  13  13  13  13  13  13      18      22      17         
         17      22      18                                                      18      22      17         
         17      22      18  18  18  18  18  18  18  18  18  18  18  18  18  18  18      22      17         
         17      22                                                                      22      17         
         17      22  22  22  22  22  22  22  22  22  22  22  22  22  22  22  22  22  22  22      17         
         17                                                                                      17         
         17  17  17  17  17  17  17  17  17  17  17  17  17  17  17  17  17  17  17  17  17  17  17         
