 10  10  10  10  10  10  10  10  10  10  10  10  10  10  10  10  10  10  10  10  10  10  10  10  10 
 10                                                                                              10 
 10      19  19  19  19  19  19  19  19  19  19  19  19  19  19  19  19  19  19  19  19  19      10 
 10      19                                                                              19      10 
 10      19      12  12  12  12  12  12  12  12  12  12  12  12  12  12  12  12  12      19      10 
 10      19      12                                                              12      19      10 
 10      19      12      14  14  14                                              12      19      10 
 10      19      12      14      14                                              12      19      10 
 10      19      12      14      14      16  16  16  16  16  16  16  16  16      12      19      10 
 10      19      12      14      14      16                              16      12      19      10 
 10      19      12      14      14      16      21  21  21  21  21      16      12      19      10 
 10      19      12      14      14      16      21              21      16      12      19      10 
 10  10  -2   1  -1   2  -2   3  -1   4  -2   5  -1   6   6   6  -2   7  -1   8  -2   9  -1  10  10 
         20      13      13      15      15      20              22      17      11      18         
         20      13      13      15  15  15      20              22      17      11      18         
         20      13      13                      20              22      17      11      18         
         20      13  13  13                      20              22      17      11      18         
         20                                      20              22      17      11      18         
         20  20  20  20  20  20  20  20  20  20  20              22      17      11      18         
                                                                 22      17      11      18         
                                                         18  18  -1  17  17      11      18         
                                                         18      11              11      18         
                                                         18      11  11  11  11  11      18         
                                                         18                              18         
                                                         18  18  18  18  18  18  18  18  18         
