                          8   8   8   8   8   8   8   8   8   8   8   8   8   8   8   8   8   8   8   8   8 
                          8                                                                               8 
                          8      19  19  19  19  19  19  19  19  19  19  19  19  19  19  19  19  19       8 
                          8      19                                                              19       8 
                          8      19      10  10  10  10  10  10  10  10  10  10  10  10  10      19       8 
                          8      19      10                                              10      19       8 
                          8      19      10      12  12  12                              10      19       8 
                          8      19      10      12      12                              10      19       8 
                          8      19      10      12      12      16  16  16  16  16      10      19       8 
                          8      19      10      12      12      16              16      10      19       8 
                          8   8  -2   1  -1   2  -2   3  -1   4  -2   5   5   5  -1   6  -2   7  -1   8   8 
                                 20      11      11      13      15              17       9      18         
                                 20      11  11  11      13      15              17       9      18         
                                 20                      13      15              17       9      18         
 22  22  22  22  22              20                      13      15              17       9      18         
 22              22              20                      13      15              17       9      18         
 22      15  15  -2  14  14  14  -1  13  13  13  13  13  13      15      22  22  -2   9   9      18         
 22      15      21              21                              15      22      18              18         
 22      15      21  21  21  21  21                              15      22      18              18         
 22      15                                                      15      22      18              18         
 22      15                                                      15      22      18  18  18  18  18         
 22      15                                                      15      22                                 
 22      15  15  15  15  15  15  15  15  15  15  15  15  15  15  15      22                                 
 22                                                                      22                                 
 22  22  22  22  22  22  22  22  22  22  22  22  22  22  22  22  22  22  22                                 
