         19  19  19  19  19  19  19  19  19  19  19  19  19  19  19  19  19  19  19         
         19                                                                      19         
         19      13  13  13  13  13  13  13                                      19         
         19      13                      13                                      19         
         19  19  -1  20  20              13                                      19         
                 22      20              13                                      19         
                 22      20              13       2   2   2                      19         
                 22      20              13       2       2                      19         
                 22      20              13       2       2      17  17  17      19         
                 22      20              13       2       2      17      17      19         
 10  10  10  10  -2  11  -1  12  12  12  -2   5  -1   6  -2   7  -1   8  -2   9  -1  10  10 
 10              21      21              14       3       1      16      18      18      10 
 10              21  21  21              14       3       1      16      18      18      10 
 10                                      14       3       1      16      18      18      10 
 10                                      14       3       1      16      18  18  18      10 
 10                                      14       3       1      16                      10 
 10                               4   4  -1   3   3       1      16                      10 
 10                               4      15               1      16                      10 
 10                               4   4  -2   1   1   1   1      16                      10 
 10                                      16                      16                      10 
 10                                      16  16  16  16  16  16  16                      10 
 10                                                                                      10 
 10  10  10  10  10  10  10  10  10  10  10  10  10  10  10  10  10  10  10  10  10  10  10 
