                         17  17  17  17  17  17  17  17  17  17  17  17  17  17  17  17  17         
                         17                                                              17         
                         17      22  22  22  22  22  22  22  22  22  22  22  22  22      17         
                         17      22                                              22      17         
                         17      22              18  18  18  18  18  18  18      22      17         
                         17      22              18                      18      22      17         
                         17      22      12  12  -1  11  11  11  11      18  18  -1  17  17         
                         17      22      12      19              11               9                 
         15  15  15      17      22      12      19              11               9                 
         15      15      17      22      12      19              11               9                 
  8   8  -1   7  -2   6  -1   5  -2   4  -1   3  -2   2   2   2  -1   1   1   1  -2   8   8   8   8 
  8      14      16      16      21      13      20              10              10               8 
  8      14      16  16  16      21      13      20              10              10               8 
  8      14                      21      13      20              10              10               8 
  8      14                      21      13      20              10  10  10  10  10               8 
  8      14                      21      13      20                                               8 
  8      14                      21      13  13  -1  14  14                                       8 
  8      14                      21              21      14                                       8 
  8      14                      21  21  21  21  21      14                                       8 
  8      14                                              14                                       8 
  8      14  14  14  14  14  14  14  14  14  14  14  14  14                                       8 
  8                                                                                               8 
  8   8   8   8   8   8   8   8   8   8   8   8   8   8   8   8   8   8   8   8   8   8   8   8   8 
