         15  15  15  15  15  15  15  15  15  15  15  15  15  15  15  15  15  15  15  15  15  15  15  15  15  15  15  15  15 
         15                                                                                                              15 
         15       9   9   9   9   9   9   9   9   9   9   9   9   9   9   9   9   9   9   9   9   9   9   9   9   9      15 
         15       9                                                                                               9      15 
         15       9                                      19  19  19  19  19  19  19  19  19  19  19  19  19       9      15 
         15       9                                      19                                              19       9      15 
         15       9                                      19      22  22  22  22  22  22  22  22  22      19       9      15 
         15       9                                      19      22                              22      19       9      15 
         15       9                                      19      22      16  16  16  16  16      22      19       9      15 
         15       9                                      19      22      16              16      22      19       9      15 
         15       9                                      19      22  22  -1  21  21  21  -2  20  -1  19  19       9      15 
         15       9                                      19              17              15       9               9      15 
         15       9                                      19              17              15       9   9   9   9   9      15 
         15       9                                      19              17              15                              15 
         15       9                                      19              17              15  15  15  15  15  15  15  15  15 
         15       9                                      19              17                                                 
         15       9      13  13  13  13  13  13  13      19              17                                                 
         15       9      13                      13      19              17                                                 
         15       9      13      11  11  11      13      19              17                                                 
         15       9      13      11      11      13      19              17                                                 
  6   6  -1   5  -2   4  -1   3  -2   2  -1   1  -2   8  -1   7   7   7  -2   6   6                                         
  6      14      10      12      12      10      14      18              18       6                                         
  6      14      10      12      12      10      14      18  18  18  18  18       6                                         
  6      14      10      12      12      10      14                               6                                         
  6      14      10      12  12  12      10      14                               6                                         
  6      14      10                      10      14                               6                                         
  6      14      10  10  10  10  10  10  10      14                               6                                         
  6      14                                      14                               6                                         
  6      14  14  14  14  14  14  14  14  14  14  14                               6                                         
  6                                                                               6                                         
  6   6   6   6   6   6   6   6   6   6   6   6   6   6   6   6   6   6   6   6   6                                         
