  8   8   8   8   8   8   8   8   8   8   8   8   8   8   8   8   8   8   8   8   8   8   8   8   8   8   8 
  8                                                                                                       8 
  8                              15  15  15  15  15  15  15  15  15  15  15  15  15  15  15  15  15       8 
  8                              15                                                              15       8 
  8                              15              10  10  10  10  10  10  10  10  10  10  10      15       8 
  8                              15              10                                      10      15       8 
  8                              15              10      12  12  12                      10      15       8 
  8                              15              10      12      12                      10      15       8 
  8                              15              10      12      12      20  20  20      10      15       8 
  8                              15              10      12      12      20      20      10      15       8 
  8   8   8   8   8   8   8   8  -2   1   1   1  -1   2  -2   3  -1   4  -2   5  -1   6  -2   7  -1   8   8 
                                 16              11      11      13      19      21       9      14         
                                 16              11  11  11      13      19      21       9      14         
                                 16                              13      19      21       9      14         
         14  14  14  14  14  14  -1  13  13  13  13  13  13  13  13      19      21       9      14         
         14                      17                                      19      21       9      14         
         14       9   9   9   9  -2  22  22                              19      21       9      14         
         14       9              18      22                              19      21       9      14         
         14       9      21  21  -1  22  22                              19      21       9      14         
         14       9      21      19                                      19      21       9      14         
         14       9      21      19  19  19  19  19  19  19  19  19  19  19      21       9      14         
         14       9      21                                                      21       9      14         
         14       9      21  21  21  21  21  21  21  21  21  21  21  21  21  21  21       9      14         
         14       9                                                                       9      14         
         14       9   9   9   9   9   9   9   9   9   9   9   9   9   9   9   9   9   9   9      14         
         14                                                                                      14         
         14  14  14  14  14  14  14  14  14  14  14  14  14  14  14  14  14  14  14  14  14  14  14         
