                                                                  7   7   7   7   7                         
                                                                  7               7                         
                                                                  7       2   2  -1   1   1   1   1   1   1 
                                                                  7       2       6                       1 
 17  17  17  17  17  17  17  17  17  17  17  17  17  17  17       7       2       6                       1 
 17                                                      17       7       2       6                       1 
 17              19  19  19  19  19  19  19  19  19      17       7       2       6                       1 
 17              19                              19      17       7       2       6                       1 
 17      22  22  -1  21  21  21  21  21  21      19      17       7       2   2  -2   3   3   3   3       1 
 17      22      18                      21      19      17       7               5               3       1 
 17      22      18       4   4   4      21      19      17       7               5               3       1 
 17      22      18       4       4      21      19      17       7               5               3       1 
 17      22  22  -2   9  -1  10  -2  11  -1  12  -2  13  -1  14  -2  15  15  15  -1  16  16       3       1 
 17              17       1       3      20      20      16       8               8      16       3       1 
 17              17       1       3      20  20  20      16       8               8      16       3       1 
 17              17       1       3                      16       8               8      16       3       1 
 17  17  17  17  17       1       3                      16       8               8      16       3       1 
                          1       3                      16       8               8      16       3       1 
                          1       3                      16       8   8   8   8   8      16       3       1 
                          1       3                      16                              16       3       1 
                          1       3                      16  16  16  16  16  16  16  16  16       3       1 
                          1       3                                                               3       1 
                          1       3   3   3   3   3   3   3   3   3   3   3   3   3   3   3   3   3       1 
                          1                                                                               1 
                          1   1   1   1   1   1   1   1   1   1   1   1   1   1   1   1   1   1   1   1   1 
