                                 17  17  17  17  17  17  17  17  17  17  17  17  17         
                                 17                                              17         
                                 17      21  21  21  21  21  21  21  21  21      17         
                                 17      21                              21      17         
                                 17      21      11  11  11  11  11      21      17         
                                 17      21      11              11      21      17         
                                 17  17  -1  18  -2  19  19      11      21      17         
                                         20      12      19      11      21      17         
                                         20  20  -1  19  19      11      21      17         
                                                 13              11      21      17         
                  8   8   8   8   8   8   8      13              11      21      17         
                  8                       8      13              11      21      17         
  6   6   6   6  -2   1   1   1   1   1  -1   2  -2   3   3   3  -1   4  -2   5  -1   6   6 
  6               7                       9      14              10      22      16       6 
  6      16  16  -1  15  15               9   9  -1  10  10  10  10      22      16       6 
  6      16      22      15                      15                      22      16       6 
  6      16      22      15  15  15  15  15  15  15                      22      16       6 
  6      16      22                                                      22      16       6 
  6      16      22  22  22  22  22  22  22  22  22  22  22  22  22  22  22      16       6 
  6      16                                                                      16       6 
  6      16  16  16  16  16  16  16  16  16  16  16  16  16  16  16  16  16  16  16       6 
  6                                                                                       6 
  6   6   6   6   6   6   6   6   6   6   6   6   6   6   6   6   6   6   6   6   6   6   6 
