                          7   7   7   7   7   7   7   7   7   7   7   7   7   7   7   7   7   7   7   7   7 
                          7                                                                               7 
                          7                                       1   1   1   1   1                       7 
                          7                                       1               1                       7 
                          7                       3   3   3       1               1                       7 
                          7                       3       3       1               1                       7 
         19  19  19       7                       3       3       1               1                       7 
         19      19       7                       3       3       1               1                       7 
         19      19       7      21  21  21       3       3       1               1                       7 
         19      19       7      21      21       3       3       1               1                       7 
 16  16  -1  15  -2  14  -1  13  -2  12  -1  11  -2  10  -1   9  -2   8   8   8  -1   7   7   7   7   7   7 
 16      18      20      22      22      20       4       2       2               6                         
 16      18      20      22  22  22      20       4       2       2               6                         
 16      18      20                      20       4       2       2               6                         
 16      18      20  20  20  20  20  20  20       4       2       2               6                         
 16      18                                       4       2       2               6                         
 16      18                                       4       2   2   2               6                         
 16      18                                       4                               6                         
 16      18                                       4                      17  17  -2  16  16  16  16         
 16      18                                       4                      17       5              16         
 16      18                                       4                      17  17  -1  18  18      16         
 16      18                                       4                               4      18      16         
 16      18                                       4   4   4   4   4   4   4   4   4      18      16         
 16      18                                                                              18      16         
 16      18  18  18  18  18  18  18  18  18  18  18  18  18  18  18  18  18  18  18  18  18      16         
 16                                                                                              16         
 16  16  16  16  16  16  16  16  16  16  16  16  16  16  16  16  16  16  16  16  16  16  16  16  16         
