                          7   7   7   7   7   7   7   7   7   7   7   7   7   7   7   7   7 
                          7                                                               7 
                          7       3   3   3   3   3   3   3   3   3                       7 
                          7       3                               3                       7 
                          7       3               1   1   1       3                       7 
                          7       3               1       1       3                       7 
         21  21  21       7       3               1       1       3                       7 
         21      21       7       3               1       1       3                       7 
 14  14  -1  13  -2  12  -1  11  -2  10  10  10  -1   9  -2   8  -1   7   7   7   7   7   7 
 14      20      22      22       4               6       2       2                         
 14      20      22  22  22       4               6       2       2                         
 14      20                       4               6       2       2                         
 14      20                       4               6       2   2   2                         
 14      20                       4               6                                         
 14      20                       4      17  17  -2  16  16                                 
 14      20                       4      17       5      16                                 
 14      20                       4      17       5      16      14  14  14  14  14         
 14      20                       4      17       5      16      14              14         
 14      20                       4      17  17  -1  18  -2  19  -1  20  20      14         
 14      20                       4               4      15      15      20      14         
 14      20                       4               4      15  15  15      20      14         
 14      20                       4               4                      20      14         
 14      20                       4   4   4   4   4                      20      14         
 14      20                                                              20      14         
 14      20  20  20  20  20  20  20  20  20  20  20  20  20  20  20  20  20      14         
 14                                                                              14         
 14  14  14  14  14  14  14  14  14  14  14  14  14  14  14  14  14  14  14  14  14         
