  6   6   6   6   6   6   6   6   6   6   6   6   6   6   6   6   6   6   6   6   6   6   6   6   6   6   6 
  6                                                                                                       6 
  6      15  15  15  15  15  15  15  15  15  15  15  15  15  15  15  15  15  15  15  15  15  15  15       6 
  6      15                                                                                      15       6 
  6      15      22  22  22  22  22  22  22  22  22  22  22  22  22  22  22  22  22  22  22      15       6 
  6      15      22                                                                      22      15       6 
  6      15      22                      16  16  16  16  16                              22      15       6 
  6      15      22                      16              16                              22      15       6 
  6      15      22      10  10  10  10  -1   9   9      16  16  16  16  16  16  16  16  -1  15  15       6 
  6      15      22      10              17       9                                       7               6 
  6   6  -1   5  -2   4  -1   3   3   3  -2   2  -1   1   1   1   1   1   1   1   1   1  -2   6   6   6   6 
         14      21      11              18       8                                       8                 
         14      21      11              18       8   8   8   8   8   8   8   8   8   8   8                 
         14      21      11              18                                                                 
         14      21      11      13  13  -1  14  14  14  14  14  14  14  14  14  14                         
         14      21      11      13      19                                      14                         
         14      21      11      13      19      21  21  21  21  21  21  21      14                         
         14      21      11      13      19      21                      21      14                         
         14      21      11      13  13  -2  12  -1  11  11  11  11      21      14                         
         14      21      11              20      20              11      21      14                         
         14      21      11              20  20  20              11      21      14                         
         14      21      11                                      11      21      14                         
         14      21      11  11  11  11  11  11  11  11  11  11  11      21      14                         
         14      21                                                      21      14                         
         14      21  21  21  21  21  21  21  21  21  21  21  21  21  21  21      14                         
         14                                                                      14                         
         14  14  14  14  14  14  14  14  14  14  14  14  14  14  14  14  14  14  14                         
