                                                         15  15  15  15  15  15  15  15  15  15  15 
                                                         15                                      15 
                                                         15              20  20  20  20  20      15 
                                                         15              20              20      15 
                                                         15      17  17  -2  16  16  16  -1  15  15 
                                                         15      17      19              21         
  4   4   4   4   4   4   4   4   4   4   4   4   4      15      17      19              21         
  4                                               4      15      17      19              21         
  4      22  22  22  22  22  22  22  22  22       4      15      17      19              21         
  4      22                              22       4      15      17      19              21         
  4      22       6   6   6   6   6      22       4      15      17      19              21         
  4      22       6               6      22       4      15      17      19              21         
  4      22       6      13  13  -2  12  -1  11  -2  10  -1   9  -2   8  -1   7   7      21         
  4      22       6      13       5       5       3      14      18      18       7      21         
  4      22       6      13       5       5       3      14      18  18  18       7      21         
  4      22       6      13       5       5       3      14                       7      21         
  4      22       6      13       5   5   5       3      14                       7      21         
  4      22       6      13                       3      14                       7      21         
  4      22       6      13  13  13  13  13  13  -1  14  14                       7      21         
  4      22       6                               2                               7      21         
  4      22       6   6   6   6   6   6   6   6  -2   7   7   7   7   7   7   7   7      21         
  4      22                                       1                                      21         
  4      22  22  22  22  22  22  22  22  22  22  -1  21  21  21  21  21  21  21  21  21  21         
  4                                               4                                                 
  4   4   4   4   4   4   4   4   4   4   4   4   4                                                 
