  5   5   5   5   5   5   5   5   5                                                         
  5                               5                                                         
  5      14  14  14  14  14  14  -1  13  13  13  13  13  13  13  13  13  13  13  13         
  5      14                       4                                              13         
  5      14      10  10  10  10  -2  11  11  11  11  11  11  11  11  11  11      13         
  5      14      10               3                                      11      13         
  5      14      10       8   8  -1   7   7   7   7   7   7   7   7      11      13         
  5      14      10       8       2                               7      11      13         
  5      14      10       8   8  -2   9   9                       7      11      13         
  5      14      10               1       9                       7      11      13         
  5      14      10  10  10  10  -1   9   9                       7      11      13         
  5      14                       6                               7      11      13         
  5      14                       6              21  21  21       7      11      13         
  5      14                       6              21      21       7      11      13         
  5      14  14  14  14  14  14  -2  15  15  15  -1  16  -2  17  -1  18  -2  19  -1  20  20 
  5                               5              20      22      22      12      12      20 
  5                               5              20      22  22  22      12      12      20 
  5                               5              20                      12      12      20 
  5                               5              20                      12  12  12      20 
  5                               5              20                                      20 
  5                               5              20  20  20  20  20  20  20  20  20  20  20 
  5                               5                                                         
  5   5   5   5   5   5   5   5   5                                                         
