                          7   7   7   7   7   7   7   7   7   7   7   7   7   7   7   7   7   7   7   7   7   7   7   7   7   7   7 
                          7                                                                                                       7 
                          7              21  21  21  21  21  21  21  21  21  21  21  21  21  21  21  21  21  21  21  21  21       7 
                          7              21                                                                              21       7 
                          7              21      13  13  13  13  13  13  13  13  13  13  13  13  13  13  13  13  13      21       7 
                          7              21      13                                                              13      21       7 
                          7              21      13      18  18  18  18  18  18  18  18  18  18  18  18  18      13      21       7 
                          7              21      13      18                                              18      13      21       7 
                          7              21      13      18       8   8   8   8   8                      18      13      21       7 
                          7              21      13      18       8               8                      18      13      21       7 
                          7              21      13      18       8               8      20  20  20      18      13      21       7 
                          7              21      13      18       8               8      20      20      18      13      21       7 
                          7              21      13      18  18  -1  17  17  17  -2  16  -1  15  -2  14  -1  13  13      21       7 
                          7              21      13               9               7      21      19      19              21       7 
                          7              21      13               9               7      21      19  19  19              21       7 
                          7              21      13               9               7      21                              21       7 
                          7              21      13               9               7      21  21  21  21  21  21  21  21  21       7 
                          7              21      13               9               7                                               7 
                          7              21      13               9               7   7   7   7   7   7   7   7   7   7   7   7   7 
                          7              21      13               9                                                                 
  2   2   2   2   2   2  -1   1   1   1  -2   4  -1   3   3   3  -2   2   2                                                         
  2                       6              22      12              10       2                                                         
  2      10  10  10  10  -2  11  11      22      12              10       2                                                         
  2      10               5      11      22      12              10       2                                                         
  2      10      12  12  -1  11  11      22      12              10       2                                                         
  2      10      12      22              22      12              10       2                                                         
  2      10      12      22  22  22  22  22      12              10       2                                                         
  2      10      12                              12              10       2                                                         
  2      10      12  12  12  12  12  12  12  12  12              10       2                                                         
  2      10                                                      10       2                                                         
  2      10  10  10  10  10  10  10  10  10  10  10  10  10  10  10       2                                                         
  2                                                                       2                                                         
  2   2   2   2   2   2   2   2   2   2   2   2   2   2   2   2   2   2   2                                                         
