  6   6   6   6   6   6   6   6   6   6   6   6   6   6   6   6   6   6   6   6   6   6   6   6   6 
  6                                                                                               6 
  6              14  14  14  14  14  14  14  14  14  14  14                                       6 
  6              14                                      14                                       6 
  6              14               8   8   8   8   8      14                                       6 
  6              14               8               8      14                                       6 
  6              14               8               8      14      16  16  16  16  16  16  16       6 
  6              14               8               8      14      16                      16       6 
  6   6   6   6  -2   1   1   1  -1   2   2   2  -2   3  -1   4  -2   5   5   5   5   5  -1   6   6 
                 13               9               7      15      15                      17         
                 13               9               7      15  15  15                      17         
                 13               9               7                                      17         
         17  17  -1  18  18       9      21  21  -1  22  22  22  22  22  22  22  22      17         
         17      22      18       9      21      12                              22      17         
         17      22      18       9      21      12      10  10  10              22      17         
         17      22      18       9      21      12      10      10              22      17         
         17      22      18       9      21  21  -2  20  -1  19  -2  18  18      22      17         
         17      22      18       9              11      11       9      18      22      17         
         17      22      18       9              11  11  11       9      18      22      17         
         17      22      18       9                               9      18      22      17         
         17      22      18       9   9   9   9   9   9   9   9   9      18      22      17         
         17      22      18                                              18      22      17         
         17      22      18  18  18  18  18  18  18  18  18  18  18  18  18      22      17         
         17      22                                                              22      17         
         17      22  22  22  22  22  22  22  22  22  22  22  22  22  22  22  22  22      17         
         17                                                                              17         
         17  17  17  17  17  17  17  17  17  17  17  17  17  17  17  17  17  17  17  17  17         
