 11  11  11  11  11  11  11  11  11  11  11  11  11  11  11  11  11  11  11  11  11  11  11  11  11  11  11  11  11                         
 11                                                                                                              11                         
 11      22  22  22  22  22  22  22  22  22  22  22  22  22  22  22  22  22  22  22  22  22  22  22  22  22      11                         
 11      22                                                                                              22      11                         
 11      22      20  20  20  20  20  20  20  20  20  20  20  20  20  20  20  20  20  20  20  20  20      22      11                         
 11      22      20                                                                              20      22      11                         
 11      22      20      18  18  18  18  18  18  18  18  18  18  18  18  18  18  18  18  18      20      22      11                         
 11      22      20      18                                                              18      20      22      11                         
 11      22      20      18                                       6   6   6   6   6      18      20      22      11                         
 11      22      20      18                                       6               6      18      20      22      11                         
 11      22      20      18                                       6      19  19  -2  18  18      20      22      11                         
 11      22      20      18                                       6      19       5              20      22      11                         
 11      22      20      18                                       6      19  19  -1  20  20  20  20      22      11                         
 11      22      20      18                                       6               4                      22      11                         
 11      22      20      18                      10  10  10       6               4                      22      11                         
 11      22      20      18                      10      10       6               4                      22      11                         
 11      22      20      18      21  21  21      10      10       6               4                      22      11                         
 11      22      20      18      21      21      10      10       6               4                      22      11                         
 11      22      20      18  18  -1  17  -2  16  -1  15  -2  14  -1  13  13  13  -2  12  12  12  12  12  -1  11  11                         
 11      22      20              20      22      11       9       1               3                       7                                 
 11      22      20  20  20  20  20      22      11       9       1               3                       7                                 
 11      22                              22      11       9       1               3                       7                                 
 11      22  22  22  22  22  22  22  22  22      11       9       1               3                       7                                 
 11                                              11       9       1               3                       7                                 
 11  11  11  11  11  11  11  11  11  11  11  11  11       9       1               3                       7                                 
                                                          9       1               3                       7                                 
                                                          9       1               3                       7               9   9   9   9   9 
                                                          9       1               3                       7               9               9 
                                                          9       1               3   3   3   3   3   3  -2   2   2   2  -1   1   1       9 
                                                          9       1                                       8               8       1       9 
                                                          9       1                                       8   8   8   8   8       1       9 
                                                          9       1                                                               1       9 
                                                          9       1   1   1   1   1   1   1   1   1   1   1   1   1   1   1   1   1       9 
                                                          9                                                                               9 
                                                          9   9   9   9   9   9   9   9   9   9   9   9   9   9   9   9   9   9   9   9   9 
