         17  17  17  17  17  17  17  17  17  17  17  17  17  17  17  17  17  17  17  17  17  17  17  17  17  17  17  17  17 
         17                                                                                                              17 
         17      21  21  21  21  21  21  21  21  21  21  21  21  21  21  21  21  21  21  21  21  21  21  21  21  21      17 
         17      21                                                                                              21      17 
         17      21      14  14  14  14  14  14  14  14  14  14  14  14  14  14  14  14  14  14  14  14  14      21      17 
         17      21      14                                                                              14      21      17 
         17      21      14       1   1   1   1   1                                                      14      21      17 
         17      21      14       1               1                                                      14      21      17 
         17      21      14       1               1      19  19  19  19  19  19  19  19  19  19  19      14      21      17 
         17      21      14       1               1      19                                      19      14      21      17 
         17      21      14       1      11  11  -1  12  -2  13  13  13  13  13  13  13  13  13  -1  14  14      21      17 
         17      21      14       1      11       4      20                                      18              21      17 
         17      21      14       1      11       4      20  20  20  20  20  20  20  20  20      18              21      17 
         17      21      14       1      11       4                                      20      18              21      17 
         17      21      14       1      11  11  -2  10  10  10  10  10  10  10  10      20  20  -2  21  21  21  21      17 
         17      21      14       1               3                              10              17                      17 
         17      21      14       1               3                              10              17  17  17  17  17  17  17 
         17      21      14       1               3                              10                                         
         17      21      14       1               3      16  16  16  16  16      10                                         
         17      21      14       1               3      16              16      10                                         
 10  10  -1   9  -2   8  -1   7  -2   6   6   6  -1   5  -2  22  22      16      10                                         
 10      16      22      15       2               2      15      22      16      10                                         
 10      16      22      15       2   2   2   2   2      15      22      16      10                                         
 10      16      22      15                              15      22      16      10                                         
 10      16      22      15  15  15  15  15  15  15  15  15      22      16      10                                         
 10      16      22                                              22      16      10                                         
 10      16      22  22  22  22  22  22  22  22  22  22  22  22  22      16      10                                         
 10      16                                                              16      10                                         
 10      16  16  16  16  16  16  16  16  16  16  16  16  16  16  16  16  16      10                                         
 10                                                                              10                                         
 10  10  10  10  10  10  10  10  10  10  10  10  10  10  10  10  10  10  10  10  10                                         
