                                          3   3   3   3   3   3   3   3   3   3   3   3   3   3   3   3   3 
                                          3                                                               3 
                                          3                                       8   8   8               3 
                                          3                                       8       8               3 
                                          3      10  10  10  10  10  10  10       8       8               3 
                                          3      10                      10       8       8               3 
                                          3      10      17  17  17      10       8       8               3 
                                          3      10      17      17      10       8       8               3 
                                          3   3  -1   4  -2   5  -1   6  -2   1  -1   2  -2   3   3   3   3 
                                                 11      18      16       9       9       7                 
                                                 11      18      16       9   9   9       7                 
                                                 11      18      16                       7                 
 15  15  15  15  15  15  15  15  15              11      18      16                       7                 
 15                              15              11      18      16                       7                 
 15              13  13  13      15              11      18      16                       7                 
 15              13      13      15              11      18      16                       7                 
 15      22  22  -1  21  -2  20  -1  19  19  19  -2  18  18      16  16  16  16  16  16  -1  15  15         
 15      22      12      14      14              12                                      22      15         
 15      22      12      14  14  14              12                                      22      15         
 15      22      12                              12                                      22      15         
 15      22      12  12  12  12  12  12  12  12  12                                      22      15         
 15      22                                                                              22      15         
 15      22  22  22  22  22  22  22  22  22  22  22  22  22  22  22  22  22  22  22  22  22      15         
 15                                                                                              15         
 15  15  15  15  15  15  15  15  15  15  15  15  15  15  15  15  15  15  15  15  15  15  15  15  15         
