                                         22  22  22  22  22  22  22  22  22  22  22  22  22  22  22  22  22  22  22  22  22  22  22 
                                         22                                                                                      22 
                                         22      16  16  16  16  16  16  16  16  16  16  16  16  16  16  16  16  16  16  16      22 
                                         22      16                                                                      16      22 
                                         22      16       3   3   3   3   3   3   3   3   3   3   3   3   3   3   3      16      22 
                                         22      16       3                                                       3      16      22 
                                         22      16       3                               6   6   6   6   6       3      16      22 
                                         22      16       3                               6               6       3      16      22 
                                         22      16       3      13  13  13  13  13       6               6       3      16      22 
                                         22      16       3      13              13       6               6       3      16      22 
                                         22      16       3   3  -1   4   4   4  -2   1  -1   2   2   2  -2   3   3      16      22 
                                         22      16              12              14       7               5              16      22 
                                         22  22  -1  21  21  21  -2  20  20      14       7      15  15  -1  16  16  16  16      22 
                                                 17              11      20      14       7      15      22                      22 
                                                 17              11      20      14       7      15      22  22  22  22  22  22  22 
                                                 17              11      20      14       7      15                                 
 15  15  15  15  15                              17              11      20      14       7      15                                 
 15              15                              17              11      20      14       7      15                                 
 15              15      19  19  19              17              11      20      14       7      15                                 
 15              15      19      19              17              11      20      14       7      15                                 
 15       7   7  -1   8  -2   9  -1  10  10  10  -2  11  11  11  11      20      14       7      15                                 
 15       7      14      20      18              18                      20      14       7      15                                 
 15       7      14      20      18  18  18  18  18                      20      14       7      15                                 
 15       7      14      20                                              20      14       7      15                                 
 15       7      14      20  20  20  20  20  20  20  20  20  20  20  20  20      14       7      15                                 
 15       7      14                                                              14       7      15                                 
 15       7      14  14  14  14  14  14  14  14  14  14  14  14  14  14  14  14  14       7      15                                 
 15       7                                                                               7      15                                 
 15       7   7   7   7   7   7   7   7   7   7   7   7   7   7   7   7   7   7   7   7   7      15                                 
 15                                                                                              15                                 
 15  15  15  15  15  15  15  15  15  15  15  15  15  15  15  15  15  15  15  15  15  15  15  15  15                                 
