         19  19  19  19  19  19  19  19  19  19  19  19  19  19  19  19  19  19  19         
         19                                                                      19         
         19      22  22  22  22  22  22  22  22  22  22  22  22  22  22  22      19         
         19      22                                                      22      19         
         19      22      11  11  11  11  11  11  11                      22      19         
         19      22      11                      11                      22      19         
         19      22  22  -1  21  21  21  21  21  -2  20  20  20  20      22      19         
         19              10                      12              20      22      19         
         19  19  19  19  -2  18  18      16  16  -1  15  15      20  20  -1  19  19         
                          9      18      16       7      15              13                 
  2   2   2   2   2   2  -1   1  -2   6  -1   5  -2   4  -1   3   3   3  -2   2   2   2   2 
  2                       8      17      17       8      14              14               2 
  2                       8      17  17  17       8      14              14               2 
  2                       8                       8      14              14               2 
  2                       8                       8      14  14  14  14  14               2 
  2                       8                       8                                       2 
  2                       8   8   8   8   8   8   8                                       2 
  2                                                                                       2 
  2   2   2   2   2   2   2   2   2   2   2   2   2   2   2   2   2   2   2   2   2   2   2 
