                 22  22  22  22  22  22  22  22  22  22  22  22  22  22  22  22  22  22  22                 
                 22                                                                      22                 
                 22                      13  13  13  13  13  13  13  13  13              22                 
                 22                      13                              13              22                 
                 22      18  18  18  18  -1  17  17  17  17  17  17      13              22                 
                 22      18              12                      17      13              22                 
                 22      18      20  20  -2  21  21  21  21      17      13              22                 
                 22      18      20      11              21      17      13              22                 
                 22      18      20  20  -1  19  19      21      17      13              22                 
                 22      18              10      19      21      17      13              22                 
                 22      18  18  18  18  -2  19  19      21      17      13              22                 
                 22                       9              21      17      13              22                 
                 22  22  22  22  22  22  -1  21  21  21  21      17      13              22                 
                                          8                      17      13              22                 
 16  16  16  16  16  16  16  16  16  16  -2  17  17  17  17  17  17      13      15  15  -1  16  16  16  16 
 16                                       7                              13      15       5              16 
 16       2   2   2   2   2   2   2   2  -1   1   1   1   1   1   1   1  -2   4  -1   3  -2   2   2      16 
 16       2                               6                              14      14       6       2      16 
 16       2                               6                              14  14  14       6       2      16 
 16       2                               6                                               6       2      16 
 16       2                               6   6   6   6   6   6   6   6   6   6   6   6   6       2      16 
 16       2                                                                                       2      16 
 16       2   2   2   2   2   2   2   2   2   2   2   2   2   2   2   2   2   2   2   2   2   2   2      16 
 16                                                                                                      16 
 16  16  16  16  16  16  16  16  16  16  16  16  16  16  16  16  16  16  16  16  16  16  16  16  16  16  16 
