         14  14  14  14  14  14  14  14  14  14  14  14  14  14  14  14  14  14  14  14  14  14  14                         
         14                                                                                      14                         
         14      20  20  20  20  20  20  20  20  20  20  20  20  20  20  20  20  20              14                         
         14      20                                                              20              14                         
         14      20       9   9   9   9   9   9   9   9   9   9   9   9   9      20              14                         
         14      20       9                                               9      20              14                         
         14      20       9      21  21  21  21  21  21  21  21  21       9      20              14                         
         14      20       9      21                              21       9      20              14                         
         14      20       9      21      17  17  17  17  17      21       9      20              14                         
         14      20       9      21      17              17      21       9      20              14                         
         14      20       9      21  21  -1  22  22      17      21       9      20              14                         
         14      20       9              16      22      17      21       9      20              14                         
         14      20  20  -1  19  19  19  -2  22  22      17      21       9      20              14                         
         14               8              15              17      21       9      20              14                         
         14  14  14  14  -2  15  15  15  15              17      21  21  -2  20  20              14                         
                          7                              17              10                      14                         
                          7              17  17  17  17  17              10                      14                         
                          7              17                              10                      14                         
  2   2   2   2   2   2  -1   1   1   1  -2   4   4   4   4   4   4   4  -1   3   3   3   3   3  -2   2   2   2   2   2   2 
  2                       6              18                              11                      13                       2 
  2                       6              18                              11               5   5  -1   6   6   6   6       2 
  2                       6              18                              11               5      12               6       2 
  2                       6              18                              11               5   5  -2  18  18       6       2 
  2                       6              18                              11                      11      18       6       2 
  2                       6              18                              11  11  11  11  11  11  11      18       6       2 
  2                       6              18                                                              18       6       2 
  2                       6              18  18  18  18  18  18  18  18  18  18  18  18  18  18  18  18  18       6       2 
  2                       6                                                                                       6       2 
  2                       6   6   6   6   6   6   6   6   6   6   6   6   6   6   6   6   6   6   6   6   6   6   6       2 
  2                                                                                                                       2 
  2   2   2   2   2   2   2   2   2   2   2   2   2   2   2   2   2   2   2   2   2   2   2   2   2   2   2   2   2   2   2 
