 13  13  13  13  13  13  13  13  13  13  13  13  13  13  13  13  13  13  13  13  13  13  13  13  13         
 13                                                                                              13         
 13      19  19  19  19  19  19  19  19  19  19  19  19  19  19  19  19  19  19  19  19  19      13         
 13      19                                                                              19      13         
 13      19       8   8   8   8   8   8   8   8   8   8   8   8   8                      19      13         
 13      19       8                                               8                      19      13         
 13      19       8      16  16  16  16  16  16  16  16  16       8                      19      13         
 13      19       8      16                              16       8                      19      13         
 13      19       8   8  -1   7   7   7   7   7   7      16       8                      19      13         
 13      19              17                       7      16       8                      19      13         
 13  13  -1  14  14  14  -2  15  15  15  15  15  -1  16  16       8                      19      13         
         18              18                      22               8                      19      13         
         18  18  18  18  18                      22               8                      19      13         
                                                 22               8                      19      13         
                                                 22               8      10  10  10      19      13         
                                                 22               8      10      10      19      13         
                                  6   6   6   6  -2   1   1   1  -1   2  -2   3  -1   4  -2   5  -1   6   6 
                                  6              21               9       9      11      20      12       6 
                                  6              21               9   9   9      11      20      12       6 
                                  6              21                              11      20      12       6 
                                  6      12  12  -1  11  11  11  11  11  11  11  11      20      12       6 
                                  6      12      20                                      20      12       6 
                                  6      12      20  20  20  20  20  20  20  20  20  20  20      12       6 
                                  6      12                                                      12       6 
                                  6      12  12  12  12  12  12  12  12  12  12  12  12  12  12  12       6 
                                  6                                                                       6 
                                  6   6   6   6   6   6   6   6   6   6   6   6   6   6   6   6   6   6   6 
