                  9   9   9   9   9   9   9   9   9   9   9   9   9   9   9   9   9   9   9   9   9   9   9   9   9   9   9 
                  9                                                                                                       9 
                  9      17  17  17  17  17  17  17  17  17  17  17  17  17  17  17  17  17  17  17  17  17  17  17       9 
                  9      17                                                                                      17       9 
                  9      17      19  19  19  19  19  19  19  19  19  19  19  19  19  19  19  19  19  19  19      17       9 
                  9      17      19                                                                      19      17       9 
                  9      17      19      13  13  13  13  13  13  13  13  13  13  13  13  13  13  13      19      17       9 
                  9      17      19      13                                                      13      19      17       9 
                  9      17      19      13      15  15  15  15  15                              13      19      17       9 
                  9      17      19      13      15              15                              13      19      17       9 
                  9      17      19      13      15              15      20  20  20  20  20      13      19      17       9 
                  9      17      19      13      15              15      20              20      13      19      17       9 
                  9      17      19      13      15      10  10  -2  11  -1  12  12  12  -2  13  13      19      17       9 
                  9      17      19      13      15      10      16      21              19              19      17       9 
                  9      17      19      13      15      10      16      21              19  19  19  19  19      17       9 
                  9      17      19      13      15      10      16      21                                      17       9 
         18  18  -1  17  17      19      13      15      10      16  16  -2  17  17  17  17  17  17  17  17  17  17       9 
         18       8              19      13      15      10              22                                               9 
         18  18  -2  19  19  19  19      13      15      10  10  10  10  -1   9   9   9   9   9   9   9   9   9   9   9   9 
                  7                      13      15                       5                                                 
                  7                      13      15  15  15  15  15       5                                                 
                  7                      13                      15       5                                                 
  2   2   2   2  -1   1   1   1   1   1  -2   4   4   4   4   4  -1   3  -2   2   2                                         
  2               6                      14                      14       6       2                                         
  2               6                      14  14  14  14  14  14  14       6       2                                         
  2               6                                                       6       2                                         
  2               6   6   6   6   6   6   6   6   6   6   6   6   6   6   6       2                                         
  2                                                                               2                                         
  2   2   2   2   2   2   2   2   2   2   2   2   2   2   2   2   2   2   2   2   2                                         
