  3   3   3   3   3   3   3                                                         
  3                       3                                                         
  3      18  18  18  18  -1  17  17  17  17  17  17  17  17  17  17                 
  3      18               2                                      17                 
  3      18      12  12  -2  13  13  13  13  13  13  13  13      17                 
  3      18      12       1                              13      17                 
  3      18      12  12  -1  11  11  11  11  11  11      13      17                 
  3      18              10                      11      13      17                 
  3      18  18  18  18  -2  19  19      14  14  -1  13  13      17                 
  3                       9      19      14      22              17                 
  3   3   3   3   3   3  -1   4  -2   5  -1   6  -2   7   7   7  -1   8   8   8   8 
                          8      20      15      21              16               8 
                          8      20      15      21  21  21  21  -2  20  20       8 
                          8      20      15                      15      20       8 
                          8      20      15  15  15  15  15  15  15      20       8 
                          8      20                                      20       8 
                          8      20  20  20  20  20  20  20  20  20  20  20       8 
                          8                                                       8 
                          8   8   8   8   8   8   8   8   8   8   8   8   8   8   8 
