  8   8   8   8   8   8   8   8   8   8   8                                                         
  8                                       8                                                         
  8                                       8      14  14  14  14  14  14  14  14  14  14  14  14  14 
  8                                       8      14                                              14 
  8                                       8      14                      16  16  16  16  16      14 
  8                                       8      14                      16              16      14 
  8      20  20  20  20  20  20  20  20  -2  21  -1  22  22  22  22  22  -2   9   9      16      14 
  8      20                               7      15                      15       9      16      14 
  8      20                               7      15  15  15  15  15  15  15       9      16      14 
  8      20                               7                                       9      16      14 
  8      20      10  10  10  10  10  10  -1   9   9   9   9   9   9   9   9   9   9      16      14 
  8      20      10                       6                                              16      14 
  8      20      10      17  17  17  17  -2  16  16  16  16  16  16  16  16  16  16  16  16      14 
  8      20      10      17               5                                                      14 
  8      20      10      17      13  13  -1  14  14  14  14  14  14  14  14  14  14  14  14  14  14 
  8      20      10      17      13       4                                                         
  8      20      10      17      13       4      19  19  19  19  19                                 
  8      20      10      17      13       4      19              19                                 
  8      20      10      17      13  13  -2  12  -1  11  11      19                                 
  8      20      10      17               3      18      11      19                                 
  8      20      10      17  17  17  17  -1  18  18      11      19                                 
  8      20      10                       2              11      19                                 
  8      20      10  10  10  10  10  10  -2  11  11  11  11      19                                 
  8      20                               1                      19                                 
  8      20  20  20  20  20  20  20  20  -1  19  19  19  19  19  19                                 
  8                                       8                                                         
  8   8   8   8   8   8   8   8   8   8   8                                                         
