         17  17  17  17  17  17  17  17  17  17  17  17  17  17  17                                         
         17                                                      17                                         
         17       1   1   1   1   1   1   1   1   1   1   1      17                                         
         17       1                                       1      17                                         
         17       1                      13  13  13       1      17                                         
         17       1                      13      13       1      17                                         
         17       1       3   3   3   3  -1   4  -2   1   1      17                                         
         17       1       3              12      14              17                                         
         17       1       3      15  15  -2  14  14              17                                         
         17       1       3      15      11                      17                                         
         17       1       3      15      11                      17       8   8   8   8   8   8   8   8   8 
         17       1       3      15      11                      17       8                               8 
         17       1       3      15      11                      17       8      10  10  10  10  10       8 
         17       1       3      15      11                      17       8      10              10       8 
         17       1       3      15      11      17  17  17  17  17       8      10              10       8 
         17       1       3      15      11      17                       8      10              10       8 
  8   8  -1   7  -2   6  -1   5  -2  22  -1  21  -2  20  20  20  20  20  -1  19  -2  18  18      10       8 
  8      16       2       2      16      10      18                       9       9      18      10       8 
  8      16       2       2      16      10      18                       9   9   9      18      10       8 
  8      16       2       2      16      10      18                                      18      10       8 
  8      16       2       2      16      10      18  18  18  18  18  18  18  18  18  18  18      10       8 
  8      16       2       2      16      10                                                      10       8 
  8      16       2       2      16      10  10  10  10  10  10  10  10  10  10  10  10  10  10  10       8 
  8      16       2       2      16                                                                       8 
  8      16       2   2   2      16                                                                       8 
  8      16                      16                                                                       8 
  8      16  16  16  16  16  16  16                                                                       8 
  8                                                                                                       8 
  8   8   8   8   8   8   8   8   8   8   8   8   8   8   8   8   8   8   8   8   8   8   8   8   8   8   8 
