 14  14  14  14  14  14  14  14  14  14  14  14  14  14  14  14  14  14  14  14  14  14  14  14  14  14  14  14  14 
 14                                                                                                              14 
 14      21  21  21  21  21  21  21  21  21  21  21  21  21  21  21  21  21  21  21  21  21  21  21  21  21      14 
 14      21                                                                                              21      14 
 14      21                                       4   4   4                                              21      14 
 14      21                                       4       4                                              21      14 
 14      21      15  15  15  15  15               4       4                                              21      14 
 14      21      15              15               4       4                                              21      14 
 14      21      15              15               4       4                              19  19  19      21      14 
 14      21      15              15               4       4                              19      19      21      14 
 14      21  21  -1  22  22  22  -2   9   9   9  -1  10  -2  11  11  11  11  11  11  11  -1  12  -2  13  -1  14  14 
 14              14              16               1       3                              18      20      20         
 14              14              16               1       3                              18      20  20  20         
 14              14              16               1       3                              18                         
 14  14  14  14  14              16               1       3                              18                         
                                 16               1       3                              18                         
                          8   8  -1   7   7       1       3                              18                         
                          8      17       7       1       3                              18                         
                          8      17       7       1       3   3   3   3   3   3   3      18                         
                          8      17       7       1                               3      18                         
                          8      17       7       1   1   1   1   1   1   1       3      18                         
                          8      17       7                               1       3      18                         
                          8      17       7   7   7   7   7   7   7       1       3      18                         
                          8      17                               7       1       3      18                         
                          8      17               2   2   2       7       1       3      18                         
                          8      17               2       2       7       1       3      18                         
                          8   8  -2   5   5   5  -1   6  -2   7   7       1       3      18                         
                                 18               3       1               1       3      18                         
                                 18               3       1   1   1   1   1       3      18                         
                                 18               3                               3      18                         
                                 18               3   3   3   3   3   3   3   3   3      18                         
                                 18                                                      18                         
                                 18  18  18  18  18  18  18  18  18  18  18  18  18  18  18                         
