         10  10  10  10  10  10  10  10  10  10  10  10  10  10  10  10  10  10  10  10  10  10  10  10  10  10  10 
         10                                                                                                      10 
         10                               4   4   4   4   4   4   4   4   4   4   4   4   4   4   4   4   4      10 
         10                               4                                                               4      10 
         10                               4      11  11  11  11  11  11  11  11  11  11  11  11  11       4      10 
         10                               4      11                                              11       4      10 
         10                               4      11              17  17  17  17  17  17  17      11       4      10 
         10                               4      11              17                      17      11       4      10 
         10                               4      11              17       8   8   8      17      11       4      10 
         10                               4      11              17       8       8      17      11       4      10 
         10                               4   4  -2   5   5   5  -1   6  -2   1  -1   2  -2   3  -1   4   4      10 
         10                                      12              16       7       9      18      10              10 
         10                                      12              16       7       9      18      10  10  10  10  10 
         10                                      12              16       7       9      18                         
         10              14  14  14              12              16       7       9      18                         
         10              14      14              12              16       7       9      18                         
 18  18  -2  19  19  19  -1  20  -2  21  21  21  -1  22  22      16       7       9      18                         
 18       9              15      13              13      22      16       7       9      18                         
 18       9              15      13  13  13  13  13      22      16       7       9      18                         
 18       9              15                              22      16       7       9      18                         
 18       9       7   7  -2  22  22  22  22  22  22  22  22      16       7       9      18                         
 18       9       7      16                                      16       7       9      18                         
 18       9       7      16  16  16  16  16  16  16  16  16  16  16       7       9      18                         
 18       9       7                                                       7       9      18                         
 18       9       7   7   7   7   7   7   7   7   7   7   7   7   7   7   7       9      18                         
 18       9                                                                       9      18                         
 18       9   9   9   9   9   9   9   9   9   9   9   9   9   9   9   9   9   9   9      18                         
 18                                                                                      18                         
 18  18  18  18  18  18  18  18  18  18  18  18  18  18  18  18  18  18  18  18  18  18  18                         
