 22  22  22  22  22  22  22  22  22  22  22  22  22  22  22  22  22  22  22  22  22  22  22                                         
 22                                                                                      22                                         
 22      20  20  20  20  20  20  20  20  20  20  20  20  20  20  20  20  20  20  20      22                                         
 22      20                                                                      20      22                                         
 22      20      16  16  16  16  16  16  16  16  16  16  16  16  16  16  16      20      22                                         
 22      20      16                                                      16      20      22                                         
 22      20      16                       6   6   6   6   6   6   6      16      20      22                                         
 22      20      16                       6                       6      16      20      22                                         
 22      20      16                       6      17  17  17  17  -2  16  16      20      22                                         
 22      20      16                       6      17               5              20      22                                         
 22      20      16                       6      17      19  19  -1  20  20  20  20      22                                         
 22      20      16                       6      17      19       4                      22                                         
 22      20      16                       6      17      19       4                      22       1   1   1   1   1   1   1   1   1 
 22      20      16                       6      17      19       4                      22       1                               1 
 22      20      16                       6      17      19       4                      22       1       3   3   3   3   3       1 
 22      20      16                       6      17      19       4                      22       1       3               3       1 
 22      20      16      21  21  21       6      17      19       4                      22       1       3               3       1 
 22      20      16      21      21       6      17      19       4                      22       1       3               3       1 
 22      20      16  16  -1  15  -2  14  -1  13  -2  12  -1  11  -2  10  10  10  10  10  -1   9  -2   8  -1   7   7       3       1 
 22      20              20      22       1      18      18       3                       7       2       2       7       3       1 
 22      20  20  20  20  20      22       1      18      18       3                       7       2       2       7       3       1 
 22                              22       1      18      18       3                       7       2       2       7       3       1 
 22  22  22  22  22  22  22  22  22       1      18      18       3                       7       2       2       7       3       1 
                                          1      18      18       3                       7       2       2       7       3       1 
                                          1      18  18  18       3                       7       2       2       7       3       1 
                                          1                       3                       7       2       2       7       3       1 
                                          1                       3                       7       2   2   2       7       3       1 
                                          1                       3                       7                       7       3       1 
                                          1                       3                       7   7   7   7   7   7   7       3       1 
                                          1                       3                                                       3       1 
                                          1                       3   3   3   3   3   3   3   3   3   3   3   3   3   3   3       1 
                                          1                                                                                       1 
                                          1   1   1   1   1   1   1   1   1   1   1   1   1   1   1   1   1   1   1   1   1   1   1 
