 20  20  20  20  20  20  20  20  20  20  20  20  20  20  20  20  20  20  20  20  20  20  20                         
 20                                                                                      20                         
 20      16  16  16  16  16  16  16  16  16  16  16  16  16  16  16                      20                         
 20      16                                                      16                      20                         
 20      16      21  21  21  21  21  21  21  21  21  21  21      16                      20                         
 20      16      21                                      21      16                      20                         
 20      16      21       4   4   4   4   4   4   4      21      16                      20                         
 20      16      21       4                       4      21      16                      20                         
 20      16      21       4       8   8   8       4      21      16                      20                         
 20      16      21       4       8       8       4      21      16                      20                         
 20      16  16  -1  15  -2  14  -1  13  -2  22  -1  21  21      16                      20                         
 20              20       3       9       7       1              16                      20                         
 20  20  20  20  20       3       9       7       1              16                      20                         
                          3       9       7       1              16                      20                         
                          3       9       7       1              16                      20       3   3   3   3   3 
                          3       9       7       1              16                      20       3               3 
                          3       9       7       1              16      18  18  18      20       3               3 
                          3       9       7       1              16      18      18      20       3               3 
                          3       9       7   7  -2   6   6   6  -1   5  -2  12  -1  11  -2  10  -1   9   9       3 
                          3       9               2              17      17      19      19       2       9       3 
                          3       9               2              17      17      19  19  19       2       9       3 
                          3       9               2              17      17                       2       9       3 
                          3       9               2              17  17  17                       2       9       3 
                          3       9               2                                               2       9       3 
                          3       9               2   2   2   2   2   2   2   2   2   2   2   2   2       9       3 
                          3       9                                                                       9       3 
                          3       9   9   9   9   9   9   9   9   9   9   9   9   9   9   9   9   9   9   9       3 
                          3                                                                                       3 
                          3   3   3   3   3   3   3   3   3   3   3   3   3   3   3   3   3   3   3   3   3   3   3 
