  8   8   8   8   8   8   8   8   8   8   8   8   8   8   8   8   8   8   8   8   8   8   8   8   8   8   8 
  8                                                                                                       8 
  8      17  17  17  17  17  17  17  17  17  17  17  17  17  17  17  17  17  17  17  17  17               8 
  8      17                                                                              17               8 
  8      17       1   1   1   1   1   1   1   1   1   1   1   1   1   1   1   1   1      17               8 
  8      17       1                                                               1      17               8 
  8      17       1                                      18  18  18  18  18  18  -1  17  17               8 
  8      17       1                                      18                       4                       8 
  8      17       1      12  12  12  12  12              18                       4                       8 
  8      17       1      12              12              18                       4                       8 
  8   8  -1   7  -2   6  -1   5   5   5  -2  10  10  10  -1   9   9   9   9   9  -2   8   8   8   8   8   8 
         16       2      13              11              19                       3                         
         16       2      13      21  21  -1  22  22      19              15  15  -1  16  16  16  16         
         16       2      13      21      14      22      19              15       2              16         
         16       2      13      21      14      22      19  19  19      15       2              16         
         16       2      13      21      14      22              19      15       2              16         
         16       2      13      21      14      22  22  22      19      15       2              16         
         16       2      13      21      14              22      19      15       2              16         
         16       2      13      21  21  -2  20  20  20  -1  19  19      15       2              16         
         16       2      13              13              15              15       2              16         
         16       2      13              13              15  15  15  15  15       2              16         
         16       2      13              13                                       2              16         
         16       2      13  13  13  13  13                                       2              16         
         16       2                                                               2              16         
         16       2   2   2   2   2   2   2   2   2   2   2   2   2   2   2   2   2              16         
         16                                                                                      16         
         16  16  16  16  16  16  16  16  16  16  16  16  16  16  16  16  16  16  16  16  16  16  16         
