                 21  21  21  21  21  21  21  21  21  21  21  21  21  21  21  21  21  21  21  21  21 
                 21                                                                              21 
                 21       9   9   9   9   9   9   9   9   9   9   9   9   9   9   9   9   9      21 
                 21       9                                                               9      21 
                 21  21  -1  22  22  22  22  22  22  22  22                               9      21 
                          8                              22                               9      21 
                          8      16  16  16  16  16      22                               9      21 
                          8      16              16      22                               9      21 
                          8      16              16      22              19  19  19       9      21 
                          8      16              16      22              19      19       9      21 
 17  17  17  17  17  17  -2  16  16      13  13  -2  12  -1  11  11  11  -2  10  -1   9   9      21 
 17                       7              13      15       5              20      18              21 
 17       2   2   2   2  -1   1   1   1  -2   4  -1   3  -2   2   2      20  20  -2  21  21  21  21 
 17       2               6              14      14       6       2              17                 
 17       2               6              14  14  14       6       2              17                 
 17       2               6                               6       2              17                 
 17       2               6   6   6   6   6   6   6   6   6       2              17                 
 17       2                                                       2              17                 
 17       2   2   2   2   2   2   2   2   2   2   2   2   2   2   2              17                 
 17                                                                              17                 
 17  17  17  17  17  17  17  17  17  17  17  17  17  17  17  17  17  17  17  17  17                 
