 15  15  15  15  15  15  15  15  15  15  15  15  15                                                                                 
 15                                              15                                                                                 
 15       5   5   5   5   5   5   5   5   5      15                                                                                 
 15       5                               5      15                                                                                 
 15       5      16  16  16  16  16  16  -1  15  15                                                                                 
 15       5      16                       4                                                                                         
 15       5      16      12  12  12  12  -2  13  13  13  13  13  13  13  13  13  13  13  13  13  13  13  13  13  13  13  13  13  13 
 15       5      16      12               3                                                                                      13 
 15       5      16      12       8   8  -1   7   7   7   7   7   7   7   7   7   7   7   7   7   7   7   7   7   7   7   7      13 
 15       5      16      12       8       2                                                                               7      13 
 15       5      16      12       8   8  -2   9   9   9   9   9   9   9   9   9   9   9   9   9   9   9   9   9   9       7      13 
 15       5      16      12               1                                                                       9       7      13 
 15       5      16      12  12  12  12  -1  11  11  11  11  11  11  11  11  11  11  11  11  11  11  11  11       9       7      13 
 15       5      16                       6                                                              11       9       7      13 
 15       5      16                       6                              22  22  22  22  22  22  22      11       9       7      13 
 15       5      16                       6                              22                      22      11       9       7      13 
 15       5      16                       6                              22      10  10  10      22      11       9       7      13 
 15       5      16                       6                              22      10      10      22      11       9       7      13 
 15       5      16                       6              14  14  14      22      10      10      22      11       9       7      13 
 15       5      16                       6              14      14      22      10      10      22      11       9       7      13 
 15       5      16  16  16  16  16  16  -2  17  17  17  -1  18  -2  19  -1  20  -2  21  -1  22  22      11       9       7      13 
 15       5                               5              15      13       7       9      11              11       9       7      13 
 15       5                               5              15      13       7       9      11  11  11  11  11       9       7      13 
 15       5                               5              15      13       7       9                               9       7      13 
 15       5                               5              15      13       7       9   9   9   9   9   9   9   9   9       7      13 
 15       5                               5              15      13       7                                               7      13 
 15       5                               5              15      13       7   7   7   7   7   7   7   7   7   7   7   7   7      13 
 15       5                               5              15      13                                                              13 
 15       5                               5              15      13  13  13  13  13  13  13  13  13  13  13  13  13  13  13  13  13 
 15       5                               5              15                                                                         
 15       5   5   5   5   5   5   5   5   5              15                                                                         
 15                                                      15                                                                         
 15  15  15  15  15  15  15  15  15  15  15  15  15  15  15                                                                         
