         17  17  17  17  17  17  17  17  17  17  17  17  17  17  17  17  17  17  17         
         17                                                                      17         
         17      15  15  15  15  15  15  15  15  15  15  15  15  15  15  15      17         
         17      15                                                      15      17         
         17      15                                      21  21  21      15      17         
         17      15                                      21      21      15      17         
         17      15      13  13  13  13  13  13  13  13  -1  14  -2  15  15      17         
         17      15      13                              20      22              17         
         17      15      13       9   9   9   9   9   9  -2  22  22              17         
         17      15      13       9                      19                      17         
         17      15      13       9      11  11  11      19                      17         
         17      15      13       9      11      11      19                      17         
         17      15      13       9      11      11      19      17  17  17  17  17         
         17      15      13       9      11      11      19      17                         
  6   6  -1   5  -2   4  -1   3  -2   2  -1   1  -2   8  -1   7  -2   6   6   6   6   6   6 
  6      16      16      12      10      10      12      18      18                       6 
  6      16      16      12      10      10      12      18  18  18                       6 
  6      16      16      12      10      10      12                                       6 
  6      16  16  16      12      10      10      12                                       6 
  6                      12      10      10      12                                       6 
  6                      12      10  10  10      12                                       6 
  6                      12                      12                                       6 
  6                      12  12  12  12  12  12  12                                       6 
  6                                                                                       6 
  6   6   6   6   6   6   6   6   6   6   6   6   6   6   6   6   6   6   6   6   6   6   6 
