                                         14  14  14  14  14  14  14  14  14  14  14  14  14  14  14  14  14 
                                         14                                                              14 
                                         14      21  21  21  21  21  21  21  21  21  21  21  21  21      14 
                                         14      21                                              21      14 
                                         14      21       2   2   2   2   2   2   2   2   2      21      14 
                                         14      21       2                               2      21      14 
                                         14      21       2               8   8   8       2      21      14 
                                         14      21       2               8       8       2      21      14 
                                         14      21  21  -1  22  22  22  -2  11  -1  12  -2  13  -1  14  14 
                                         14               3               7       9       1      20         
                                         14  14  14  14  -2  15  15       7       9       1      20         
                                                          4      15       7       9       1      20         
                          6   6   6                       4      15       7       9       1      20         
                          6       6                       4      15       7       9       1      20         
         10  10  10       6       6                       4      15       7       9       1      20         
         10      10       6       6                       4      15       7       9       1      20         
 20  20  -1  19  -2  18  -1  17  -2  16  16  16  16  16  -1  15  15       7       9       1      20         
 20       1       9       7       5                       5               7       9       1      20         
 20       1       9       7       5   5   5   5   5   5   5               7       9       1      20         
 20       1       9       7                                               7       9       1      20         
 20       1       9       7   7   7   7   7   7   7   7   7   7   7   7   7       9       1      20         
 20       1       9                                                               9       1      20         
 20       1       9   9   9   9   9   9   9   9   9   9   9   9   9   9   9   9   9       1      20         
 20       1                                                                               1      20         
 20       1   1   1   1   1   1   1   1   1   1   1   1   1   1   1   1   1   1   1   1   1      20         
 20                                                                                              20         
 20  20  20  20  20  20  20  20  20  20  20  20  20  20  20  20  20  20  20  20  20  20  20  20  20         
