 11  11  11  11  11  11  11  11  11  11  11  11  11  11  11  11  11  11  11  11  11  11  11                                         
 11                                                                                      11                                         
 11      19  19  19  19  19  19  19  19  19  19  19  19  19  19  19  19  19  19  19      11                                         
 11      19                                                                      19      11                                         
 11      19                                               8   8   8   8   8      19      11                                         
 11      19                                               8               8      19      11                                         
 11      19      12  12  12                               8               8      19      11                                         
 11      19      12      12                               8               8      19      11                                         
 11      19  19  -2  18  -1  17  17  17  17  17  17  17  -2  16  16       8      19      11                                         
 11              11      13                               7      16       8      19      11                                         
 11  11  11  11  11      13                               7      16       8      19      11                                         
                         13                               7      16       8      19      11                                         
                         13      15  15  15  15  15  15  -1  16  16       8      19      11                                         
                         13      15                      22               8      19      11                                         
                         13      15                      22               8      19      11      13  13  13  13  13  13  13  13  13 
                         13      15                      22               8      19      11      13                              13 
                         13      15                      22               8      19      11      13      15  15  15  15  15      13 
                         13      15                      22               8      19      11      13      15              15      13 
                         13      15       6   6   6   6  -2   1   1   1  -1   2  -2   3  -1   4  -2   5  -1   6   6      15      13 
                         13      15       6              21               9      20      10      14      14       6      15      13 
                         13      15       6              21               9      20      10      14  14  14       6      15      13 
                         13      15       6              21               9      20      10                       6      15      13 
                         13      15       6      10  10  -1   9   9   9   9      20      10                       6      15      13 
                         13      15       6      10      20                      20      10                       6      15      13 
                         13      15       6      10      20  20  20  20  20  20  20      10                       6      15      13 
                         13      15       6      10                                      10                       6      15      13 
                         13      15       6      10  10  10  10  10  10  10  10  10  10  10                       6      15      13 
                         13      15       6                                                                       6      15      13 
                         13      15       6   6   6   6   6   6   6   6   6   6   6   6   6   6   6   6   6   6   6      15      13 
                         13      15                                                                                      15      13 
                         13      15  15  15  15  15  15  15  15  15  15  15  15  15  15  15  15  15  15  15  15  15  15  15      13 
                         13                                                                                                      13 
                         13  13  13  13  13  13  13  13  13  13  13  13  13  13  13  13  13  13  13  13  13  13  13  13  13  13  13 
