 20  20  20  20  20  20  20  20  20  20  20  20  20  20  20  20  20  20  20  20  20                                         
 20                                                                              20                                         
 20      14  14  14  14  14  14  14  14  14  14  14  14  14  14  14  14  14      20                                         
 20      14                                                              14      20                                         
 20      14                       6   6   6   6   6                      14      20                                         
 20      14                       6               6                      14      20                                         
 20      14                       6               6      19  19  19      14      20                                         
 20      14                       6               6      19      19      14      20                                         
 20      14                       6      17  17  -2  16  -1  15  -2  14  14      20                                         
 20      14                       6      17       5      18      20              20                                         
 20      14                       6      17       5      18      20  20  20  20  20                                         
 20      14                       6      17       5      18                                                                 
 20      14                       6      17  17  -1  18  18                                                                 
 20      14                       6               4                                                                         
 20      14                       6               4      22  22  22  22  22  22  22  22  22  22  22  22  22  22  22  22  22 
 20      14                       6               4      22                                                              22 
 20      14                       6               4      22       1   1   1   1   1   1   1   1   1   1   1   1   1      22 
 20      14                       6               4      22       1                                               1      22 
 20      14                       6               4      22       1                       3   3   3   3   3       1      22 
 20      14                       6               4      22       1                       3               3       1      22 
 20      14      21  21  21       6               4      22       1                       3               3       1      22 
 20      14      21      21       6               4      22       1                       3               3       1      22 
 20      14  14  -1  13  -2  12  -1  11  11  11  -2  10  -1   9  -2   8   8   8   8   8  -1   7   7       3       1      22 
 20              20      22       1               3       7       2                       2       7       3       1      22 
 20  20  20  20  20      22       1               3       7       2                       2       7       3       1      22 
                         22       1               3       7       2                       2       7       3       1      22 
                         22       1               3       7       2   2   2   2   2   2   2       7       3       1      22 
                         22       1               3       7                                       7       3       1      22 
                         22       1               3       7   7   7   7   7   7   7   7   7   7   7       3       1      22 
                         22       1               3                                                       3       1      22 
                         22       1               3   3   3   3   3   3   3   3   3   3   3   3   3   3   3       1      22 
                         22       1                                                                               1      22 
                         22       1   1   1   1   1   1   1   1   1   1   1   1   1   1   1   1   1   1   1   1   1      22 
                         22                                                                                              22 
                         22  22  22  22  22  22  22  22  22  22  22  22  22  22  22  22  22  22  22  22  22  22  22  22  22 
