         16  16  16  16  16  16  16  16  16  16  16  16  16  16  16  16  16  16  16  16  16  16  16         
         16                                                                                      16         
         16              22  22  22  22  22  22  22  22  22  22  22  22  22  22  22  22  22      16         
         16              22                                                              22      16         
         16              22              13  13  13  13  13  13  13  13  13              22      16         
         16              22              13                              13              22      16         
         16              22      20  20  -1  19  19  19  19  19  19      13              22      16         
         16              22      20      12                      19      13              22      16         
         16              22      20  20  -2  21  21              19      13              22      16         
         16              22              11      21              19      13              22      16         
         16              22  22  22  22  -1  21  21              19      13              22      16         
         16                              10                      19      13              22      16         
         16  16  16  16  16  16  16  16  -2  17  17  17  17      19      13              22      16         
                                          9              17      19      13              22      16         
                 18  18  18  18  18  18  -1  17  17  17  17      19      13              22      16         
                 18                       8                      19      13              22      16         
                 18  18  18  18  18  18  -2  19  19  19  19  19  19      13      15  15  -1  16  16         
                                          7                              13      15       5                 
  2   2   2   2   2   2   2   2   2   2  -1   1   1   1   1   1   1   1  -2   4  -1   3  -2   2   2   2   2 
  2                                       6                              14      14       6               2 
  2                                       6                              14  14  14       6               2 
  2                                       6                                               6               2 
  2                                       6   6   6   6   6   6   6   6   6   6   6   6   6               2 
  2                                                                                                       2 
  2   2   2   2   2   2   2   2   2   2   2   2   2   2   2   2   2   2   2   2   2   2   2   2   2   2   2 
