                  9   9   9   9   9   9   9   9   9   9   9   9   9   9   9   9   9   9   9   9   9                                 
                  9                                                                               9                                 
                  9      19  19  19  19  19  19  19  19  19  19  19  19  19  19  19  19  19       9                                 
                  9      19                                                              19       9                                 
                  9      19      21  21  21  21  21  21  21  21  21  21  21  21  21      19       9                                 
                  9      19      21                                              21      19       9                                 
                  9      19      21      16  16  16  16  16  16  16  16  16      21      19       9                                 
                  9      19      21      16                              16      21      19       9                                 
                  9      19      21      16              22  22  22      16      21      19       9                                 
                  9      19      21      16              22      22      16      21      19       9                                 
         20  20  -1  19  19      21      16      18  18  -1  17  -2  16  16      21      19       9                                 
         20       8              21      16      18      11      21              21      19       9                                 
         20       8              21      16      18      11      21  21  21  21  21      19       9                                 
         20       8              21      16      18      11                              19       9                                 
         20  20  -2  21  21  21  21      16      18  18  -2  19  19  19  19  19  19  19  19       9                                 
                  7                      16              12                                       9                                 
                  7                      16              12       9   9   9   9   9   9   9   9   9                                 
                  7                      16              12       9                                                                 
  2   2   2   2  -1   1   1   1   1   1  -2   4   4   4  -1   3  -2   2   2   2   2   2   2   2   2   2   2   2   2   2   2   2   2 
  2               6                      15              13      10                                                               2 
  2               6                      15              13      10                                       6   6   6   6   6       2 
  2               6                      15              13      10                                       6               6       2 
  2               6                      15              13  13  -1  14  14  14  14  14  14  14  14  14  -2  15  15       6       2 
  2               6                      15                       5                                       5      15       6       2 
  2               6                      15                       5   5   5   5   5   5   5   5   5   5   5      15       6       2 
  2               6                      15                                                                      15       6       2 
  2               6                      15  15  15  15  15  15  15  15  15  15  15  15  15  15  15  15  15  15  15       6       2 
  2               6                                                                                                       6       2 
  2               6   6   6   6   6   6   6   6   6   6   6   6   6   6   6   6   6   6   6   6   6   6   6   6   6   6   6       2 
  2                                                                                                                               2 
  2   2   2   2   2   2   2   2   2   2   2   2   2   2   2   2   2   2   2   2   2   2   2   2   2   2   2   2   2   2   2   2   2 
