                                 18  18  18  18  18  18  18  18  18  18  18  18  18  18  18  18  18  18  18  18  18  18  18 
                                 18                                                                                      18 
                                 18       3   3   3   3   3   3   3   3   3   3   3   3   3   3   3   3   3   3   3      18 
                                 18       3                                                                       3      18 
                                 18       3                                                       8   8   8       3      18 
                                 18       3                                                       8       8       3      18 
                                 18       3      10  10  10  10  10  10  10  10  10  10  10       8       8       3      18 
                                 18       3      10                                      10       8       8       3      18 
                                 18       3      10              15  15  15              10       8       8       3      18 
                                 18       3      10              15      15              10       8       8       3      18 
                                 18       3   3  -1   4   4   4  -2   5  -1   6   6   6  -2   1  -1   2  -2   3   3      18 
                                 18              11              16      14               9       9       7              18 
                                 18              11              16      14               9   9   9       7              18 
                                 18              11              16      14                               7              18 
 22  22  22  22  22  22  22  22  -1  21  21  21  -2  20  20      16      14      17  17  17  17  17  17  -1  18  18  18  18 
 22                              19              12      20      16      14      17                      22                 
 22      17  17  17  17  17      19              12      20      16      14      17                      22                 
 22      17              17      19              12      20      16      14      17                      22                 
 22      17      14  14  -1  13  -2  12  12  12  12      20      16      14      17                      22                 
 22      17      14      16      20                      20      16      14      17                      22                 
 22      17      14      16      20  20  20  20  20  20  20      16      14      17                      22                 
 22      17      14      16                                      16      14      17                      22                 
 22      17      14      16  16  16  16  16  16  16  16  16  16  16      14      17                      22                 
 22      17      14                                                      14      17                      22                 
 22      17      14  14  14  14  14  14  14  14  14  14  14  14  14  14  14      17                      22                 
 22      17                                                                      17                      22                 
 22      17  17  17  17  17  17  17  17  17  17  17  17  17  17  17  17  17  17  17                      22                 
 22                                                                                                      22                 
 22  22  22  22  22  22  22  22  22  22  22  22  22  22  22  22  22  22  22  22  22  22  22  22  22  22  22                 
