                  7   7   7   7   7   7   7   7   7   7   7   7   7   7   7   7   7   7   7   7   7   7   7   7   7 
                  7                                                                                               7 
                  7      20  20  20  20  20  20  20  20  20  20  20  20  20  20  20  20  20  20  20  20  20       7 
                  7      20                                                                              20       7 
                  7      20                                                               8   8   8      20       7 
                  7      20                                                               8       8      20       7 
                  7      20                                      10  10  10  10  10       8       8      20       7 
                  7      20                                      10              10       8       8      20       7 
                  7      20                      14  14  14  14  -1  13  13  13  -2  22  -1  21  -2  20  20       7 
                  7      20                      14              11               9       9       7               7 
                  7      20                      14              11               9   9   9       7               7 
                  7      20                      14              11                               7               7 
                  7      20                      14              11                               7   7   7   7   7 
                  7      20                      14              11                                                 
  2   2   2   2  -1   1  -2   4   4   4   4   4  -1   3   3   3  -2   2   2                                         
  2               6      19                      15              12       2                                         
  2               6      19  19  19  19  19      15              12       2                                         
  2               6                      19      15              12       2                                         
  2      17  17  -2  16  16  16  16      19  19  -2  18  18      12       2                                         
  2      17       5              16              16      18      12       2                                         
  2      17       5              16  16  16  16  16      18      12       2                                         
  2      17       5                                      18      12       2                                         
  2      17  17  -1  18  18  18  18  18  18  18  18  18  18      12       2                                         
  2              12                                              12       2                                         
  2              12  12  12  12  12  12  12  12  12  12  12  12  12       2                                         
  2                                                                       2                                         
  2   2   2   2   2   2   2   2   2   2   2   2   2   2   2   2   2   2   2                                         
