         21  21  21  21  21  21  21  21  21  21  21  21  21  21  21  21  21  21  21  21  21  21  21  21  21 
         21                                                                                              21 
         21      19  19  19  19  19  19  19  19  19  19  19  19  19  19  19  19  19  19  19  19  19      21 
         21      19                                                                              19      21 
         21      19      17  17  17  17  17  17  17  17  17  17  17  17  17  17  17  17  17      19      21 
         21      19      17                                                              17      19      21 
         21      19      17       3   3   3   3   3   3   3   3   3   3   3   3   3      17      19      21 
         21      19      17       3                                               3      17      19      21 
         21      19      17       3               1   1   1   1   1   1   1       3      17      19      21 
         21      19      17       3               1                       1       3      17      19      21 
 14  14  -1  13  -2  12  -1  11  -2  10  10  10  -1   9   9   9   9   9  -2   8  -1   7  -2  22  -1  21  21 
 14      20      20      16       4               6                       2       2      18      18         
 14      20  20  20      16       4               6                       2       2      18      18         
 14                      16       4               6                       2       2      18      18         
 14                      16       4               6                       2       2      18  18  18         
 14                      16       4               6                       2       2                         
 14                      16       4               6                       2   2   2                         
 14                      16       4               6                                                         
 14                      16       4      15  15  -2  14  14  14  14                                         
 14                      16       4      15       5              14                                         
 14                      16       4      15  15  -1  16  16      14                                         
 14                      16       4               4      16      14                                         
 14                      16       4   4   4   4   4      16      14                                         
 14                      16                              16      14                                         
 14                      16  16  16  16  16  16  16  16  16      14                                         
 14                                                              14                                         
 14  14  14  14  14  14  14  14  14  14  14  14  14  14  14  14  14                                         
