  3   3   3   3   3   3   3   3   3   3   3   3   3   3   3   3   3   3   3   3   3   3   3                         
  3                                                                                       3                         
  3      15  15  15  15  15  15  15  15  15  15  15  15  15  15  15  15  15  15  15       3                         
  3      15                                                                      15       3                         
  3      15              17  17  17  17  17  17  17  17  17  17  17  17  17      15       3                         
  3      15              17                                              17      15       3                         
  3      15      22  22  -1  21  21  21  21  21  21                      17      15       3                         
  3      15      22      16                      21                      17      15       3                         
  3      15      22      16                      21                      17      15       3       1   1   1   1   1 
  3      15      22      16                      21                      17      15       3       1               1 
  3      15      22      16       2   2   2      21                      17      15       3       1               1 
  3      15      22      16       2       2      21                      17      15       3       1               1 
  3      15      22      16       2       2      21      19  19  19      17      15       3       1               1 
  3      15      22      16       2       2      21      19      19      17      15       3       1               1 
  3      15      22  22  -2   5  -1   6  -2   7  -1   8  -2   9  -1  10  -2  11  -1  12  -2  13  -1  14  14       1 
  3      15              15       3       1      20      20      18      18      14       4       4      14       1 
  3      15              15       3       1      20  20  20      18      18      14       4       4      14       1 
  3      15              15       3       1                      18      18      14       4       4      14       1 
  3      15              15       3       1                      18  18  18      14       4       4      14       1 
  3      15              15       3       1                                      14       4       4      14       1 
  3      15  15  15  15  15       3       1                                      14       4       4      14       1 
  3                               3       1                                      14       4       4      14       1 
  3                               3       1                                      14       4   4   4      14       1 
  3                               3       1                                      14                      14       1 
  3                               3       1                                      14  14  14  14  14  14  14       1 
  3                               3       1                                                                       1 
  3   3   3   3   3   3   3   3   3       1                                                                       1 
                                          1                                                                       1 
                                          1   1   1   1   1   1   1   1   1   1   1   1   1   1   1   1   1   1   1 
