 18  18  18  18  18  18  18  18  18  18  18  18  18  18  18  18  18  18  18  18  18                                 
 18                                                                              18                                 
 18      10  10  10  10  10  10  10  10  10  10  10  10  10  10  10  10  10      18                                 
 18      10                                                              10      18                                 
 18      10                      17  17  17  17  17  17  17  17  17  17  -1  18  18                                 
 18      10                      17                                      11                                         
 18      10                      17       1   1   1   1   1   1   1      11                                         
 18      10                      17       1                       1      11                                         
 18      10                      17       1      14  14  14       1      11                                         
 18      10                      17       1      14      14       1      11                                         
 18      10      19  19  19      17       1      14      14       1      11                                         
 18      10      19      19      17       1      14      14       1      11                                         
 18      10  10  -1   9  -2   8  -1   7  -2   6  -1   5  -2  22  -1  21  -2  20  20  20  20  20  20  20  20  20  20 
 18              18      20      16       2      15      13       4      12                                      20 
 18  18  18  18  18      20      16       2      15      13       4      12                                      20 
                         20      16       2      15      13       4      12                                      20 
                         20      16       2      15      13       4      12              16  16  16  16  16      20 
                         20      16       2      15      13       4      12              16              16      20 
                         20      16       2      15      13       4   4  -1   3   3   3  -2   2   2      16      20 
                         20      16       2      15      13              13              15       2      16      20 
                         20      16       2      15      13  13  13  13  13              15       2      16      20 
                         20      16       2      15                                      15       2      16      20 
                         20      16       2      15  15  15  15  15  15  15  15  15  15  15       2      16      20 
                         20      16       2                                                       2      16      20 
                         20      16       2   2   2   2   2   2   2   2   2   2   2   2   2   2   2      16      20 
                         20      16                                                                      16      20 
                         20      16  16  16  16  16  16  16  16  16  16  16  16  16  16  16  16  16  16  16      20 
                         20                                                                                      20 
                         20  20  20  20  20  20  20  20  20  20  20  20  20  20  20  20  20  20  20  20  20  20  20 
