  6   6   6   6   6   6   6   6   6   6   6   6   6   6   6   6   6   6   6   6   6   6   6   6   6 
  6                                                                                               6 
  6      12  12  12  12  12  12  12  12  12  12  12  12  12                                       6 
  6      12                                              12                                       6 
  6      12                                              12      14  14  14                       6 
  6      12                                              12      14      14                       6 
  6      12      22  22  22  22  22  22  22  22  22      12      14      14                       6 
  6      12      22                              22      12      14      14                       6 
  6      12      22      17  17  17  17  17      22      12      14      14                       6 
  6      12      22      17              17      22      12      14      14                       6 
  6      12      22      17              17      22      12      14      14      19  19  19       6 
  6      12      22      17              17      22      12      14      14      19      19       6 
  6   6  -2   7  -1   8  -2   9   9   9  -1  10  -2   1  -1   2  -2   3  -1   4  -2   5  -1   6   6 
         11      11      18              16      21      13      13      15      20      18         
         11      11      18              16      21      13  13  13      15      20      18         
         11      11      18              16      21                      15      20      18         
         11  11  11      18              16      21                      15      20      18         
                         18              16      21                      15      20      18         
                         18      20  20  -2  21  21                      15      20      18         
                         18      20      15                              15      20      18         
                         18      20      15  15  15  15  15  15  15  15  15      20      18         
                         18      20                                              20      18         
                         18      20  20  20  20  20  20  20  20  20  20  20  20  20      18         
                         18                                                              18         
                         18  18  18  18  18  18  18  18  18  18  18  18  18  18  18  18  18         
