 21  21  21  21  21  21  21  21  21  21  21  21  21  21  21  21  21  21  21  21  21  21  21         
 21                                                                                      21         
 21      15  15  15  15  15  15  15  15  15  15  15  15  15  15  15                      21         
 21      15                                                      15                      21         
 21      15      19  19  19  19  19  19  19                      15                      21         
 21      15      19                      19                      15                      21         
 21      15      19       2   2   2      19                      15                      21         
 21      15      19       2       2      19                      15                      21         
 21      15      19       2       2      19                      15       4   4   4      21         
 21      15      19       2       2      19                      15       4       4      21         
 21      15      19       2       2      19      17  17  17      15       4       4      21         
 21      15      19       2       2      19      17      17      15       4       4      21         
 21  21  -1  22  -2   5  -1   6  -2   7  -1   8  -2   9  -1  10  -2  11  -1  12  -2  13  -1  14  14 
         14      20       3       1      18      18      16      16       1       3      20      14 
         14      20       3       1      18  18  18      16      16       1       3      20      14 
         14      20       3       1                      16      16       1       3      20      14 
         14      20       3       1                      16  16  16       1       3      20      14 
         14      20       3       1                                       1       3      20      14 
         14      20       3       1   1   1   1   1   1   1   1   1   1   1       3      20      14 
         14      20       3                                                       3      20      14 
         14      20       3   3   3   3   3   3   3   3   3   3   3   3   3   3   3      20      14 
         14      20                                                                      20      14 
         14      20  20  20  20  20  20  20  20  20  20  20  20  20  20  20  20  20  20  20      14 
         14                                                                                      14 
         14  14  14  14  14  14  14  14  14  14  14  14  14  14  14  14  14  14  14  14  14  14  14 
