  5   5   5   5   5   5   5   5   5                                                                                                 
  5                               5                                                                                                 
  5      10  10  10  10  10  10  -1   9   9   9   9   9   9   9   9   9   9   9   9   9   9   9   9   9   9   9   9   9   9   9   9 
  5      10                       4                                                                                               9 
  5      10       6   6   6   6  -2   7   7   7   7   7   7   7   7   7   7   7   7   7   7   7   7   7   7   7   7   7   7       9 
  5      10       6               3                                                                                       7       9 
  5      10       6      12  12  -1  11  11  11  11  11  11  11  11  11  11  11  11  11  11  11  11  11  11  11  11       7       9 
  5      10       6      12       2                                                                              11       7       9 
  5      10       6      12       2              21  21  21  21  21  21  21  21  21  21  21  21  21  21  21      11       7       9 
  5      10       6      12       2              21                                                      21      11       7       9 
  5      10       6      12       2              21      19  19  19  19  19  19  19  19  19  19  19      21      11       7       9 
  5      10       6      12       2              21      19                                      19      21      11       7       9 
  5      10       6      12       2              21      19       8   8   8                      19      21      11       7       9 
  5      10       6      12       2              21      19       8       8                      19      21      11       7       9 
  5      10       6      12       2              21      19       8       8      22  22  22      19      21      11       7       9 
  5      10       6      12       2              21      19       8       8      22      22      19      21      11       7       9 
  5      10       6      12  12  -2  13  13  13  -1  14  -2  15  -1  16  -2  17  -1  18  -2  19  19      21      11       7       9 
  5      10       6               1              20      20       9       7      11      21              21      11       7       9 
  5      10       6               1              20      20       9       7      11      21  21  21  21  21      11       7       9 
  5      10       6               1              20      20       9       7      11                              11       7       9 
  5      10       6               1              20  20  20       9       7      11                              11       7       9 
  5      10       6               1                               9       7      11                              11       7       9 
  5      10       6               1                               9       7      11  11  11  11  11  11  11  11  11       7       9 
  5      10       6               1                               9       7                                               7       9 
  5      10       6               1                               9       7   7   7   7   7   7   7   7   7   7   7   7   7       9 
  5      10       6               1                               9                                                               9 
  5      10       6               1                               9   9   9   9   9   9   9   9   9   9   9   9   9   9   9   9   9 
  5      10       6               1                                                                                                 
  5      10       6   6   6   6  -1   5   5                                                                                         
  5      10                      10       5                                                                                         
  5      10  10  10  10  10  10  10       5                                                                                         
  5                                       5                                                                                         
  5   5   5   5   5   5   5   5   5   5   5                                                                                         
