                                                                  6   6   6   6   6   6   6   6   6   6   6   6   6   6   6 
                                                                  6                                                       6 
                                                                  6      22  22  22  22  22  22  22  22  22  22  22       6 
                                                                  6      22                                      22       6 
                                                                  6      22       9   9   9   9   9   9   9      22       6 
                                                                  6      22       9                       9      22       6 
                                                                  6      22  22  -2  13  13  13  13       9      22       6 
                                                                  6              10              13       9      22       6 
 21  21  21  21  21  21  21  21  21  21  21  21  21               6              10              13       9      22       6 
 21                                              21               6              10              13       9      22       6 
 21       8   8   8   8   8   8   8   8   8      21               6              10              13       9      22       6 
 21       8                               8      21               6              10              13       9      22       6 
 21       8      12  12  12  12  12       8      21               6              10              13       9      22       6 
 21       8      12              12       8      21               6              10              13       9      22       6 
 21       8      12      20  20  -1  19  -2  18  -1  17  17  17  -2  16  16  16  -1  15  15      13       9      22       6 
 21       8      12      20       7       7      20               5              11      15      13       9      22       6 
 21       8      12      20       7   7   7      20               5              11      15      13       9      22       6 
 21       8      12      20                      20               5              11      15      13       9      22       6 
 21       8      12      20  20  20  20  20  20  20               5              11      15      13       9      22       6 
 21       8      12                                               5              11      15      13       9      22       6 
 21       8      12  12  12  12  12  12  12  12  12  12  12  12  -1  11  11  11  11      15      13       9      22       6 
 21       8                                                       4                      15      13       9      22       6 
 21       8                                              14  14  -2  15  15  15  15  15  15      13       9      22       6 
 21       8                                              14       3                              13       9      22       6 
 21       8                                              14  14  -1  13  13  13  13  13  13  13  13       9      22       6 
 21       8                                                       2                                       9      22       6 
 21       8   8   8   8   8   8   8   8   8   8   8   8   8   8  -2   9   9   9   9   9   9   9   9   9   9      22       6 
 21                                                               1                                              22       6 
 21  21  21  21  21  21  21  21  21  21  21  21  21  21  21  21  -1  22  22  22  22  22  22  22  22  22  22  22  22       6 
                                                                  6                                                       6 
                                                                  6   6   6   6   6   6   6   6   6   6   6   6   6   6   6 
