  2   2   2   2   2   2   2   2   2   2   2   2   2   2   2   2   2   2   2   2   2   2   2   2   2   2   2 
  2                                                                                                       2 
  2                      11  11  11  11  11  11  11  11  11  11  11  11  11  11  11  11  11  11  11       2 
  2                      11                                                                      11       2 
  2                      11              21  21  21  21  21  21  21  21  21  21  21  21  21      11       2 
  2                      11              21                                              21      11       2 
  2                      11              21      14  14  14  14  14  14  14  14  14      21      11       2 
  2                      11              21      14                              14      21      11       2 
  2                      11              21      14                      20  20  -2  21  21      11       2 
  2                      11              21      14                      20      13              11       2 
  2                      11              21      14      16  16  16      20      13              11       2 
  2                      11              21      14      16      16      20      13              11       2 
  2   2   2   2   2   2  -1   1   1   1  -2   8  -1   7  -2   6  -1   5  -2   4  -1   3   3   3  -2   2   2 
                         10              22      15      15      17      19      12              12         
                         10              22      15  15  15      17      19      12              12         
                         10              22                      17      19      12              12         
                         10              22                      17      19      12  12  12  12  12         
                         10              22                      17      19                                 
         19  19  19  19  -2  18  18      22                      17      19                                 
         19               9      18      22                      17      19                                 
         19      17  17  -1  18  18      22                      17      19                                 
         19      17      22              22                      17      19                                 
         19      17      22  22  22  22  22                      17      19                                 
         19      17                                              17      19                                 
         19      17  17  17  17  17  17  17  17  17  17  17  17  17      19                                 
         19                                                              19                                 
         19  19  19  19  19  19  19  19  19  19  19  19  19  19  19  19  19                                 
