         17  17  17  17  17  17  17  17  17  17  17  17  17  17  17  17  17  17  17  17  17 
         17                                                                              17 
         17       1   1   1   1   1   1   1   1   1   1   1   1   1   1   1   1   1      17 
         17       1                                                               1      17 
         17       1       3   3   3   3   3   3   3   3   3   3   3               1      17 
         17       1       3                                       3               1      17 
         17       1       3      15  15  15  15  15  15  15  15  -2  14  14       1      17 
         17       1       3      15                               4      14       1      17 
         17       1       3      15              13  13  13  13  -1  14  14       1      17 
         17       1       3      15              13               5               1      17 
         17       1       3      15      20  20  -1  19  19  19  -2  18  18  18  -1  17  17 
         17       1       3      15      20      22               6               6         
         17       1       3      15      20      22               6   6   6   6   6         
         17       1       3      15      20      22                                         
 10  10  -1   9  -2   8  -1   7  -2  12  -1  11  -2  10  10                                 
 10      16       2       2      16      21      21      10                                 
 10      16       2       2      16      21  21  21      10                                 
 10      16       2       2      16                      10                                 
 10      16       2   2   2      16                      10                                 
 10      16                      16                      10                                 
 10      16  16  16  16  16  16  16                      10                                 
 10                                                      10                                 
 10  10  10  10  10  10  10  10  10  10  10  10  10  10  10                                 
