  8   8   8   8   8   8   8   8   8   8   8                                                 
  8                                       8                                                 
  8                                       8       9   9   9   9   9   9   9   9   9   9   9 
  8                                       8       9                                       9 
  8                                       8       9              11  11  11  11  11       9 
  8                                       8       9              11              11       9 
  8                              16  16  -2  17  -1  18  18  18  -2  19  19      11       9 
  8                              16       7      22              12      19      11       9 
  8                              16       7      22  22  22      12      19      11       9 
  8                              16       7              22      12      19      11       9 
  8                              16  16  -1  15  15      22      12      19      11       9 
  8                                       6      15      22      12      19      11       9 
  8              20  20  20  20  20  20  -2  21  -1  22  22      12      19      11       9 
  8              20                       5      14              12      19      11       9 
  8              20      13  13  13  13  -1  14  14              12      19      11       9 
  8              20      13               4                      12      19      11       9 
  8              20      13  13  13  13  -2  12  12  12  12  12  12      19      11       9 
  8              20                       3                              19      11       9 
  8              20  20  20  20  20  20  -1  19  19  19  19  19  19  19  19      11       9 
  8                                       2                                      11       9 
  8      10  10  10  10  10  10  10  10  -2  11  11  11  11  11  11  11  11  11  11       9 
  8      10                               1                                               9 
  8      10  10  10  10  10  10  10  10  -1   9   9   9   9   9   9   9   9   9   9   9   9 
  8                                       8                                                 
  8   8   8   8   8   8   8   8   8   8   8                                                 
