  8   8   8   8   8   8   8   8   8   8   8   8   8   8   8   8   8   8   8   8   8   8   8   8   8   8   8 
  8                                                                                                       8 
  8              10  10  10                                                                               8 
  8              10      10                                                                               8 
  8              10      10      12  12  12                                                               8 
  8              10      10      12      12                                                               8 
  8              10      10      12      12                              15  15  15  15  15  15  15       8 
  8              10      10      12      12                              15                      15       8 
  8              10      10      12      12      19  19  19              15                      15       8 
  8              10      10      12      12      19      19              15                      15       8 
  8   8   8   8  -2   1  -1   2  -2   3  -1   4  -2   5  -1   6   6   6  -2   7   7   7   7   7  -1   8   8 
                  9      11      11      13      20      18              16                      14         
                  9      11  11  11      13      20      18              16                      14         
                  9                      13      20      18              16                      14         
         14  14  -1  13  13  13  13  13  13      20      18      21  21  -1  22  22  22  22      14         
         14      22                              20      18      21      17              22      14         
         14      22                              20      18      21  21  -2  20  20      22      14         
         14      22                              20      18              18      20      22      14         
         14      22                              20      18  18  18  18  18      20      22      14         
         14      22                              20                              20      22      14         
         14      22                              20  20  20  20  20  20  20  20  20      22      14         
         14      22                                                                      22      14         
         14      22  22  22  22  22  22  22  22  22  22  22  22  22  22  22  22  22  22  22      14         
         14                                                                                      14         
         14  14  14  14  14  14  14  14  14  14  14  14  14  14  14  14  14  14  14  14  14  14  14         
