  8   8   8   8   8   8   8   8   8   8   8   8   8   8   8   8   8   8   8   8   8   8   8 
  8                                                                                       8 
  8      12  12  12  12  12  12  12  12  12  12  12                                       8 
  8      12                                      12                                       8 
  8      12      10  10  10  10  10  10  10      12                                       8 
  8      12      10                      10      12                                       8 
  8      12      10                      10      12      16  16  16                       8 
  8      12      10                      10      12      16      16                       8 
  8      12      10                      10      12      16      16      19  19  19       8 
  8      12      10                      10      12      16      16      19      19       8 
  8   8  -2   1  -1   2   2   2   2   2  -2   3  -1   4  -2   5  -1   6  -2   7  -1   8   8 
         11      11                       9      13      15      17      20      18         
         11  11  11                       9      13      15      17      20      18         
                                          9      13      15      17      20      18         
                         14  14  14  14  -1  13  13      15      17      20      18         
                         14              22              15      17      20      18         
                         14  14  14  14  -2  15  15  15  15      17      20      18         
                                         21                      17      20      18         
                                 18  18  -1  17  17  17  17  17  17      20      18         
                                 18      20                              20      18         
                                 18      20  20  20  20  20  20  20  20  20      18         
                                 18                                              18         
                                 18  18  18  18  18  18  18  18  18  18  18  18  18         
