                                  5   5   5   5   5   5   5   5   5                                         
                                  5                               5                                         
                                  5       2   2   2   2   2       5                                         
                                  5       2               2       5                                         
                                  5       2               2       5                      19  19  19         
                                  5       2               2       5                      19      19         
                                  5       2               2       5      21  21  21      19      19         
                                  5       2               2       5      21      21      19      19         
                                  5   5  -1   6   6   6  -2   7  -1   8  -2   9  -1  10  -2  11  -1  12  12 
                                          3               1      22      22      20      20      18      12 
                                          3               1      22  22  22      20      20      18      12 
                                          3               1                      20      20      18      12 
                                          3               1                      20  20  20      18      12 
                                          3               1                                      18      12 
         17  17  17  17  17               3               1                                      18      12 
         17              17               3               1                                      18      12 
 12  12  -2  13  13  13  -1  14  14  14  -2  15  15       1                                      18      12 
 12      18              16               4      15       1                                      18      12 
 12      18       1   1  -2   4   4   4   4      15       1                                      18      12 
 12      18       1      15                      15       1                                      18      12 
 12      18       1      15  15  15  15  15  15  15       1                                      18      12 
 12      18       1                                       1                                      18      12 
 12      18       1   1   1   1   1   1   1   1   1   1   1                                      18      12 
 12      18                                                                                      18      12 
 12      18  18  18  18  18  18  18  18  18  18  18  18  18  18  18  18  18  18  18  18  18  18  18      12 
 12                                                                                                      12 
 12  12  12  12  12  12  12  12  12  12  12  12  12  12  12  12  12  12  12  12  12  12  12  12  12  12  12 
