                          1   1   1   1   1   1   1   1   1   1   1   1   1   1   1   1   1         
                          1                                                               1         
                          1       3   3   3   3   3   3   3   3   3   3   3   3   3       1         
                          1       3                                               3       1         
                          1       3      20  20  20  20  20  20  20  20  20       3       1         
                          1       3      20                              20       3       1         
                          1       3      20      14  14  14  14  14      20       3       1         
                          1       3      20      14              14      20       3       1         
 17  17  17  17  17       1       3      20      14              14      20       3       1         
 17              17       1       3      20      14              14      20       3       1         
 17       8   8  -1   7  -2   6  -1   5  -2  22  -1  21  21  21  -2  20  20       3       1         
 17       8      16       2       2      19      15              13               3       1         
 17       8      16       2   2   2      19      15              13               3       1         
 17       8      16                      19      15              13               3       1         
 17       8      16  16  16  16  16  16  -1  15  15       9   9  -1  10  10  10  -2  11  -1  12  12 
 17       8                              18               9      12               4       4      12 
 17       8                              18               9      12               4   4   4      12 
 17       8                              18               9      12                              12 
 17       8                              18               9      12  12  12  12  12  12  12  12  12 
 17       8                              18               9                                         
 17       8   8   8   8   8   8   8   8  -2   9   9   9   9                                         
 17                                      17                                                         
 17  17  17  17  17  17  17  17  17  17  17                                                         
