                 20  20  20  20  20  20  20  20  20  20  20  20  20  20  20  20  20  20  20  20  20  20  20  20  20  20  20  20  20 
                 20                                                                                                              20 
                 20      14  14  14  14  14  14  14  14  14  14  14  14  14  14  14  14  14  14  14  14  14  14  14  14  14      20 
                 20      14                                                                                              14      20 
                 20      14      21  21  21  21  21  21  21  21  21  21  21  21  21  21  21  21  21  21  21  21  21      14      20 
                 20      14      21                                                                              21      14      20 
                 20      14      21       3   3   3   3   3   3   3   3   3   3   3   3   3   3   3   3   3      21      14      20 
                 20      14      21       3                                                               3      21      14      20 
                 20      14      21       3       9   9   9   9   9   9   9   9   9   9   9   9   9       3      21      14      20 
                 20      14      21       3       9                                               9       3      21      14      20 
                 20      14      21       3       9       2   2   2   2   2                       9       3      21      14      20 
                 20      14      21       3       9       2               2                       9       3      21      14      20 
                 20      14      21       3       9   9  -1  10  10  10  -2  11  11  11  11  11  -1  12  -2  13  -1  14  14      20 
                 20      14      21       3               3               1                      22       4      20              20 
                 20      14      21       3               3               1                      22       4      20  20  20  20  20 
                 20      14      21       3               3               1                      22       4                         
                 20      14      21       3   3   3   3   3               1                      22       4                         
                 20      14      21                                       1                      22       4                         
                 20      14      21  21  21  21  21  21  21  21  21  21  -1  22  22  22  22  22  22       4                         
                 20      14                                               8                               4                         
                 20      14  14  14  14  14  14  14  14  14  14  14       8                               4                         
                 20                                              14       8                               4                         
  4   4   4   4  -2   5   5   5   5   5   5   5   5   5   5      14  14  -2  15  15  15  15               4                         
  4              19                                       5               7              15               4                         
  4      15  15  -1  16  16  16  16  16  16  16  16  16  -2  17  17  17  -1  18  18      15               4                         
  4      15      18                                       6               6      18      15               4                         
  4      15      18                                       6   6   6   6   6      18      15               4                         
  4      15      18                                                              18      15               4                         
  4      15      18  18  18  18  18  18  18  18  18  18  18  18  18  18  18  18  18      15               4                         
  4      15                                                                              15               4                         
  4      15  15  15  15  15  15  15  15  15  15  15  15  15  15  15  15  15  15  15  15  15               4                         
  4                                                                                                       4                         
  4   4   4   4   4   4   4   4   4   4   4   4   4   4   4   4   4   4   4   4   4   4   4   4   4   4   4                         
