  7   7   7   7   7   7   7   7   7   7   7                                                                         
  7                                       7                                                                         
  7      10  10  10  10  10  10  10  10  -1   9   9   9   9   9   9   9   9   9   9   9   9   9   9   9   9   9   9 
  7      10                               6                                                                       9 
  7      10              14  14  14  14  -2  15  15  15  15  15  15  15  15  15  15  15  15  15  15  15  15       9 
  7      10              14               5                                                              15       9 
  7      10              14  14  14  14  -1  13  13                                                      15       9 
  7      10                               4      13                                                      15       9 
  7      10      12  12  12  12  12  12  -2  13  13                                                      15       9 
  7      10      12                       3                                                              15       9 
  7      10      12  12  12  12  12  12  -1  11  11  11  11                                              15       9 
  7      10                               2              11                                              15       9 
  7      10  10  10  10  10  10  10  10  -2  11  11  11  11                                              15       9 
  7                                       1                                                              15       9 
  7                              18  18  -1  17  17  17  17  17  17  17  17  17  17  17  17  17  17      15       9 
  7                              18       8                                                      17      15       9 
  7                              18       8                      22  22  22  22  22  22  22      17      15       9 
  7                              18       8                      22                      22      17      15       9 
  7                              18       8                      22      16  16  16      22      17      15       9 
  7                              18       8                      22      16      16      22      17      15       9 
  7                              18  18  -2  19  19  19  19  19  -1  20  -2  21  -1  22  22      17      15       9 
  7                                       7                       9      15      17              17      15       9 
  7                                       7                       9      15      17  17  17  17  17      15       9 
  7                                       7                       9      15                              15       9 
  7                                       7                       9      15  15  15  15  15  15  15  15  15       9 
  7                                       7                       9                                               9 
  7                                       7                       9   9   9   9   9   9   9   9   9   9   9   9   9 
  7                                       7                                                                         
  7   7   7   7   7   7   7   7   7   7   7                                                                         
