         17  17  17  17  17  17  17  17  17  17  17  17  17  17  17  17  17  17  17                         
         17                                                                      17                         
         17       1   1   1   1   1   1   1   1   1   1   1   1   1   1   1      17                         
         17       1                                                       1      17                         
         17       1       3   3   3   3   3   3   3   3   3   3   3       1      17                         
         17       1       3                                       3       1      17                         
         17       1       3              10  10  10  10  10       3       1      17                         
         17       1       3              10              10       3       1      17                         
         17       1       3              10       4   4  -1   3   3       1      17                         
         17       1       3              10       4      11               1      17                         
         17       1       3              10       4   4  -2   1   1   1   1      17                         
         17       1       3              10              12                      17                         
         17       1       3              10  10  10  10  -1   9   9   9   9   9  -2   8   8   8   8   8   8 
         17       1       3                              13                      18                       8 
         17       1       3      19  19  19  19  19  19  -2  18  18  18  18  18  18                       8 
         17       1       3      19                      14                                               8 
         17       1       3      19                      14                      16  16  16  16  16       8 
         17       1       3      19                      14                      16              16       8 
  8   8  -1   7  -2   6  -1   5  -2  22  22  22  22  22  -1  21  21  21  21  21  -2  20  20      16       8 
  8      16       2       2      20                      15                      15      20      16       8 
  8      16       2       2      20                      15  15  15  15  15  15  15      20      16       8 
  8      16       2       2      20                                                      20      16       8 
  8      16       2       2      20  20  20  20  20  20  20  20  20  20  20  20  20  20  20      16       8 
  8      16       2       2                                                                      16       8 
  8      16       2   2   2                                                                      16       8 
  8      16                                                                                      16       8 
  8      16  16  16  16  16  16  16  16  16  16  16  16  16  16  16  16  16  16  16  16  16  16  16       8 
  8                                                                                                       8 
  8   8   8   8   8   8   8   8   8   8   8   8   8   8   8   8   8   8   8   8   8   8   8   8   8   8   8 
