 12  12  12  12  12  12  12  12  12  12  12  12  12  12  12  12  12  12  12  12  12  12  12  12  12 
 12                                                                                              12 
 12                      16  16  16  16  16  16  16  16  16  16  16  16  16                      12 
 12                      16                                              16                      12 
 12                      16                       1   1   1   1   1      16                      12 
 12                      16                       1               1      16                      12 
 12                      16                       1      14  14  -1  13  -2  12  12  12  12  12  12 
 12                      16                       1      14       4      15                         
 12                      16                       1      14  14  -2  15  15                         
 12                      16                       1               3                                 
 12                      16      18  18  18       1               3                                 
 12                      16      18      18       1               3                                 
 12                      16      18      18       1               3      20  20  20  20  20         
 12                      16      18      18       1               3      20              20         
 12      21  21  21      16      18      18       1               3      20              20         
 12      21      21      16      18      18       1               3      20              20         
 12  12  -1  11  -2  10  -1   9  -2   8  -1   7  -2   6   6   6  -1   5  -2  22  22      20         
         20      22      17      17      19       2               2      19      22      20         
         20      22      17  17  17      19       2               2      19      22      20         
         20      22                      19       2               2      19      22      20         
         20      22                      19       2   2   2   2   2      19      22      20         
         20      22                      19                              19      22      20         
         20      22                      19  19  19  19  19  19  19  19  19      22      20         
         20      22                                                              22      20         
         20      22  22  22  22  22  22  22  22  22  22  22  22  22  22  22  22  22      20         
         20                                                                              20         
         20  20  20  20  20  20  20  20  20  20  20  20  20  20  20  20  20  20  20  20  20         
