                          3   3   3   3   3   3   3   3   3   3   3   3   3   3   3   3   3   3   3   3   3 
                          3                                                                               3 
                          3                                                      10  10  10               3 
                          3                                                      10      10               3 
                          3      12  12  12  12  12  12  12  12  12  12  12      10      10               3 
                          3      12                                      12      10      10               3 
                          3      12      19  19  19  19  19  19  19      12      10      10               3 
                          3      12      19                      19      12      10      10               3 
                          3      12      19      15  15  15      19      12      10      10               3 
                          3      12      19      15      15      19      12      10      10               3 
                          3   3  -1   4  -2   5  -1   6  -2   7  -1   8  -2   1  -1   2  -2   3   3   3   3 
                                 13      20      14      16      18      11      11       9                 
                                 13      20      14      16      18      11  11  11       9                 
                                 13      20      14      16      18                       9                 
 17  17  17  17  17              13      20      14      16      18                       9                 
 17              17              13      20      14      16      18                       9                 
 17      22  22  -1  21  21  21  -2  20  20      14      16      18  18  18  18  18  18  -1  17  17         
 17      22      16              14              14      16                              22      17         
 17      22      16              14  14  14  14  14      16                              22      17         
 17      22      16                                      16                              22      17         
 17      22      16  16  16  16  16  16  16  16  16  16  16                              22      17         
 17      22                                                                              22      17         
 17      22  22  22  22  22  22  22  22  22  22  22  22  22  22  22  22  22  22  22  22  22      17         
 17                                                                                              17         
 17  17  17  17  17  17  17  17  17  17  17  17  17  17  17  17  17  17  17  17  17  17  17  17  17         
