                         12  12  12  12  12  12  12  12  12  12  12  12  12  12  12  12  12  12  12  12  12 
                         12                                                                              12 
                         12      14  14  14  14  14  14  14  14  14  14  14  14  14  14  14  14  14      12 
                         12      14                                                              14      12 
                         12      14       3   3   3   3   3   3   3   3   3   3   3   3   3      14      12 
                         12      14       3                                               3      14      12 
                         12      14       3                       6   6   6   6   6       3      14      12 
                         12      14       3                       6               6       3      14      12 
                         12      14       3      15  15  15       6               6       3      14      12 
                         12      14       3      15      15       6               6       3      14      12 
                         12      14       3   3  -1   4  -2   1  -1   2   2   2  -2   3   3      14      12 
                         12      14              14      16       7               5              14      12 
                         12      14  14  14  14  14      16       7               5              14      12 
                         12                              16       7               5              14      12 
                         12                       8   8  -1   7   7      13  13  -1  14  14  14  14      12 
                         12                       8      17              13      12                      12 
                         12                       8      17              13      12  12  12  12  12  12  12 
                         12                       8      17              13                                 
         10  10  10      12                       8      17              13                                 
         10      10      12                       8      17              13                                 
 18  18  -2  19  -1  20  -2  21  21  21  21  21  -1  22  -2  13  13  13  13                                 
 18       9      11      11                       9      18                                                 
 18       9      11  11  11                       9      18                                                 
 18       9                                       9      18                                                 
 18       9   9   9   9   9   9   9   9   9   9   9      18                                                 
 18                                                      18                                                 
 18  18  18  18  18  18  18  18  18  18  18  18  18  18  18                                                 
