         17  17  17  17  17  17  17  17  17  17  17  17  17  17  17  17  17                 
         17                                                              17                 
         17      19  19  19  19  19  19  19  19  19  19  19  19  19  19  -1  20  20         
         17      19                                                      16      20         
         17      19                                              21  21  -2  20  20         
         17      19                                              21      15                 
         17      19      12  12  12  12  12  12  12  12  12      21      15                 
         17      19      12                              12      21      15                 
         17      19      12      10  10  10  10  10      12      21      15                 
         17      19      12      10              10      12      21      15                 
  6   6  -2   7  -1   8  -2   1  -1   2   2   2  -2   3  -1   4  -2   5  -1   6   6   6   6 
  6      18      18      11      11               9      13      22      14               6 
  6      18  18  18      11      11               9      13      22      14               6 
  6                      11      11               9      13      22      14               6 
  6                      11  11  11               9      13      22      14               6 
  6                                               9      13      22      14               6 
  6                                      14  14  -1  13  13      22      14               6 
  6                                      14      22              22      14               6 
  6                                      14      22  22  22  22  22      14               6 
  6                                      14                              14               6 
  6                                      14  14  14  14  14  14  14  14  14               6 
  6                                                                                       6 
  6   6   6   6   6   6   6   6   6   6   6   6   6   6   6   6   6   6   6   6   6   6   6 
