 14  14  14  14  14  14  14  14  14  14  14  14  14  14  14  14  14  14  14  14  14  14  14                 
 14                                                                                      14                 
 14      21  21  21  21  21  21  21  21  21  21  21  21  21  21  21  21  21  21  21      14                 
 14      21                                                                      21      14                 
 14      21                       1   1   1                                      21      14                 
 14      21                       1       1                                      21      14                 
 14      21       3   3   3       1       1                                      21      14                 
 14      21       3       3       1       1                                      21      14                 
 14      21       3       3       1       1              15  15  15  15  15      21      14                 
 14      21       3       3       1       1              15              15      21      14                 
 14  14  -1  13  -2  12  -1  11  -2  10  -1   9   9   9  -2  22  22  22  -1  21  21      14                 
         20       4       2       2       8              16              14              14                 
         20       4       2       2       8              16              14  14  14  14  14                 
         20       4       2       2       8              16                                                 
         20       4       2   2   2       8              16                                                 
         20       4                       8              16                                                 
         20       4                       8   8   8   8  -1   7   7                                         
         20       4                                      17       7                                         
         20       4                               6   6  -2   7   7                                         
         20       4                               6      18                                                 
         20       4                               6      18              20  20  20  20  20  20  20  20  20 
         20       4                               6      18              20                              20 
         20       4                               6   6  -1   5   5   5  -2   4   4   4   4   4   4      20 
         20       4                                      19              19                       4      20 
         20       4                                      19  19  19  19  19                       4      20 
         20       4                                                                               4      20 
         20       4   4   4   4   4   4   4   4   4   4   4   4   4   4   4   4   4   4   4   4   4      20 
         20                                                                                              20 
         20  20  20  20  20  20  20  20  20  20  20  20  20  20  20  20  20  20  20  20  20  20  20  20  20 
