                  9   9   9   9   9   9   9   9   9   9   9   9   9   9   9   9   9   9   9   9   9         
                  9                                                                               9         
                  9      22  22  22  22  22  22  22  22  22  22  22  22  22  22  22  22  22       9         
                  9      22                                                              22       9         
                  9      22                              10  10  10  10  10  10  10      22       9         
                  9      22                              10                      10      22       9         
                  9      22      20  20  20  20  20  20  -1  19  19  19  19      10      22       9         
                  9      22      20                      11              19      10      22       9         
                  9      22      20      16  16  16  16  -2  17  17      19      10      22       9         
                  9      22      20      16              12      17      19      10      22       9         
         21  21  -1  22  22      20      16      18  18  -1  17  17      19      10      22       9         
         21       8              20      16      18      13              19      10      22       9         
         21  21  -2  20  20  20  20      16      18  18  -2  19  19  19  19      10  10  -1   9   9         
                  7                      16              14                               5                 
  2   2   2   2  -1   1   1   1   1   1  -2   4   4   4  -1   3   3   3   3   3   3   3  -2   2   2   2   2 
  2               6                      15              15                               6               2 
  2               6                      15  15  15  15  15                               6               2 
  2               6                                                                       6               2 
  2               6   6   6   6   6   6   6   6   6   6   6   6   6   6   6   6   6   6   6               2 
  2                                                                                                       2 
  2   2   2   2   2   2   2   2   2   2   2   2   2   2   2   2   2   2   2   2   2   2   2   2   2   2   2 
