                                  1   1   1   1   1   1   1   1   1   1   1   1   1   1   1   1   1   1   1   1   1   1   1   1   1   1   1   1   1 
                                  1                                                                                                               1 
                                  1      18  18  18  18  18  18  18  18  18  18  18  18  18  18  18  18  18  18  18  18  18  18  18  18  18       1 
                                  1      18                                                                                              18       1 
                                  1      18      10  10  10  10  10  10  10  10  10  10  10  10  10  10  10  10  10  10  10  10  10      18       1 
                                  1      18      10                                                                              10      18       1 
                                  1      18      10                                              19  19  19  19  19  19  19      10      18       1 
                                  1      18      10                                              19                      19      10      18       1 
                                  1      18      10                                              19       2   2   2      19      10      18       1 
                                  1      18      10                                              19       2       2      19      10      18       1 
                                  1      18      10      21  21  21  21  21  21  21  21  21      19       2       2      19      10      18       1 
                                  1      18      10      21                              21      19       2       2      19      10      18       1 
                                  1      18      10  10  -2  11  11  11  11  11  11  11  -1  12  -2   7  -1   8  -2   9  -1  10  10      18       1 
                                  1      18              22                              20      20       3       1      18              18       1 
                                  1      18              22                              20  20  20       3       1      18              18       1 
                                  1      18              22                                               3       1      18              18       1 
                                  1      18              22                                               3       1      18  18  18  18  18       1 
                                  1      18              22                                               3       1                               1 
                                  1      18              22                                               3       1   1   1   1   1   1   1   1   1 
                                  1      18              22                                               3                                         
                                  1      18  18  18  18  -1  17  17  17  17  17  17                       3                                         
                                  1                      13                      17                       3                                         
                                  1   1   1   1   1   1  -2   6   6   6   6      17                       3                                         
                                                         14               6      17                       3                                         
  3   3   3   3   3   3   3   3   3   3   3   3   3   3  -1   4   4       6      17                       3                                         
  3                                                      15       4       6      17                       3                                         
  3      17  17  17  17  17                              15       4       6      17                       3                                         
  3      17              17                              15       4       6      17                       3                                         
  3      17       6   6  -1   5   5   5   5   5   5   5  -2   4   4       6      17                       3                                         
  3      17       6      16                              16               6      17                       3                                         
  3      17       6      16  16  16  16  16  16  16  16  16               6      17                       3                                         
  3      17       6                                                       6      17                       3                                         
  3      17       6   6   6   6   6   6   6   6   6   6   6   6   6   6   6      17                       3                                         
  3      17                                                                      17                       3                                         
  3      17  17  17  17  17  17  17  17  17  17  17  17  17  17  17  17  17  17  17                       3                                         
  3                                                                                                       3                                         
  3   3   3   3   3   3   3   3   3   3   3   3   3   3   3   3   3   3   3   3   3   3   3   3   3   3   3                                         
