         14  14  14  14  14  14  14  14  14  14  14  14  14  14  14  14  14  14  14  14  14  14  14  14  14         
         14                                                                                              14         
         14      22  22  22  22  22  22  22  22  22  22  22  22  22  22  22  22  22  22  22  22  22      14         
         14      22                                                                              22      14         
         14      22      11  11  11  11  11  11  11  11  11  11  11  11  11  11  11              22      14         
         14      22      11                                                      11              22      14         
         14      22      11              21  21  21  21  21  21  21              11              22      14         
         14      22      11              21                      21              11              22      14         
         14      22  22  -1  21  21  21  21      15  15  15  15  -1  16  16      11              22      14         
         14              10                      15              20      16      11              22      14         
         14  14  14  14  -2  15  15  15  15  15  15      17  17  -2  16  16      11      13  13  -1  14  14         
                          9                              17      19              11      13       7                 
                          9      17  17  17  17  17  17  17      19              11      13       7                 
                          9      17                              19              11      13       7                 
  2   2   2   2   2   2  -1   1  -2   6   6   6   6   6   6   6  -1   5   5   5  -2   4  -1   3  -2   2   2   2   2 
  2                       8      18                              18              12      12       8               2 
  2                       8      18  18  18  18  18  18  18  18  18              12      12       8               2 
  2                       8                                                      12      12       8               2 
  2                       8                                                      12  12  12       8               2 
  2                       8                                                                       8               2 
  2                       8   8   8   8   8   8   8   8   8   8   8   8   8   8   8   8   8   8   8               2 
  2                                                                                                               2 
  2   2   2   2   2   2   2   2   2   2   2   2   2   2   2   2   2   2   2   2   2   2   2   2   2   2   2   2   2 
