                          7   7   7   7   7   7   7   7   7   7   7   7   7   7   7   7   7   7   7   7   7   7   7   7   7 
                          7                                                                                               7 
                          7               5   5   5   5   5   5   5   5   5   5   5   5   5   5   5   5   5   5   5       7 
                          7               5                                                                       5       7 
                          7               5                                       3   3   3   3   3               5       7 
                          7               5                                       3               3               5       7 
                          7               5                                       3       6   6  -1   5   5   5   5       7 
                          7               5                                       3       6       2                       7 
                          7               5                                       3       6   6  -2   7   7   7   7   7   7 
                          7               5                                       3               1                         
 21  21  21  21  21       7               5                                       3               1                         
 21              21       7               5                                       3               1                         
 21              21       7               5                      22  22  22       3               1                         
 21              21       7               5                      22      22       3               1                         
 21      18  18  -1  17  -2  16  16  16  -1  15  15  15  15  15  -2  14  -1  13  -2  12  12  12  -1  11  11                 
 21      18      20       8              10                      21      11       4               4      11                 
 21      18      20       8              10                      21      11       4   4   4   4   4      11                 
 21      18      20       8              10                      21      11                              11                 
 21      18      20       8              10                      21      11  11  11  11  11  11  11  11  11                 
 21      18      20       8              10                      21                                                         
 21      18      20       8      19  19  -2  18  18  18  18      21                                                         
 21      18      20       8      19       9              18      21                                                         
 21      18      20       8      19  19  -1  20  20      18      21                                                         
 21      18      20       8               8      20      18      21                                                         
 21      18      20       8   8   8   8   8      20      18      21                                                         
 21      18      20                              20      18      21                                                         
 21      18      20  20  20  20  20  20  20  20  20      18      21                                                         
 21      18                                              18      21                                                         
 21      18  18  18  18  18  18  18  18  18  18  18  18  18      21                                                         
 21                                                              21                                                         
 21  21  21  21  21  21  21  21  21  21  21  21  21  21  21  21  21                                                         
