                 12  12  12  12  12  12  12  12  12  12  12  12  12  12  12  12  12  12  12  12  12 
                 12                                                                              12 
                 12      19  19  19  19  19  19  19  19  19  19  19  19  19  19  19  19  19      12 
                 12      19                                                              19      12 
                 12      19                               2   2   2   2   2   2   2      19      12 
                 12      19                               2                       2      19      12 
                 12      19                               2       6   6   6       2      19      12 
                 12      19                               2       6       6       2      19      12 
                 12      19      13  13  13  13  13       2       6       6       2      19      12 
                 12      19      13              13       2       6       6       2      19      12 
                 12      19  19  -1  20  20  20  -2  21  -1  22  -2   9  -1  10  -2  11  -1  12  12 
                 12              12              14       3       5       7       1      18         
                 12  12  12  12  12              14       3       5       7       1      18         
                                                 14       3       5       7       1      18         
                                          4   4  -1   3   3       5       7       1      18         
                                          4      15               5       7       1      18         
                                          4   4  -2   5   5   5   5       7       1      18         
                                                 16                       7       1      18         
 18  18  18  18  18  18  18  18  18              16                       7       1      18         
 18                              18              16                       7       1      18         
 18       1   1   1   1   1   1  -2   8   8   8  -1   7   7   7   7   7   7       1      18         
 18       1                      17              17                               1      18         
 18       1                      17  17  17  17  17                               1      18         
 18       1                                                                       1      18         
 18       1   1   1   1   1   1   1   1   1   1   1   1   1   1   1   1   1   1   1      18         
 18                                                                                      18         
 18  18  18  18  18  18  18  18  18  18  18  18  18  18  18  18  18  18  18  18  18  18  18         
