         19  19  19  19  19  19  19  19  19  19  19  19  19  19  19  19  19  19  19  19  19         
         19                                                                              19         
         19                                                      22  22  22  22  22      19         
         19                                                      22              22      19         
         19                                                      22      20  20  -1  19  19         
         19                                                      22      20      11                 
         19                                      13  13  13      22      20      11                 
         19                                      13      13      22      20      11                 
         19                      15  15  15      13      13      22      20      11                 
         19                      15      15      13      13      22      20      11                 
         19      17  17  17      15      15      13      13      22      20      11                 
         19      17      17      15      15      13      13      22      20      11                 
  8   8  -1   7  -2   6  -1   5  -2   4  -1   3  -2   2  -1   1  -2  10  -1   9  -2   8   8   8   8 
  8      18      18      16      16      14      14      12      21      21      12               8 
  8      18      18      16      16      14      14      12      21  21  21      12               8 
  8      18      18      16      16      14      14      12                      12               8 
  8      18  18  18      16      16      14      14      12                      12               8 
  8                      16      16      14      14      12                      12               8 
  8                      16  16  16      14      14      12                      12               8 
  8                                      14      14      12                      12               8 
  8                                      14  14  14      12                      12               8 
  8                                                      12                      12               8 
  8                                                      12  12  12  12  12  12  12               8 
  8                                                                                               8 
  8   8   8   8   8   8   8   8   8   8   8   8   8   8   8   8   8   8   8   8   8   8   8   8   8 
