                                          1   1   1   1   1   1   1   1   1   1   1   1   1   1   1   1   1   1   1   1   1   1   1   1   1 
                                          1                                                                                               1 
                                          1      17  17  17  17  17  17  17  17  17  17  17  17  17  17  17  17  17  17  17  17  17       1 
                                          1      17                                                                              17       1 
                                          1      17                       8   8   8   8   8   8   8   8   8   8   8   8   8      17       1 
                                          1      17                       8                                               8      17       1 
                                          1      17                       8      16  16  16  16  16  16  16  16  16       8      17       1 
                                          1      17                       8      16                              16       8      17       1 
                                          1      17                       8      16               2   2   2      16       8      17       1 
                                          1      17                       8      16               2       2      16       8      17       1 
                                          1      17                       8   8  -2   5   5   5  -1   6  -2   7  -1   8   8      17       1 
                                          1      17                              15               3       1      17              17       1 
                                          1      17                              15               3       1      17  17  17  17  17       1 
                                          1      17                              15               3       1                               1 
                                          1      17                              15               3       1   1   1   1   1   1   1   1   1 
                                          1      17                              15               3                                         
  3   3   3   3   3   3   3   3   3       1      17                              15               3                                         
  3                               3       1      17                              15               3                                         
  3                               3       1      17      13  13  13              15               3                                         
  3                               3       1      17      13      13              15               3                                         
  3      19  19  19  19  19       3       1      17      13      13              15               3                                         
  3      19              19       3       1      17      13      13              15               3                                         
  3      19      12  12  -1  11  -2  10  -1   9  -2  22  -1  21  -2  20  20  20  -1  19  19       3                                         
  3      19      12      18       4       4      18      12      14              14      19       3                                         
  3      19      12      18       4       4      18      12      14  14  14  14  14      19       3                                         
  3      19      12      18       4       4      18      12                              19       3                                         
  3      19      12      18       4   4   4      18      12                              19       3                                         
  3      19      12      18                      18      12                              19       3                                         
  3      19      12      18  18  18  18  18  18  18      12                              19       3                                         
  3      19      12                                      12                              19       3                                         
  3      19      12  12  12  12  12  12  12  12  12  12  12                              19       3                                         
  3      19                                                                              19       3                                         
  3      19  19  19  19  19  19  19  19  19  19  19  19  19  19  19  19  19  19  19  19  19       3                                         
  3                                                                                               3                                         
  3   3   3   3   3   3   3   3   3   3   3   3   3   3   3   3   3   3   3   3   3   3   3   3   3                                         
