                          4   4   4   4   4   4   4   4   4   4   4   4   4   4   4   4   4   4   4   4   4   4   4 
                          4                                                                                       4 
                          4      18  18  18  18  18  18  18  18  18  18  18  18  18  18  18  18  18  18  18       4 
                          4      18                                                                      18       4 
                          4      18                                       5   5   5   5   5   5   5      18       4 
                          4      18                                       5                       5      18       4 
                          4      18                              16  16  -2  17  17  17  17  17  -1  18  18       4 
                          4      18                              16       6                       4               4 
                          4      18                              16       6                       4   4   4   4   4 
                          4      18                              16       6                                         
                          4      18       1   1   1   1   1      16       6                                         
                          4      18       1               1      16       6                                         
 21  21  21  21  21       4      18       1               1      16       6                                         
 21              21       4      18       1               1      16       6                                         
 21      14  14  -1  13  -2  12  -1  11  -2  10  10  10  -1   9  -2  22  -1  21  21  21  21                         
 21      14      20       3      19       2               8      15       7              21                         
 21      14      20       3      19  19  -1  20  20       8      15  15  -2  14  14      21                         
 21      14      20       3               3      20       8               8      14      21                         
 21      14      20       3               3      20       8   8   8   8   8      14      21                         
 21      14      20       3               3      20                              14      21                         
 21      14      20       3   3   3   3   3      20                              14      21                         
 21      14      20                              20                              14      21                         
 21      14      20  20  20  20  20  20  20  20  20                              14      21                         
 21      14                                                                      14      21                         
 21      14  14  14  14  14  14  14  14  14  14  14  14  14  14  14  14  14  14  14      21                         
 21                                                                                      21                         
 21  21  21  21  21  21  21  21  21  21  21  21  21  21  21  21  21  21  21  21  21  21  21                         
