                                 16  16  16  16  16  16  16  16  16  16  16  16  16  16  16  16  16  16  16  16  16  16  16 
                                 16                                                                                      16 
                                 16       8   8   8   8   8   8   8   8   8   8   8   8   8   8   8   8   8   8   8      16 
                                 16       8                                                                       8      16 
                                 16       8      19  19  19  19  19  19  19  19  19  19  19                       8      16 
                                 16       8      19                                      19                       8      16 
                                 16       8      19       3   3   3   3   3   3   3      19                       8      16 
                                 16       8      19       3                       3      19                       8      16 
                                 16       8      19  19  -1  20  20  20  20       3      19                       8      16 
                                 16       8               2              20       3      19                       8      16 
                                 16       8               2              20       3      19      17  17  17       8      16 
                                 16       8               2              20       3      19      17      17       8      16 
                                 16       8   8   8   8  -2   9   9   9  -1  10  -2  11  -1  12  -2   7  -1   8   8      16 
                                 16                       1              21       4      18      18      16              16 
                                 16                       1              21       4      18  18  18      16              16 
                                 16                       1              21       4                      16              16 
                                 16                       1              21       4                      16  16  16  16  16 
                                 16                       1              21       4                                         
  4   4   4   4   4   4   4      16                       1              21       4                                         
  4                       4      16                       1              21       4                                         
  4      21  21  21  21  -1  22  -2  13  13  13  13  13  -1  14  14      21       4                                         
  4      21               5      15                       6      14      21       4                                         
  4      21      14  14  -2  15  15                       6      14      21       4                                         
  4      21      14       6                               6      14      21       4                                         
  4      21      14       6   6   6   6   6   6   6   6   6      14      21       4                                         
  4      21      14                                              14      21       4                                         
  4      21      14  14  14  14  14  14  14  14  14  14  14  14  14      21       4                                         
  4      21                                                              21       4                                         
  4      21  21  21  21  21  21  21  21  21  21  21  21  21  21  21  21  21       4                                         
  4                                                                               4                                         
  4   4   4   4   4   4   4   4   4   4   4   4   4   4   4   4   4   4   4   4   4                                         
