                          7   7   7   7   7   7   7   7   7   7   7   7   7   7   7   7   7   7   7   7   7   7   7   7   7   7   7   7   7 
                          7                                                                                                               7 
                          7              21  21  21  21  21  21  21  21  21  21  21  21  21  21  21  21  21  21  21  21  21  21  21       7 
                          7              21                                                                                      21       7 
                          7              21      15  15  15  15  15  15  15  15  15  15  15  15  15  15  15  15  15  15  15      21       7 
                          7              21      15                                                                      15      21       7 
                          7              21      15      18  18  18  18  18  18  18  18  18  18  18  18  18  18  18      15      21       7 
                          7              21      15      18                                                      18      15      21       7 
                          7              21      15      18      10  10  10  10  10  10  10  10  10  10  10      18      15      21       7 
                          7              21      15      18      10                                      10      18      15      21       7 
                          7              21      15      18      10                      19  19  19      10      18      15      21       7 
                          7              21      15      18      10                      19      19      10      18      15      21       7 
                          7              21      15      18      10               8   8  -2   9  -1  10  10      18      15      21       7 
                          7              21      15      18      10               8      20      18              18      15      21       7 
                          7              21      15      18      10               8      20      18  18  18  18  18      15      21       7 
                          7              21      15      18      10               8      20                              15      21       7 
                          7              21      15      18  18  -1  17  17  17  -2  16  -1  15  15  15  15  15  15  15  15      21       7 
                          7              21      15              11               7      21                                      21       7 
                          7              21      15              11               7      21  21  21  21  21  21  21  21  21  21  21       7 
                          7              21      15              11               7                                                       7 
                          7              21      15              11               7   7   7   7   7   7   7   7   7   7   7   7   7   7   7 
                          7              21      15              11                                                                         
  2   2   2   2   2   2  -1   1   1   1  -2   4  -1   3   3   3  -2   2   2                                                                 
  2                       6              22      14              12       2                                                                 
  2      12  12  12  12  -2  13  13      22      14              12       2                                                                 
  2      12               5      13      22      14              12       2                                                                 
  2      12      14  14  -1  13  13      22      14              12       2                                                                 
  2      12      14      22              22      14              12       2                                                                 
  2      12      14      22  22  22  22  22      14              12       2                                                                 
  2      12      14                              14              12       2                                                                 
  2      12      14  14  14  14  14  14  14  14  14              12       2                                                                 
  2      12                                                      12       2                                                                 
  2      12  12  12  12  12  12  12  12  12  12  12  12  12  12  12       2                                                                 
  2                                                                       2                                                                 
  2   2   2   2   2   2   2   2   2   2   2   2   2   2   2   2   2   2   2                                                                 
