  7   7   7   7   7   7   7   7   7   7   7   7   7   7   7                                                                         
  7                                                       7                                                                         
  7       6   6   6   6   6   6   6   6   6               7                                                                         
  7       6                               6               7                                                                         
  7       6                               6               7       9   9   9   9   9   9   9   9   9   9   9   9   9   9   9   9   9 
  7       6                               6               7       9                                                               9 
  7       6                               6               7       9      11  11  11  11  11  11  11  11  11  11  11  11  11       9 
  7       6                               6               7       9      11                                              11       9 
  7       6                               6               7       9      11      13  13  13  13  13  13  13  13  13      11       9 
  7       6                               6               7       9      11      13                              13      11       9 
  7       6                               6               7       9      11      13      15  15  15  15  15      13      11       9 
  7       6                               6               7       9      11      13      15              15      13      11       9 
  7       6                      16  16  -2  17  17  17  -1  18  -2  19  -1  20  -2  21  -1  22  22      15      13      11       9 
  7       6                      16       5              22      10      10      14      14      22      15      13      11       9 
  7       6                      16       5              22      10      10      14  14  14      22      15      13      11       9 
  7       6                      16       5              22      10      10                      22      15      13      11       9 
  7       6                      16       5              22      10  10  10                      22      15      13      11       9 
  7       6                      16       5              22                                      22      15      13      11       9 
  7       6                      16       5              22  22  22  22  22  22  22  22  22  22  22      15      13      11       9 
  7       6                      16       5                                                              15      13      11       9 
  7       6                      16  16  -1  15  15  15  15  15  15  15  15  15  15  15  15  15  15  15  15      13      11       9 
  7       6                               4                                                                      13      11       9 
  7       6              12  12  12  12  -2  13  13  13  13  13  13  13  13  13  13  13  13  13  13  13  13  13  13      11       9 
  7       6              12               3                                                                              11       9 
  7       6              12  12  12  12  -1  11  11  11  11  11  11  11  11  11  11  11  11  11  11  11  11  11  11  11  11       9 
  7       6                               2                                                                                       9 
  7       6       8   8   8   8   8   8  -2   9   9   9   9   9   9   9   9   9   9   9   9   9   9   9   9   9   9   9   9   9   9 
  7       6       8                       1                                                                                         
  7       6       8   8   8   8   8   8  -1   7   7                                                                                 
  7       6                               6       7                                                                                 
  7       6   6   6   6   6   6   6   6   6       7                                                                                 
  7                                               7                                                                                 
  7   7   7   7   7   7   7   7   7   7   7   7   7                                                                                 
