  4   4   4   4   4   4   4   4   4   4   4   4   4   4   4   4   4   4   4   4   4   4   4   4   4   4   4   4   4                         
  4                                                                                                               4                         
  4       6   6   6   6   6   6   6   6   6   6   6   6   6   6   6   6   6   6   6   6   6                       4                         
  4       6                                                                               6                       4                         
  4       6      21  21  21  21  21  21  21  21  21  21  21  21  21  21  21  21  21       6                       4                         
  4       6      21                                                              21       6                       4                         
  4       6      21      16  16  16  16  16  16  16  16  16  16  16  16  16      21       6                       4                         
  4       6      21      16                                              16      21       6                       4                         
  4       6      21      16      20  20  20  20  20  20  20              16      21       6                       4                         
  4       6      21      16      20                      20              16      21       6                       4                         
  4       6      21      16      20       5   5   5      20              16      21       6                       4                         
  4       6      21      16      20       5       5      20              16      21       6                       4                         
  4       6      21      16  16  -1  15  -2  14  -1  13  -2  22  22  22  -1  21  21       6                       4                         
  4       6      21              21       6       4      19              17               6                       4                         
  4       6      21  21  21  21  21       6       4      19              17               6                       4                         
  4       6                               6       4      19              17               6                       4                         
  4       6   6   6   6   6   6   6   6   6       4      19              17               6                       4                         
  4                                               4      19              17               6                       4                         
  4   4   4   4   4   4   4   4   4   4   4   4   4      19              17               6                       4                         
                                                         19              17               6                       4                         
                                                         19              17               6       2   2   2       4                         
                                                         19              17               6       2       2       4                         
                                                         19              17               6       2       2       4      19  19  19  19  19 
                                                         19              17               6       2       2       4      19              19 
                                                         19      12  12  -2   7   7   7  -1   8  -2   9  -1  10  -2  11  -1  12  12      19 
                                                         19      12      18               1       1       3       3      18      12      19 
                                                         19      12      18               1       1       3   3   3      18      12      19 
                                                         19      12      18               1       1                      18      12      19 
                                                         19      12      18               1   1   1                      18      12      19 
                                                         19      12      18                                              18      12      19 
                                                         19      12      18  18  18  18  18  18  18  18  18  18  18  18  18      12      19 
                                                         19      12                                                              12      19 
                                                         19      12  12  12  12  12  12  12  12  12  12  12  12  12  12  12  12  12      19 
                                                         19                                                                              19 
                                                         19  19  19  19  19  19  19  19  19  19  19  19  19  19  19  19  19  19  19  19  19 
