         15  15  15  15  15  15  15  15  15  15  15  15  15  15  15  15  15  15  15  15  15                                 
         15                                                                              15                                 
         15      13  13  13  13  13  13  13  13  13  13  13  13  13  13  13  13  13      15                                 
         15      13                                                              13      15                                 
         15      13                              11  11  11  11  11  11  11      13      15                                 
         15      13                              11                      11      13      15                                 
 20  20  -1  19  -2  18  18  18  18  18  18  18  -1  17  17  17  17      11      13      15                                 
 20      14      14                              10              17      11      13      15                                 
 20      14  14  14                              10              17      11      13      15                                 
 20                                              10              17      11      13      15                                 
 20  20  20  20  20  20  20  20  20  20  20  20  -2  21  21      17      11      13      15                                 
                                                  9      21      17      11      13      15                                 
                         22  22  22  22  22  22  -1  21  21      17      11      13      15                                 
                         22                       8              17      11      13      15                                 
                         22                       8              17      11      13      15      22  22  22  22  22  22  22 
                         22                       8              17      11      13      15      22                      22 
                         22      16  16  16  16  -2  17  17  17  17      11      13      15  15  -1  16  16  16  16      22 
                         22      16               7                      11      13               5              16      22 
                         22      16       2   2  -1   1   1   1   1   1  -2   4  -1   3   3   3  -2   2   2      16      22 
                         22      16       2       6                      12      12               6       2      16      22 
                         22      16       2       6                      12  12  12               6       2      16      22 
                         22      16       2       6                                               6       2      16      22 
                         22      16       2       6   6   6   6   6   6   6   6   6   6   6   6   6       2      16      22 
                         22      16       2                                                               2      16      22 
                         22      16       2   2   2   2   2   2   2   2   2   2   2   2   2   2   2   2   2      16      22 
                         22      16                                                                              16      22 
                         22      16  16  16  16  16  16  16  16  16  16  16  16  16  16  16  16  16  16  16  16  16      22 
                         22                                                                                              22 
                         22  22  22  22  22  22  22  22  22  22  22  22  22  22  22  22  22  22  22  22  22  22  22  22  22 
