         15  15  15  15  15  15  15  15  15  15  15  15  15  15  15  15  15                         
         15                                                              15                         
         15              21  21  21  21  21  21  21  21  21  21  21      15                         
         15              21                                      21      15                         
         15              21              18  18  18  18  18      21      15                         
         15              21              18              18      21      15                         
 22  22  -1  21  21  21  21              18      20  20  -2  21  21      15                         
 22      14                              18      20      17              15                         
 22      14       2   2   2   2   2      18      20      17              15                         
 22      14       2               2      18      20      17              15                         
 22      14       2               2      18      20      17              15       4   4   4         
 22      14       2               2      18      20      17              15       4       4         
 22  22  -2   5  -1   6   6   6  -2   7  -1   8  -2   9  -1  10  10  10  -2  11  -1  12  -2  13  13 
         13       3               1      19      19      16              16       1       3      13 
         13       3               1      19  19  19      16              16       1       3      13 
         13       3               1                      16              16       1       3      13 
         13       3               1                      16  16  16  16  16       1       3      13 
         13       3               1                                               1       3      13 
         13       3               1   1   1   1   1   1   1   1   1   1   1   1   1       3      13 
         13       3                                                                       3      13 
         13       3   3   3   3   3   3   3   3   3   3   3   3   3   3   3   3   3   3   3      13 
         13                                                                                      13 
         13  13  13  13  13  13  13  13  13  13  13  13  13  13  13  13  13  13  13  13  13  13  13 
