                          9   9   9   9   9   9   9   9   9   9   9   9   9   9   9   9   9   9   9   9   9   9   9 
                          9                                                                                       9 
                          9      16  16  16  16  16  16  16  16  16  16  16  16  16  16  16  16  16  16  16       9 
                          9      16                                                                      16       9 
                          9      16      18  18  18  18  18  18  18  18  18                              16       9 
                          9      16      18                              18                              16       9 
                          9      16      18                              18              22  22  22      16       9 
                          9      16      18                              18              22      22      16       9 
                          9      16      18      13  13  13  13  13  13  -1  14  14  14  -2  15  -1  16  16       9 
                          9      16      18      13                      19              21       9               9 
                          9      16      18      13                      19              21       9   9   9   9   9 
                          9      16      18      13                      19              21                         
                          9      16      18      13      11  11  11      19              21                         
                          9      16      18      13      11      11      19              21                         
 21  21  21  21  21       9      16      18      13      11      11      19              21                         
 21              21       9      16      18      13      11      11      19              21                         
 21       8   8  -1   7  -2   6  -1   5  -2   4  -1   3  -2   2  -1   1  -2   8   8      21                         
 21       8      20      10      17      17      12      12      10      20       8      21                         
 21       8      20      10      17  17  17      12      12      10      20       8      21                         
 21       8      20      10                      12      12      10      20       8      21                         
 21       8      20      10                      12  12  12      10      20       8      21                         
 21       8      20      10                                      10      20       8      21                         
 21       8      20      10  10  10  10  10  10  10  10  10  10  10      20       8      21                         
 21       8      20                                                      20       8      21                         
 21       8      20  20  20  20  20  20  20  20  20  20  20  20  20  20  20       8      21                         
 21       8                                                                       8      21                         
 21       8   8   8   8   8   8   8   8   8   8   8   8   8   8   8   8   8   8   8      21                         
 21                                                                                      21                         
 21  21  21  21  21  21  21  21  21  21  21  21  21  21  21  21  21  21  21  21  21  21  21                         
