         16  16  16  16  16  16  16  16  16  16  16  16  16  16  16  16  16  16  16  16  16  16  16  16  16 
         16                                                                                              16 
         16      20  20  20  20  20  20  20  20  20  20  20  20  20  20  20  20  20  20  20  20  20      16 
         16      20                                                                              20      16 
         16      20              11  11  11  11  11  11  11                                      20      16 
         16      20              11                      11                                      20      16 
         16      20      18  18  -1  17  17  17  17      11                                      20      16 
         16      20      18      10              17      11                                      20      16 
         16      20      18  18  -2  19  19      17      11                                      20      16 
         16      20               9      19      17      11                                      20      16 
         16      20  20  20  20  -1  19  19      17      11                                      20      16 
         16                       8              17      11                                      20      16 
         16                       8              17      11              22  22  22  22  22      20      16 
         16                       8              17      11              22              22      20      16 
         16  16  16  16  16  16  -2  17  17  17  17      11      13  13  -1  14  14  14  -2  15  -1  16  16 
                                  7                      11      13       5              21      21         
                                  7                      11      13       5              21  21  21         
                                  7                      11      13       5                                 
  2   2   2   2   2   2   2   2  -1   1   1   1   1   1  -2   4  -1   3  -2   2   2                         
  2                               6                      12      12       6       2                         
  2                               6                      12  12  12       6       2                         
  2                               6                                       6       2                         
  2                               6   6   6   6   6   6   6   6   6   6   6       2                         
  2                                                                               2                         
  2   2   2   2   2   2   2   2   2   2   2   2   2   2   2   2   2   2   2   2   2                         
