                                                                                  1   1   1   1   1   1   1   1   1 
                                                                                  1                               1 
                                                                                  1       3   3   3   3   3       1 
                                                                                  1       3               3       1 
 16  16  16  16  16  16  16  16  16  16  16  16  16  16  16  16  16  16  16       1       3               3       1 
 16                                                                      16       1       3               3       1 
 16      17  17  17  17  17  17  17  17  17  17  17  17  17  17  17      16       1       3               3       1 
 16      17                                                      17      16       1       3               3       1 
 16      17                      19  19  19  19  19  19  19      17      16       1       3               3       1 
 16      17                      19                      19      17      16       1       3               3       1 
 16      17                      19       4   4   4      19      17      16       1       3               3       1 
 16      17                      19       4       4      19      17      16       1       3               3       1 
 16      17      21  21  21      19       4       4      19      17      16       1       3               3       1 
 16      17      21      21      19       4       4      19      17      16       1       3               3       1 
 16  16  -1  15  -2  14  -1  13  -2  12  -1  11  -2  10  -1   9  -2   8  -1   7  -2   6  -1   5   5       3       1 
         22      22      20      20       1       3      18      18       5       2       2       5       3       1 
         22  22  22      20      20       1       3      18      18       5       2       2       5       3       1 
                         20      20       1       3      18      18       5       2       2       5       3       1 
                         20  20  20       1       3      18      18       5       2       2       5       3       1 
                                          1       3      18      18       5       2       2       5       3       1 
                                          1       3      18  18  18       5       2       2       5       3       1 
                                          1       3                       5       2       2       5       3       1 
                                          1       3                       5       2   2   2       5       3       1 
                                          1       3                       5                       5       3       1 
                                          1       3                       5   5   5   5   5   5   5       3       1 
                                          1       3                                                       3       1 
                                          1       3   3   3   3   3   3   3   3   3   3   3   3   3   3   3       1 
                                          1                                                                       1 
                                          1   1   1   1   1   1   1   1   1   1   1   1   1   1   1   1   1   1   1 
