                                         22  22  22  22  22  22  22  22  22  22  22  22  22  22  22  22  22  22  22  22  22 
                                         22                                                                              22 
                                         22      17  17  17  17  17  17  17  17  17  17  17  17  17  17  17  17  17      22 
                                         22      17                                                              17      22 
                                         22      17       3   3   3   3   3   3   3   3   3   3   3   3   3      17      22 
                                         22      17       3                                               3      17      22 
                                         22      17       3                       6   6   6   6   6       3      17      22 
                                         22      17       3                       6               6       3      17      22 
                                         22      17       3      14  14  14       6               6       3      17      22 
                                         22      17       3      14      14       6               6       3      17      22 
                                         22      17       3   3  -1   4  -2   1  -1   2   2   2  -2   3   3      17      22 
                                         22      17              15      13       7               5              17      22 
 18  18  18  18  18                      22      17              15      13       7               5              17      22 
 18              18                      22      17              15      13       7               5              17      22 
 18              18      20  20  20      22      17              15      13       7               5              17      22 
 18              18      20      20      22      17              15      13       7               5              17      22 
 18       7   7  -1   8  -2   9  -1  10  -2  11  -1  12  12  12  -2  13  13       7      18  18  -1  17  17  17  17      22 
 18       7      19      19      21      21      16              16               7      18      22                      22 
 18       7      19      19      21      21      16              16               7      18      22  22  22  22  22  22  22 
 18       7      19      19      21      21      16              16               7      18                                 
 18       7      19      19      21  21  21      16              16               7      18                                 
 18       7      19      19                      16              16               7      18                                 
 18       7      19  19  19                      16              16               7      18                                 
 18       7                                      16              16               7      18                                 
 18       7                                      16  16  16  16  16               7      18                                 
 18       7                                                                       7      18                                 
 18       7   7   7   7   7   7   7   7   7   7   7   7   7   7   7   7   7   7   7      18                                 
 18                                                                                      18                                 
 18  18  18  18  18  18  18  18  18  18  18  18  18  18  18  18  18  18  18  18  18  18  18                                 
