         17  17  17  17  17  17  17  17  17  17  17  17  17  17  17  17  17  17  17  17  17  17  17         
         17                                                                                      17         
         17               3   3   3   3   3   3   3   3   3   3   3   3   3   3   3   3   3      17         
         17               3                                                               3      17         
         17               3       7   7   7   7   7   7   7   7   7   7   7   7   7       3      17         
         17               3       7                                               7       3      17         
         17               3       7       2   2   2   2   2   2   2               7       3      17         
         17               3       7       2                       2               7       3      17         
         17               3       7   7  -1   8   8   8   8   8  -2   9   9   9  -1  10  -2  11  -1  12  12 
         17               3               3                       1              22       4      16      12 
         17               3   3   3   3   3                       1              22       4      16      12 
         17                                                       1              22       4      16      12 
         17      21  21  21  21  21  21  21  21  21               1              22       4      16      12 
         17      21                              21               1              22       4      16      12 
         17  17  -1  18  18  18  18  18  18      21  21  21  21  -1  22  22  22  22       4      16      12 
                 20                      18                       6                       4      16      12 
 12  12  12  12  -2  13  13  13  13  13  -1  14  14  14  14  14  -2  15  15               4      16      12 
 12              19                      19                       5      15               4      16      12 
 12              19  19  19  19  19  19  19                       5      15               4      16      12 
 12                                                               5      15               4      16      12 
 12                                                      16  16  -1  15  15               4      16      12 
 12                                                      16       4                       4      16      12 
 12                                                      16       4   4   4   4   4   4   4      16      12 
 12                                                      16                                      16      12 
 12                                                      16  16  16  16  16  16  16  16  16  16  16      12 
 12                                                                                                      12 
 12  12  12  12  12  12  12  12  12  12  12  12  12  12  12  12  12  12  12  12  12  12  12  12  12  12  12 
