                                          4   4   4   4   4   4   4   4   4   4   4   4   4   4   4   4   4 
                                          4                                                               4 
                                          4      13  13  13  13  13  13  13  13  13  13  13  13  13       4 
                                          4      13                                              13       4 
                                          4      13      15  15  15  15  15  15  15  15  15      13       4 
                                          4      13      15                              15      13       4 
                                          4      13      15       6   6   6   6   6      15      13       4 
                                          4      13      15       6               6      15      13       4 
                                          4      13      15  15  -2  14  14       6      15      13       4 
                                          4      13               5      14       6      15      13       4 
                                          4      13  13  13  13  -1  14  14       6      15      13       4 
                                          4                      22               6      15      13       4 
                                          4   4   4   4   4   4  -2   1   1   1  -1   2  -2   3  -1   4   4 
                                                                 21               7      16      12         
         17  17  17                                              21               7      16      12         
         17      17                                              21               7      16      12         
         17      17      19  19  19                              21               7      16      12         
         17      17      19      19                              21               7      16      12         
 12  12  -1  11  -2  10  -1   9  -2   8   8   8   8   8   8   8  -1   7   7   7   7      16      12         
 12      16      18      18      20                              20                      16      12         
 12      16      18      18      20  20  20  20  20  20  20  20  20                      16      12         
 12      16      18      18                                                              16      12         
 12      16      18  18  18                                                              16      12         
 12      16                                                                              16      12         
 12      16  16  16  16  16  16  16  16  16  16  16  16  16  16  16  16  16  16  16  16  16      12         
 12                                                                                              12         
 12  12  12  12  12  12  12  12  12  12  12  12  12  12  12  12  12  12  12  12  12  12  12  12  12         
