  3   3   3   3   3   3   3   3   3   3   3   3   3   3   3   3   3   3   3   3   3   3   3   3   3 
  3                                                                                               3 
  3                                                              10  10  10  10  10               3 
  3                                                              10              10               3 
  3      14  14  14  14  14  14  14  14  14  14  14  14  14      10              10               3 
  3      14                                              14      10              10               3 
  3      14      16  16  16  16  16  16  16  16  16      14      10              10               3 
  3      14      16                              16      14      10              10               3 
  3      14      16      21  21  21              16      14      10              10               3 
  3      14      16      21      21              16      14      10              10               3 
  3   3  -1   4  -2   5  -1   6  -2   7   7   7  -1   8  -2   1  -1   2   2   2  -2   3   3   3   3 
         15      15      20      22              17      13      11               9                 
         15  15  15      20      22              17      13      11               9                 
                         20      22              17      13      11               9                 
                         20      22      12  12  -2  13  13      11      19  19  -1  20  20         
                         20      22      12      18              11      19      22      20         
                         20      22      12  12  -1  11  11  11  11      19      22      20         
                         20      22              19                      19      22      20         
                         20      22              19  19  19  19  19  19  19      22      20         
                         20      22                                              22      20         
                         20      22  22  22  22  22  22  22  22  22  22  22  22  22      20         
                         20                                                              20         
                         20  20  20  20  20  20  20  20  20  20  20  20  20  20  20  20  20         
