                                                                                                 15  15  15  15  15                         
                                                                                                 15              15                         
                                                                                                 15       8   8  -1   7   7   7   7   7   7 
                                                                                                 15       8      14                       7 
  9   9   9   9   9   9   9   9   9   9   9   9   9   9   9   9   9   9   9   9   9   9   9      15       8      14                       7 
  9                                                                                       9      15       8      14                       7 
  9       4   4   4   4   4   4   4                                                       9      15       8      14                       7 
  9       4                       4                                                       9      15       8      14                       7 
  9       4                       4              18  18  18  18  18  18  18  18  18       9      15       8      14                       7 
  9       4                       4              18                              18       9      15       8      14                       7 
  9       4      10  10  10  10  -2  11  11  11  -1  12  12  12  12  12  12  12  -2   9   9      15       8   8  -2   5   5   5   5       7 
  9       4      10               3              19                              17              15              13               5       7 
  9       4      10               3              19  19  19  19  19              17              15              13               5       7 
  9       4      10               3                              19              17              15              13               5       7 
  9       4      10       6   6  -1   5   5   5   5   5   5      19      22  22  -1  21  21  21  -2  20  20  20  -1  19  19       5       7 
  9       4      10       6       2                       5      19      22      16              16              22      19       5       7 
  9       4      10       6       2                       5      19      22      16  16  16  16  16              22      19       5       7 
  9       4      10       6       2                       5      19      22                                      22      19       5       7 
  9       4      10       6       2                       5      19      22  22  22  22  22  22  22  22  22  22  22      19       5       7 
  9       4      10       6       2                       5      19                                                      19       5       7 
  9       4      10       6       2                       5      19  19  19  19  19  19  19  19  19  19  19  19  19  19  19       5       7 
  9       4      10       6       2                       5                                                                       5       7 
  9       4      10       6       2                       5   5   5   5   5   5   5   5   5   5   5   5   5   5   5   5   5   5   5       7 
  9       4      10       6       2                                                                                                       7 
  9       4      10       6   6  -2   7   7   7   7   7   7   7   7   7   7   7   7   7   7   7   7   7   7   7   7   7   7   7   7   7   7 
  9       4      10               1                                                                                                         
  9       4      10  10  10  10  -1   9   9                                                                                                 
  9       4                       4       9                                                                                                 
  9       4   4   4   4   4   4   4       9                                                                                                 
  9                                       9                                                                                                 
  9   9   9   9   9   9   9   9   9   9   9                                                                                                 
