  6   6   6   6   6   6   6   6   6   6   6                                         
  6                                       6                                         
  6               7   7   7               6                                         
  6               7       7               6                                         
  6               7       7               6              20  20  20  20  20  20  20 
  6               7       7               6              20                      20 
  6               7       7               6              20      12  12  12      20 
  6               7       7               6              20      12      12      20 
  6      14  14  -2  15  -1  16  16  16  -2  17  17  17  -1  18  -2  19  -1  20  20 
  6      14       8      22               5              21      11      13         
  6      14       8      22  22  22  22  -1  21  21  21  21      11      13         
  6      14       8                       4                      11      13         
  6      14       8              10  10  -2  11  11  11  11  11  11      13         
  6      14       8              10       3                              13         
  6      14       8              10  10  -1   9   9                      13         
  6      14       8                       2       9                      13         
  6      14       8   8   8   8   8   8  -2   9   9                      13         
  6      14                               1                              13         
  6      14  14  14  14  14  14  14  14  -1  13  13  13  13  13  13  13  13         
  6                                       6                                         
  6   6   6   6   6   6   6   6   6   6   6                                         
