  8   8   8   8   8   8   8   8   8   8   8                                                         
  8                                       8                                                         
  8                                       8                       9   9   9   9   9   9   9   9   9 
  8                                       8                       9                               9 
  8                                       8                       9      21  21  21               9 
  8                                       8                       9      21      21               9 
  8                              19  19  -2  18  18  18  18  18  -1  17  -2  16  -1  15  15       9 
  8                              19       7                      22      22      20      15       9 
  8                              19       7                      22  22  22      20      15       9 
  8                              19       7                                      20      15       9 
  8                              19  19  -1  20  20  20  20  20  20  20  20  20  20      15       9 
  8                                       6                                              15       9 
  8                      14  14  14  14  -2  15  15  15  15  15  15  15  15  15  15  15  15       9 
  8                      14               5                                                       9 
  8                      14  14  14  14  -1  13  13                                               9 
  8                                       4      13                                               9 
  8              12  12  12  12  12  12  -2  13  13                                               9 
  8              12                       3                                                       9 
  8              12  12  12  12  12  12  -1  11  11  11  11                                       9 
  8                                       2              11                                       9 
  8      10  10  10  10  10  10  10  10  -2  11  11  11  11                                       9 
  8      10                               1                                                       9 
  8      10  10  10  10  10  10  10  10  -1   9   9   9   9   9   9   9   9   9   9   9   9   9   9 
  8                                       8                                                         
  8   8   8   8   8   8   8   8   8   8   8                                                         
