 10  10  10  10  10  10  10  10  10  10  10  10  10                                                 
 10                                              10                                                 
 10                                              10                              11  11  11  11  11 
 10                                              10                              11              11 
 10                              19  19  19  19  -2  18  18  18  18  18  18  18  -1  17  17      11 
 10                              19               9                              22      17      11 
 10                              19  19  19  19  -1  20  20                      22      17      11 
 10                                               8      20                      22      17      11 
 10                                      21  21  -2  20  20                      22      17      11 
 10                                      21       7                              22      17      11 
 10                                      21  21  -1  22  22  22  22  22  22  22  22      17      11 
 10                                               6                                      17      11 
 10                      16  16  16  16  16  16  -2  17  17  17  17  17  17  17  17  17  17      11 
 10                      16                       5                                              11 
 10                      16  16  16  16  16  16  -1  15  15  15  15                              11 
 10                                               4              15                              11 
 10              14  14  14  14  14  14  14  14  -2  15  15  15  15                              11 
 10              14                               3                                              11 
 10              14  14  14  14  14  14  14  14  -1  13  13  13  13  13  13                      11 
 10                                               2                      13                      11 
 10      12  12  12  12  12  12  12  12  12  12  -2  13  13  13  13  13  13                      11 
 10      12                                       1                                              11 
 10      12  12  12  12  12  12  12  12  12  12  -1  11  11  11  11  11  11  11  11  11  11  11  11 
 10                                              10                                                 
 10  10  10  10  10  10  10  10  10  10  10  10  10                                                 
