 12  12  12  12  12  12  12  12  12  12  12  12  12  12  12  12  12  12  12  12  12  12  12  12  12  12  12                                 
 12                                                                                                      12                                 
 12      17  17  17  17  17  17  17  17  17  17  17  17  17  17  17  17  17  17  17  17  17  17  17      12                                 
 12      17                                                                                      17      12                                 
 12      17       4   4   4   4   4   4   4   4   4   4   4   4   4   4   4   4   4   4   4      17      12                                 
 12      17       4                                                                       4      17      12                                 
 12      17       4      22  22  22  22  22  22  22  22  22  22  22  22  22               4      17      12                                 
 12      17       4      22                                              22               4      17      12                                 
 12      17       4      22      15  15  15  15  15                      22               4      17      12                                 
 12      17       4      22      15              15                      22               4      17      12                                 
 12      17       4      22      15      20  20  -1  19  19  19  19  19  -2  18  18  18  -1  17  17      12                                 
 12      17       4      22      15      20      14                      21               5              12                                 
 12      17       4      22      15      20      14      21  21  21  21  21               5              12                                 
 12      17       4      22      15      20      14      21                               5              12                                 
 12      17       4      22      15      20  20  -2  21  21      13  13  13  13  13  13  -2  12  12  12  12                                 
 12      17       4      22      15              13              13                       6                                                 
 12      17       4      22      15              13  13  13  13  13                       6                                                 
 12      17       4      22      15                                                       6                                                 
 12      17       4      22      15  15  15  15  15  15  15  15  15  15  15  15  15       6                                                 
 12      17       4      22                                                      15       6                                                 
 12      17       4      22  22  22  22  22  22  22  22  22  22  22  22  22      15       6                                                 
 12      17       4                                                      22      15       6                                                 
 12      17       4   4   4   4   4   4   4   4   4                      22      15       6                                                 
 12      17                                       4                      22      15       6                                                 
 12      17                                       4                      22      15  15  -1  16  16  16  16  16  16  16  16  16  16  16  16 
 12      17                                       4                      22               1                                              16 
 12      17                                       4                      22               1                       3   3   3   3   3      16 
 12      17                                       4                      22               1                       3               3      16 
 12  12  -1  11  11  11  11  11  11  11  11  11  -2  10  10  10  10  10  -1   9   9   9  -2   8   8   8   8   8  -1   7   7       3      16 
         16                                       3                       7               2                       2       7       3      16 
         16                                       3                       7               2   2   2   2   2   2   2       7       3      16 
         16                                       3                       7                                               7       3      16 
         16                                       3                       7   7   7   7   7   7   7   7   7   7   7   7   7       3      16 
         16                                       3                                                                               3      16 
         16                                       3   3   3   3   3   3   3   3   3   3   3   3   3   3   3   3   3   3   3   3   3      16 
         16                                                                                                                              16 
         16  16  16  16  16  16  16  16  16  16  16  16  16  16  16  16  16  16  16  16  16  16  16  16  16  16  16  16  16  16  16  16  16 
