                                         14  14  14  14  14  14  14  14  14  14  14  14  14  14  14  14  14  14  14  14  14 
                                         14                                                                              14 
                                         14       6   6   6   6   6   6   6   6   6   6   6   6   6   6   6   6   6      14 
                                         14       6                                                               6      14 
                                         14       6       2   2   2   2   2   2   2   2   2                       6      14 
                                         14       6       2                               2                       6      14 
                                         14       6       2                               2      15  15  15       6      14 
                                         14       6       2                               2      15      15       6      14 
                                         14       6       2              21  21  21       2      15      15       6      14 
                                         14       6       2              21      21       2      15      15       6      14 
                                         14       6   6  -2   7   7   7  -1   8  -2   9  -1  10  -2   5  -1   6   6      14 
                                         14               1              20      22       3      16      14              14 
                                         14               1              20      22       3      16      14  14  14  14  14 
                                         14               1              20      22       3      16                         
 16  16  16  16  16  16  16  16  16  16  -2  17  17  17  -1  18  18      20      22       3      16                         
 16                                      13               4      18      20      22       3      16                         
 16       3   3   3   3   3   3   3   3  -1   4   4   4   4      18      20      22       3      16                         
 16       3                              12                      18      20      22       3      16                         
 16       3      22  22  22  22  22      12                      18      20      22       3      16                         
 16       3      22              22      12                      18      20      22       3      16                         
 16       3      22      20  20  -1  19  -2  18  18  18  18  18  18      20      22       3      16                         
 16       3      22      20      11      11                              20      22       3      16                         
 16       3      22      20      11  11  11                              20      22       3      16                         
 16       3      22      20                                              20      22       3      16                         
 16       3      22      20  20  20  20  20  20  20  20  20  20  20  20  20      22       3      16                         
 16       3      22                                                              22       3      16                         
 16       3      22  22  22  22  22  22  22  22  22  22  22  22  22  22  22  22  22       3      16                         
 16       3                                                                               3      16                         
 16       3   3   3   3   3   3   3   3   3   3   3   3   3   3   3   3   3   3   3   3   3      16                         
 16                                                                                              16                         
 16  16  16  16  16  16  16  16  16  16  16  16  16  16  16  16  16  16  16  16  16  16  16  16  16                         
