 21  21  21  21  21  21  21  21  21  21  21  21  21  21  21  21  21  21  21  21  21  21  21         
 21                                                                                      21         
 21                                       7   7   7   7   7   7   7   7   7   7   7      21         
 21                                       7                                       7      21         
 21                                       7       1   1   1   1   1   1   1       7      21         
 21                                       7       1                       1       7      21         
 21                                       7   7  -2   6   6               1       7      21         
 21                                               2       6               1       7      21         
 21      15  15  15  15  15  15  15               2       6               1       7      21         
 21      15                      15               2       6               1       7      21         
 21  21  -1  22  22  22  22  22  -2   5   5   5  -1   6   6               1       7      21         
         14                      16               3                       1       7      21         
         14                      16               3   3   3   3   3       1       7      21         
         14                      16                               3       1       7      21         
         14      20  20  20  20  -1  19  19  19  19               3       1       7      21         
         14      20              17              19               3       1       7      21         
         14      20       8   8  -2   9   9   9  -1  10  10  10  -2  11  -1  12  -2  13  -1  14  14 
         14      20       8      18              18               4       4       8      20      14 
         14      20       8      18  18  18  18  18               4       4       8      20      14 
         14      20       8                                       4       4       8      20      14 
         14      20       8                                       4   4   4       8      20      14 
         14      20       8                                                       8      20      14 
         14      20       8   8   8   8   8   8   8   8   8   8   8   8   8   8   8      20      14 
         14      20                                                                      20      14 
         14      20  20  20  20  20  20  20  20  20  20  20  20  20  20  20  20  20  20  20      14 
         14                                                                                      14 
         14  14  14  14  14  14  14  14  14  14  14  14  14  14  14  14  14  14  14  14  14  14  14 
