  2   2   2   2   2   2   2   2   2   2   2   2   2   2   2   2   2   2   2   2   2   2   2   2   2   2   2 
  2                                                                                                       2 
  2               9   9   9   9   9   9   9   9   9   9   9   9   9   9   9   9   9   9   9   9   9       2 
  2               9                                                                               9       2 
  2               9              20  20  20  20  20  20  20  20  20  20  20  20  20  20  20       9       2 
  2               9              20                                                      20       9       2 
  2               9              20                              10  10  10  10  10  10  -1   9   9       2 
  2               9              20                              10                      21               2 
  2               9              20      14  14  14              10                      21               2 
  2               9              20      14      14              10                      21               2 
  2   2   2   2  -1   1   1   1  -2   6  -1   5  -2   4   4   4  -1   3   3   3   3   3  -2   2   2   2   2 
                  8              19      15      13              11                      22                 
         18  18  -2  19  19  19  19      15      13      16  16  -2  17  17  17  17      22                 
         18       7                      15      13      16      12              17      22                 
         18  18  -1  17  17              15      13      16  16  -1  15  15      17      22                 
                 22      17              15      13              13      15      17      22                 
                 22      17              15      13  13  13  13  13      15      17      22                 
                 22      17              15                              15      17      22                 
                 22      17              15  15  15  15  15  15  15  15  15      17      22                 
                 22      17                                                      17      22                 
                 22      17  17  17  17  17  17  17  17  17  17  17  17  17  17  17      22                 
                 22                                                                      22                 
                 22  22  22  22  22  22  22  22  22  22  22  22  22  22  22  22  22  22  22                 
