  4   4   4   4   4   4   4                                                                         
  4                       4                                                                         
  4                       4      19  19  19  19  19  19  19  19  19  19  19  19  19  19  19         
  4                       4      19                                                      19         
  4                       4      19                              21  21  21              19         
  4                       4      19                              21      21              19         
  4      10  10  10  10  -2  11  -1  12  12  12  12  12  12  12  -2  13  -1  14  14  14  -2   9   9 
  4      10               3      18                              22      20              20       9 
  4      10               3      18                              22      20  20  20  20  20       9 
  4      10               3      18                              22                               9 
  4      10               3      18  18  18  18  18  18  18      22                               9 
  4      10               3                              18      22                               9 
  4      10       6   6  -1   5   5   5   5   5   5      18  18  -1  17  17                       9 
  4      10       6       2                       5              15      17                       9 
  4      10       6   6  -2   7   7   7   7       5   5   5   5  -2   8  -1   7   7               9 
  4      10               1               7                      16      16       7               9 
  4      10               1               7                      16  16  16       7               9 
  4      10               1               7                                       7               9 
  4      10               1               7   7   7   7   7   7   7   7   7   7   7               9 
  4      10               1                                                                       9 
  4      10  10  10  10  -1   9   9   9   9   9   9   9   9   9   9   9   9   9   9   9   9   9   9 
  4                       4                                                                         
  4   4   4   4   4   4   4                                                                         
