                                          1   1   1   1   1   1   1   1   1   1   1   1   1   1   1   1   1   1   1   1   1 
                                          1                                                                               1 
                                          1                                       7   7   7   7   7                       1 
                                          1                                       7               7                       1 
                                          1                                       7       2   2  -1   1   1   1   1   1   1 
                                          1                                       7       2       6                         
                                          1                                       7       2   2  -2   3   3   3   3         
                                          1                                       7               5               3         
                                          1              14  14  14  14  14       7               5               3         
                                          1              14              14       7               5               3         
                                          1      19  19  -2  18  18  18  -1  17  -2  16  16  16  -1  15  15       3         
                                          1      19      13              15       8               8      15       3         
                                          1      19      13              15       8   8   8   8   8      15       3         
                                          1      19      13              15                              15       3         
                                          1      19      13              15  15  15  15  15  15  15  15  15       3         
                                          1      19      13                                                       3         
  3   3   3   3   3   3   3   3   3       1      19      13                                                       3         
  3                               3       1      19      13                                                       3         
  3      21  21  21  21  21       3       1      19      13                                                       3         
  3      21              21       3       1      19      13                                                       3         
  3      21      12  12  -1  11  -2  10  -1   9  -2  22  -1  21  21                                               3         
  3      21      12      20       4       4      20      12      21                                               3         
  3      21      12      20       4   4   4      20      12      21                                               3         
  3      21      12      20                      20      12      21                                               3         
  3      21      12      20  20  20  20  20  20  20      12      21                                               3         
  3      21      12                                      12      21                                               3         
  3      21      12  12  12  12  12  12  12  12  12  12  12      21                                               3         
  3      21                                                      21                                               3         
  3      21  21  21  21  21  21  21  21  21  21  21  21  21  21  21                                               3         
  3                                                                                                               3         
  3   3   3   3   3   3   3   3   3   3   3   3   3   3   3   3   3   3   3   3   3   3   3   3   3   3   3   3   3         
