         10  10  10  10  10  10  10  10  10  10  10  10  10  10  10  10  10  10  10  10  10  10  10  10  10  10  10 
         10                                                                                                      10 
         10                               4   4   4   4   4   4   4   4   4   4   4   4   4   4   4   4   4      10 
         10                               4                                                               4      10 
         10                               4      11  11  11  11  11  11  11  11  11  11  11  11  11       4      10 
         10                               4      11                                              11       4      10 
         10                               4      11              15  15  15  15  15  15  15      11       4      10 
         10                               4      11              15                      15      11       4      10 
         10                               4      11              15       8   8   8      15      11       4      10 
         10                               4      11              15       8       8      15      11       4      10 
         10                               4   4  -2   5   5   5  -1   6  -2   1  -1   2  -2   3  -1   4   4      10 
         10                                      12              14       7       9      16      10              10 
         10                                      12              14       7       9      16      10  10  10  10  10 
         10                                      12              14       7       9      16                         
         10      22  22  22  22  22              12              14       7       9      16                         
         10      22              22              12              14       7       9      16                         
 16  16  -2  17  -1  18  18  18  -2  19  19  19  -1  20  20      14       7       9      16                         
 16       9       7              21              13      20      14       7       9      16                         
 16       9       7      14  14  -1  13  13  13  13      20      14       7       9      16                         
 16       9       7      14      20                      20      14       7       9      16                         
 16       9       7      14      20  20  20  20  20  20  20      14       7       9      16                         
 16       9       7      14                                      14       7       9      16                         
 16       9       7      14  14  14  14  14  14  14  14  14  14  14       7       9      16                         
 16       9       7                                                       7       9      16                         
 16       9       7   7   7   7   7   7   7   7   7   7   7   7   7   7   7       9      16                         
 16       9                                                                       9      16                         
 16       9   9   9   9   9   9   9   9   9   9   9   9   9   9   9   9   9   9   9      16                         
 16                                                                                      16                         
 16  16  16  16  16  16  16  16  16  16  16  16  16  16  16  16  16  16  16  16  16  16  16                         
