  9   9   9   9   9   9   9   9   9   9   9   9   9   9   9   9   9   9   9   9   9   9   9                                                                         
  9                                                                                       9                                                                         
  9       4   4   4   4   4   4   4                                                       9                                                                         
  9       4                       4                                                       9                                                                         
  9       4                       4              19  19  19  19  19  19  19  19  19       9                                                                         
  9       4                       4              19                              19       9                                                                         
  9       4      10  10  10  10  -2  11  11  11  -1  12  12  12  12  12  12  12  -2   9   9                                                                         
  9       4      10               3              18                              20                                                                                 
  9       4      10               3              18                              20               7   7   7   7   7   7   7   7   7   7   7   7   7   7   7   7   7 
  9       4      10               3              18                              20               7                                                               7 
  9       4      10               3              18                              20               7       5   5   5   5   5   5   5   5   5   5   5   5   5       7 
  9       4      10               3              18                              20               7       5                                               5       7 
  9       4      10               3              18                              20               7       5      18  18  18  18  18  18  18  18  18       5       7 
  9       4      10               3              18                              20               7       5      18                              18       5       7 
  9       4      10               3              18                              20               7       5      18      16  16  16  16  16      18       5       7 
  9       4      10               3              18                              20               7       5      18      16              16      18       5       7 
  9       4      10               3              18  18  18  18  18              20               7       5      18      16              16      18       5       7 
  9       4      10               3                              18              20               7       5      18      16              16      18       5       7 
  9       4      10       6   6  -1   5   5   5   5   5   5      18      16  16  -1  15  15  15  -2  14  -1  13  -2  22  -1  21  21      16      18       5       7 
  9       4      10       6       2                       5      18      16      21               8       8      17      17      21      16      18       5       7 
  9       4      10       6       2                       5      18      16      21               8       8      17  17  17      21      16      18       5       7 
  9       4      10       6       2                       5      18      16      21               8       8                      21      16      18       5       7 
  9       4      10       6       2                       5      18      16      21               8   8   8                      21      16      18       5       7 
  9       4      10       6       2                       5      18      16      21                                              21      16      18       5       7 
  9       4      10       6       2                       5      18      16      21  21  21  21  21  21  21  21  21  21  21  21  21      16      18       5       7 
  9       4      10       6       2                       5      18      16                                                              16      18       5       7 
  9       4      10       6       2                       5      18      16  16  16  16  16  16  16  16  16  16  16  16  16  16  16  16  16      18       5       7 
  9       4      10       6       2                       5      18                                                                              18       5       7 
  9       4      10       6       2                       5      18  18  18  18  18  18  18  18  18  18  18  18  18  18  18  18  18  18  18  18  18       5       7 
  9       4      10       6       2                       5                                                                                               5       7 
  9       4      10       6       2                       5   5   5   5   5   5   5   5   5   5   5   5   5   5   5   5   5   5   5   5   5   5   5   5   5       7 
  9       4      10       6       2                                                                                                                               7 
  9       4      10       6   6  -2   7   7   7   7   7   7   7   7   7   7   7   7   7   7   7   7   7   7   7   7   7   7   7   7   7   7   7   7   7   7   7   7 
  9       4      10               1                                                                                                                                 
  9       4      10  10  10  10  -1   9   9                                                                                                                         
  9       4                       4       9                                                                                                                         
  9       4   4   4   4   4   4   4       9                                                                                                                         
  9                                       9                                                                                                                         
  9   9   9   9   9   9   9   9   9   9   9                                                                                                                         
