                 15  15  15  15  15  15  15  15  15  15  15                                                         
                 15                                      15                                                         
                 15       8   8   8   8   8              15                                                         
                 15       8               8              15                                                         
                 15  15  -1  16  16  16  -2  17  17  17  -1  18  18  18  18  18  18  18  18  18  18  18  18  18  18 
                          5               7              14                                                      18 
                          5               7              14      12  12  12  12  12  12  12  12  12  12  12      18 
                          5               7              14      12                                      12      18 
                          5               7              14      12      19  19  19  19  19  19  19      12      18 
                          5               7              14      12      19                      19      12      18 
                          5               7              14      12      19       4   4   4      19      12      18 
                          5               7              14      12      19       4       4      19      12      18 
  3   3   3   3   3   3  -2   2   2       7      20  20  -2  21  -1  22  -2   9  -1  10  -2  11  -1  12  12      18 
  3                       6       2       7      20      13      13      20       1       3      18              18 
  3                       6       2       7      20      13      13      20       1       3      18  18  18  18  18 
  3                       6       2       7      20      13      13      20       1       3                         
  3                       6       2       7      20      13  13  13      20       1       3                         
  3                       6       2       7      20                      20       1       3                         
  3                       6       2       7      20  20  20  20  20  20  20       1       3                         
  3                       6       2       7                                       1       3                         
  3       1   1   1   1  -1   2   2       7                                       1       3                         
  3       1               7               7                                       1       3                         
  3       1               7   7   7   7   7                                       1       3                         
  3       1                                                                       1       3                         
  3       1   1   1   1   1   1   1   1   1   1   1   1   1   1   1   1   1   1   1       3                         
  3                                                                                       3                         
  3   3   3   3   3   3   3   3   3   3   3   3   3   3   3   3   3   3   3   3   3   3   3                         
