  3   3   3   3   3   3   3   3   3   3   3   3   3   3   3   3   3   3   3   3   3   3   3   3   3                                         
  3                                                                                               3                                         
  3      17  17  17  17  17  17  17  17  17  17  17  17  17  17  17  17  17  17  17  17  17       3                                         
  3      17                                                                              17       3                                         
  3      17       6   6   6   6   6   6   6   6   6   6   6   6   6   6   6   6   6      17       3                                         
  3      17       6                                                               6      17       3                                         
  3      17       6      16  16  16  16  16  16  16  16  16  16  16               6      17       3                                         
  3      17       6      16                                      16               6      17       3                                         
  3      17       6      16              14  14  14  14  14      16               6      17       3                                         
  3      17       6      16              14              14      16               6      17       3                                         
  3      17       6   6  -1   5   5   5  -2   4   4      14      16               6      17       3                                         
  3      17              17              13       4      14      16               6      17       3                                         
  3      17  17  17  17  17              13       4      14      16               6      17       3                                         
  3                                      13       4      14      16               6      17       3                                         
  3   3   3   3   3   3   3   3   3   3  -1   4   4      14      16               6      17       3                                         
                                         12              14      16               6      17       3                                         
                                         12              14      16               6      17       3      21  21  21  21  21  21  21  21  21 
                                         12              14      16               6      17       3      21                              21 
                                         12              14      16               6      17       3      21      11  11  11  11  11      21 
                                         12              14      16               6      17       3      21      11              11      21 
                                 21  21  -2  20  20  20  -1  19  -2  18  18  18  -1  17  17       3      21  21  -1  22  22      11      21 
                                 21      11              15      15               1               3              10      22      11      21 
                                 21      11              15  15  15               1               3              10      22      11      21 
                                 21      11                                       1               3              10      22      11      21 
                                 21      11                               9   9  -2   8   8   8  -1   7   7   7  -2  22  22      11      21 
                                 21      11                               9       2               2               9              11      21 
                                 21      11                               9       2   2   2   2   2               9              11      21 
                                 21      11                               9                                       9              11      21 
                                 21      11                               9   9   9   9   9   9   9   9   9   9   9              11      21 
                                 21      11                                                                                      11      21 
                                 21      11  11  11  11  11  11  11  11  11  11  11  11  11  11  11  11  11  11  11  11  11  11  11      21 
                                 21                                                                                                      21 
                                 21  21  21  21  21  21  21  21  21  21  21  21  21  21  21  21  21  21  21  21  21  21  21  21  21  21  21 
