                                          5   5   5   5   5   5   5   5   5   5   5   5   5 
                                          5                                               5 
                                 13  13  -1  14  14  14  14  14  14  14  14  14  14       5 
                                 13       4                                      14       5 
                                 13  13  -2  12  12  12  12                      14       5 
                                          3              12                      14       5 
 20  20  20  20  20  20  20  20  20  20  -1  19  19      12                      14       5 
 20                                       2      19      12                      14       5 
 20                      10  10  10  10  -2  11  -1  12  12                      14       5 
 20                      10               1      18                              14       5 
 20                      10               1      18  18  18  18  18  18  18      14       5 
 20                      10               1                              18      14       5 
 20                      10  10  10  10  -1   9   9   9   9   9   9      18      14       5 
 20                                       8                       9      18      14       5 
 20      16  16  16  16  16  16  16  16  -2  17  17               9      18      14       5 
 20      16                               7      17               9      18      14       5 
 20      16      21  21  21  21  21  21  -1  22  -2   9   9   9   9      18      14       5 
 20      16      21                       6      18                      18      14       5 
 20      16      21                       6      18  18  18  18  18  18  18      14       5 
 20      16      21                       6                                      14       5 
 20      16  16  -1  15  15  15  15  15  -2  14  14  14  14  14  14  14  14  14  14       5 
 20              20                       5                                               5 
 20  20  20  20  20                       5                                               5 
                                          5                                               5 
                                          5   5   5   5   5   5   5   5   5   5   5   5   5 
