                 20  20  20  20  20  20  20  20  20  20  20  20  20  20  20  20  20  20  20  20  20  20  20  20  20 
                 20                                                                                              20 
                 20      18  18  18  18  18  18  18  18  18  18  18  18  18  18  18  18  18  18  18  18  18      20 
                 20      18                                                                              18      20 
                 20      18      13  13  13  13  13  13  13  13  13  13  13  13  13  13  13              18      20 
                 20      18      13                                                      13              18      20 
                 20      18      13      11  11  11  11  11  11  11  11  11  11  11      13              18      20 
                 20      18      13      11                                      11      13              18      20 
                 20      18      13  13  -1  14  14  14  14  14  14              11      13              18      20 
                 20      18              10                      14              11      13              18      20 
                 20      18  18  18  18  -2  19  19              14              11      13              18      20 
                 20                       9      19              14              11      13              18      20 
                 20  20  20  20  20  20  -1  19  19              14      22  22  -2  13  13              18      20 
                                          8                      14      22      12                      18      20 
 17  17  17  17  17  17  17  17  17  17  -2  16  16  16  16      14      22  22  -1  21  21  21  21  21  -2  20  20 
 17                                       7              16      14               5                      17         
 17       2   2   2   2   2   2   2   2  -1   1   1   1  -2   4  -1   3   3   3  -2   2   2   2   2      17         
 17       2                               6              15      15               6               2      17         
 17       2                               6              15  15  15               6               2      17         
 17       2                               6                                       6               2      17         
 17       2                               6   6   6   6   6   6   6   6   6   6   6               2      17         
 17       2                                                                                       2      17         
 17       2   2   2   2   2   2   2   2   2   2   2   2   2   2   2   2   2   2   2   2   2   2   2      17         
 17                                                                                                      17         
 17  17  17  17  17  17  17  17  17  17  17  17  17  17  17  17  17  17  17  17  17  17  17  17  17  17  17         
