  7   7   7   7   7   7   7   7   7   7   7   7   7   7   7   7   7   7   7                         
  7                                                                       7                         
  7       6   6   6   6   6   6   6   6   6   6   6   6   6   6   6       7                         
  7       6                                                       6       7                         
  7       6       2   2   2                                       6       7                         
  7       6       2       2                                       6       7                         
  7       6       2       2       4   4   4   4   4   4   4       6       7                         
  7       6       2       2       4                       4       6       7                         
  7       6       2       2       4      19  19  19       4       6       7                         
  7       6       2       2       4      19      19       4       6       7                         
  7       6       2       2       4      19      19       4       6       7      21  21  21         
  7       6       2       2       4      19      19       4       6       7      21      21         
  7   7  -1   8  -2   9  -1  10  -2  11  -1  12  -2  13  -1  14  -2  15  -1  16  -2  17  -1  18  18 
          1       1       3       3      18      20       5       5      22      22      20      18 
          1       1       3       3      18      20       5       5      22  22  22      20      18 
          1       1       3       3      18      20       5       5                      20      18 
          1       1       3       3      18      20       5   5   5                      20      18 
          1       1       3       3      18      20                                      20      18 
          1       1       3       3      18      20  20  20  20  20  20  20  20  20  20  20      18 
          1       1       3       3      18                                                      18 
          1       1       3       3      18  18  18  18  18  18  18  18  18  18  18  18  18  18  18 
          1       1       3       3                                                                 
          1       1       3   3   3                                                                 
          1       1                                                                                 
          1   1   1                                                                                 
