                                                                 11  11  11  11  11  11  11  11  11  11  11  11  11 
                                                                 11                                              11 
                                                                 11      20  20  20  20  20  20  20  20  20      11 
                                                                 11      20                              20      11 
                                                                 11  11  -1  12  12  12  12  12  12      20      11 
                                                                         21                      12      20      11 
 15  15  15  15  15  15  15  15  15  15  15  15  15  15  15  15  15  15  -2  14  14  14  14      12      20      11 
 15                                                                      22              14      12      20      11 
 15       8   8   8   8   8   8   8   8   8   8   8                      22              14      12      20      11 
 15       8                                       8                      22              14      12      20      11 
 15       8      16  16  16  16  16  16  16  16  -2  17  17  17  17  17  -1  18  18      14      12      20      11 
 15       8      16                               7                       9      18      14      12      20      11 
 15       8      16      10  10  10  10  10  10  -1   9   9   9   9   9   9      18      14      12      20      11 
 15       8      16      10                       6                              18      14      12      20      11 
 15       8      16      10      19  19  19  19  -2  18  18  18  18  18  18  18  18      14      12      20      11 
 15       8      16      10      19               5                                      14      12      20      11 
 15       8      16      10      19      13  13  -1  14  14  14  14  14  14  14  14  14  14      12      20      11 
 15       8      16      10      19      13       4                                              12      20      11 
 15       8      16      10      19      13  13  -2  12  12  12  12  12  12  12  12  12  12  12  12      20      11 
 15       8      16      10      19               3                                                      20      11 
 15       8      16      10      19  19  19  19  -1  20  20  20  20  20  20  20  20  20  20  20  20  20  20      11 
 15       8      16      10                       2                                                              11 
 15       8      16      10  10  10  10  10  10  -2  11  11  11  11  11  11  11  11  11  11  11  11  11  11  11  11 
 15       8      16                               1                                                                 
 15       8      16  16  16  16  16  16  16  16  -1  15  15                                                         
 15       8                                       8      15                                                         
 15       8   8   8   8   8   8   8   8   8   8   8      15                                                         
 15                                                      15                                                         
 15  15  15  15  15  15  15  15  15  15  15  15  15  15  15                                                         
