                                                                         15  15  15  15  15  15  15  15  15 
                                                                         15                              15 
                                                                         15               5   5   5      15 
                                                                         15               5       5      15 
 18  18  18  18  18  18  18  18  18  18  18  18  18  18  18  18  18  18  -1  17  17  17  -2  16  -1  15  15 
 18                                                                      14               6       4         
 18      12  12  12  12  12  12  12  12  12  12  12  12  12  12  12      14               6       4         
 18      12                                                      12      14               6       4         
 18      12      19  19  19  19  19  19  19  19  19  19  19      12      14               6       4         
 18      12      19                                      19      12      14               6       4         
 18      12      19                       1   1   1      19      12      14               6       4         
 18      12      19                       1       1      19      12      14               6       4         
 18      12      19       3   3   3       1       1      19      12      14               6       4         
 18      12      19       3       3       1       1      19      12      14               6       4         
 18      12  12  -1  11  -2  10  -1   9  -2   8  -1   7  -2  22  -1  21  -2  20  20       6       4         
 18              18       4       2       2       6      20      13      13      20       6       4         
 18  18  18  18  18       4       2       2       6      20      13      13      20       6       4         
                          4       2       2       6      20      13      13      20       6       4         
                          4       2       2       6      20      13  13  13      20       6       4         
                          4       2       2       6      20                      20       6       4         
                          4       2       2       6      20  20  20  20  20  20  20       6       4         
                          4       2       2       6                                       6       4         
                          4       2       2       6   6   6   6   6   6   6   6   6   6   6       4         
                          4       2       2                                                       4         
                          4       2   2   2                                                       4         
                          4                                                                       4         
                          4   4   4   4   4   4   4   4   4   4   4   4   4   4   4   4   4   4   4         
