 16  16  16  16  16  16  16  16  16  16  16  16  16  16  16  16  16  16  16  16  16  16  16                 
 16                                                                                      16                 
 16                       5   5   5   5   5   5   5   5   5   5   5   5   5              16                 
 16                       5                                               5              16                 
 16                       5      10  10  10  10  10  10  10  10  10       5              16                 
 16                       5      10                              10       5              16                 
 16                       5      10       4   4   4   4   4      10       5              16                 
 16                       5      10       4               4      10       5              16                 
 16      21  21  21       5      10       4               4      10       5              16                 
 16      21      21       5      10       4               4      10       5              16                 
 16  16  -1  15  -2  14  -1  13  -2  12  -1  11  11  11  -2  10  10       5              16                 
         20      22      22       9       1               3               5              16                 
         20      22  22  22       9       1               3               5              16                 
         20                       9       1               3               5              16                 
         20                       9       1       6   6  -1   5   5   5   5      19  19  -1  20  20  20  20 
         20                       9       1       6       2                      19      17              20 
         20                       9       1       6   6  -2   7   7   7   7   7  -1   8  -2   9   9      20 
         20                       9       1               1                      18      18       9      20 
         20                       9       1               1                      18  18  18       9      20 
         20                       9       1               1                                       9      20 
         20                       9       1   1   1   1   1                                       9      20 
         20                       9                                                               9      20 
         20                       9   9   9   9   9   9   9   9   9   9   9   9   9   9   9   9   9      20 
         20                                                                                              20 
         20  20  20  20  20  20  20  20  20  20  20  20  20  20  20  20  20  20  20  20  20  20  20  20  20 
