         14  14  14  14  14  14  14  14  14  14  14  14  14  14  14  14  14  14  14  14  14  14  14  14  14  14  14 
         14                                                                                                      14 
         14      16  16  16  16  16  16  16  16  16  16  16  16  16  16  16  16  16  16  16  16  16  16  16      14 
         14      16                                                                                      16      14 
         14      16                                      18  18  18  18  18  18  18  18  18  18  18      16      14 
         14      16                                      18                                      18      16      14 
         14      16                                      18              19  19  19  19  19      18      16      14 
         14      16                                      18              19              19      18      16      14 
         14      16                                      18              19      17  17  -1  18  18      16      14 
         14      16                                      18              19      17      22              16      14 
         14      16       9   9   9   9   9              18              19      17      22              16      14 
         14      16       9               9              18              19      17      22              16      14 
         14      16  16  -1  15  15       9              18              19      17  17  -2  16  16  16  16      14 
         14               8      15       9              18              19              21                      14 
         14  14  14  14  -2  15  15       9      11  11  -1  12  12  12  -2  13  13  13  -1  14  14  14  14  14  14 
                          7               9      11       5              20              20                         
                          7               9      11       5              20  20  20  20  20                         
                          7               9      11       5                                                         
  2   2   2   2   2   2  -1   1   1   1  -2   4  -1   3  -2   2   2                                                 
  2                       6              10      10       6       2                                                 
  2                       6              10  10  10       6       2                                                 
  2                       6                               6       2                                                 
  2                       6   6   6   6   6   6   6   6   6       2                                                 
  2                                                               2                                                 
  2   2   2   2   2   2   2   2   2   2   2   2   2   2   2   2   2                                                 
