                 16  16  16  16  16  16  16  16  16  16  16  16  16  16  16  16  16  16  16  16  16  16  16  16  16  16  16 
                 16                                                                                                      16 
                 16      10  10  10  10  10  10  10  10  10  10  10  10  10  10  10  10  10  10  10  10  10  10  10      16 
                 16      10                                                                                      10      16 
                 16      10                                      19  19  19  19  19  19  19                      10      16 
                 16      10                                      19                      19                      10      16 
                 16      10                                      19       2   2   2      19                      10      16 
                 16      10                                      19       2       2      19                      10      16 
                 16      10                                      19       2       2      19      17  17  17      10      16 
                 16      10                                      19       2       2      19      17      17      10      16 
                 16      10      21  21  21  21  21  21  21      19       2       2      19      17      17      10      16 
                 16      10      21                      21      19       2       2      19      17      17      10      16 
                 16      10  10  -2  11  11  11  11  11  -1  12  -2   5  -1   6  -2   7  -1   8  -2   9  -1  10  10      16 
                 16              22                      20      20       3       1      18      18      16              16 
                 16              22                      20  20  20       3       1      18      18      16              16 
                 16              22                                       3       1      18      18      16              16 
                 16              22                                       3       1      18  18  18      16              16 
                 16              22                                       3       1                      16              16 
                 16              22                                       3       1                      16  16  16  16  16 
                 16              22                                       3       1                                         
                 16  16  16  16  -1  15  15  15  15                       3       1                                         
                                 13              15                       3       1                                         
  1   1   1   1   1   1   1   1  -2   4   4      15                       3       1                                         
  1                              14       4      15                       3       1                                         
  1       3   3   3   3   3   3  -1   4   4      15                       3       1                                         
  1       3                      15              15                       3       1                                         
  1       3                      15  15  15  15  15                       3       1                                         
  1       3                                                               3       1                                         
  1       3   3   3   3   3   3   3   3   3   3   3   3   3   3   3   3   3       1                                         
  1                                                                               1                                         
  1   1   1   1   1   1   1   1   1   1   1   1   1   1   1   1   1   1   1   1   1                                         
