         19  19  19  19  19  19  19  19  19  19  19  19  19  19  19  19  19  19  19  19  19  19  19  19  19 
         19                                                                                              19 
         19      11  11  11  11  11  11  11  11  11  11  11  11  11  11  11  11  11  11  11  11  11      19 
         19      11                                                                              11      19 
         19      11      13  13  13  13  13  13  13  13  13  13  13  13  13  13  13  13  13      11      19 
         19      11      13                                                              13      11      19 
         19      11      13      10  10  10  10  10  10  10  10  10  10  10  10  10  10  -2  11  11      19 
         19      11      13      10                                                      14              19 
         19      11      13      10                              16  16  16  16  16      14              19 
         19      11      13      10                              16              16      14              19 
         19      11      13      10      22  22  22  22  22      16              16      14              19 
         19      11      13      10      22              22      16              16      14              19 
         19      11      13      10  10  -1   9   9      22  22  -1  21  21  21  -2  20  -1  19  19  19  19 
         19      11      13               7       9              17              15      15                 
         19      11      13               7       9              17              15  15  15                 
         19      11      13               7       9              17                                         
  6   6  -1   5  -2   4  -1   3   3   3  -2   2  -1   1   1   1  -2   6   6                                 
  6      18      12      12               8       8              18       6                                 
  6      18      12  12  12               8       8              18       6                                 
  6      18                               8       8              18       6                                 
  6      18                               8   8   8              18       6                                 
  6      18                                                      18       6                                 
  6      18  18  18  18  18  18  18  18  18  18  18  18  18  18  18       6                                 
  6                                                                       6                                 
  6   6   6   6   6   6   6   6   6   6   6   6   6   6   6   6   6   6   6                                 
