 11  11  11  11  11  11  11  11  11  11  11  11  11                                                                 
 11                                              11                                                                 
 11       3   3   3   3   3   3   3   3   3      11                                                                 
 11       3                               3      11                                                                 
 11       3      12  12  12  12  12  12  -1  11  11                                                                 
 11       3      12                       2                                                                         
 11       3      12       8   8   8   8  -2   9   9   9   9   9   9   9   9   9   9   9   9   9   9   9   9   9   9 
 11       3      12       8               1                                                                       9 
 11       3      12       8      17  17  -1  18  18  18  18  18  18  18  18  18  18  18  18  18  18  18  18       9 
 11       3      12       8      17       6                                                              18       9 
 11       3      12       8      17  17  -2  16  16  16  16  16  16  16  16  16  16  16  16  16  16      18       9 
 11       3      12       8               5                                                      16      18       9 
 11       3      12       8   8   8   8  -1   7   7   7   7   7   7   7   7   7   7   7   7      16      18       9 
 11       3      12                       4                                               7      16      18       9 
 11       3      12                       4                      21  21  21  21  21       7      16      18       9 
 11       3      12                       4                      21              21       7      16      18       9 
 11       3      12  12  12  12  12  12  -2  13  13  13  13  13  -1  14  14  14  -2  15  -1  16  16      18       9 
 11       3                               3                      20              22      22              18       9 
 11       3                               3                      20              22  22  22              18       9 
 11       3                               3                      20                                      18       9 
 11       3   3   3   3   3   3   3   3   3                      20                                      18       9 
 11                                                              20                                      18       9 
 11  11  11  11  11  11  11  11  11  11  11  11  11  11  11  11  -2  10  10                              18       9 
                                                                 19      10                              18       9 
                                                          9   9  -1  10  10                              18       9 
                                                          9      18                                      18       9 
                                                          9      18  18  18  18  18  18  18  18  18  18  18       9 
                                                          9                                                       9 
                                                          9   9   9   9   9   9   9   9   9   9   9   9   9   9   9 
