                  9   9   9   9   9   9   9   9   9   9   9   9   9   9   9   9   9   9   9                                 
                  9                                                                       9                                 
                  9                      19  19  19  19  19  19  19  19  19               9                                 
                  9                      19                              19               9                                 
                  9                      19      21  21  21  21  21      19               9                                 
                  9                      19      21              21      19               9                                 
                  9                      19      21      18  18  -2  19  19               9                                 
                  9                      19      21      18      22                       9                                 
         20  20  -1  19  19  19  19  19  19      21      18  18  -1  17  17  17  17       9                                 
         20       8                              21              11              17       9                                 
         20       8      21  21  21  21  21  21  21              11              17       9                                 
         20       8      21                                      11              17       9                                 
         20  20  -2  21  21      16  16  16  16  16  16  16  16  -2  17  17  17  17       9                                 
                  7              16                              12                       9                                 
  2   2   2   2  -1   1   1   1  -2   4   4   4   4   4   4   4  -1   3   3   3   3   3  -2   2   2   2   2   2   2   2   2 
  2               6              15                              13                      10                               2 
  2               6              15                              13                      10       6   6   6   6   6       2 
  2               6              15                              13                      10       6               6       2 
  2               6              15                              13  13  13  13  13  13  -1  14  -2  15  15       6       2 
  2               6              15                                                       5       5      15       6       2 
  2               6              15                                                       5   5   5      15       6       2 
  2               6              15                                                                      15       6       2 
  2               6              15  15  15  15  15  15  15  15  15  15  15  15  15  15  15  15  15  15  15       6       2 
  2               6                                                                                               6       2 
  2               6   6   6   6   6   6   6   6   6   6   6   6   6   6   6   6   6   6   6   6   6   6   6   6   6       2 
  2                                                                                                                       2 
  2   2   2   2   2   2   2   2   2   2   2   2   2   2   2   2   2   2   2   2   2   2   2   2   2   2   2   2   2   2   2 
