                 16  16  16  16  16  16  16  16  16  16  16  16  16  16  16  16  16  16  16  16  16  16  16  16  16  16  16  16  16  16  16 
                 16                                                                                                                      16 
                 16       9   9   9   9   9                                                                                              16 
                 16       9               9                                                                                              16 
                 16       9               9      11  11  11  11  11  11  11  11  11  11  11  11  11  11  11  11  11  11  11  11  11      16 
                 16       9               9      11                                                                              11      16 
                 16       9               9      11      18  18  18  18  18  18  18  18  18  18  18  18  18  18  18  18  18      11      16 
                 16       9               9      11      18                                                              18      11      16 
                 16       9               9      11      18      22  22  22  22  22  22  22  22  22  22  22  22  22      18      11      16 
                 16       9               9      11      18      22                                              22      18      11      16 
                 16       9               9      11      18      22              19  19  19  19  19  19  19      22      18      11      16 
                 16       9               9      11      18      22              19                      19      22      18      11      16 
                 16       9               9      11      18      22              19      12  12  12      19      22      18      11      16 
                 16       9               9      11      18      22              19      12      12      19      22      18      11      16 
                 16  16  -1  15  15       9      11      18      22              19  19  -1  20  -2  21  -1  22  22      18      11      16 
                          8      15       9      11      18      22                      13      11      18              18      11      16 
                          8      15       9      11      18      22                      13      11      18  18  18  18  18      11      16 
                          8      15       9      11      18      22                      13      11                              11      16 
                          8      15       9      11      18      22                      13      11  11  11  11  11  11  11  11  11      16 
                          8      15       9      11      18      22                      13                                              16 
 14  14  14  14  14  14  -2  15  15       9      11      18  18  -1  17  17  17  17  17  -2  16  16  16  16  16  16  16  16  16  16  16  16 
 14                       7               9      11               5                      14                                                 
 14       2   2   2   2  -1   1   1   1  -2   4  -1   3   3   3  -2   2   2              14                                                 
 14       2               6              10      10               6       2              14                                                 
 14       2               6              10  10  10               6       2              14                                                 
 14       2               6                                       6       2              14                                                 
 14       2               6   6   6   6   6   6   6   6   6   6   6       2              14                                                 
 14       2                                                               2              14                                                 
 14       2   2   2   2   2   2   2   2   2   2   2   2   2   2   2   2   2              14                                                 
 14                                                                                      14                                                 
 14  14  14  14  14  14  14  14  14  14  14  14  14  14  14  14  14  14  14  14  14  14  14                                                 
