                         14  14  14  14  14  14  14  14  14  14  14  14  14  14  14  14  14  14  14  14  14 
                         14                                                                              14 
                         14      17  17  17  17  17  17  17  17  17  17  17  17  17  17  17  17  17      14 
                         14      17                                                              17      14 
                         14      17       3   3   3   3   3   3   3   3   3   3   3   3   3      17      14 
                         14      17       3                                               3      17      14 
                         14      17       3       9   9   9   9   9   9   9   9   9       3      17      14 
                         14      17       3       9                               9       3      17      14 
                         14      17       3       9       2   2   2               9       3      17      14 
                         14      17       3       9       2       2               9       3      17      14 
                         14      17       3       9   9  -1  10  -2  11  11  11  -1  12  -2  13  -1  14  14 
                         14      17       3               3       1              22       4      16         
                         14      17       3   3   3   3   3       1              22       4      16         
                         14      17                               1              22       4      16         
                         14      17                      21  21  -1  22  22  22  22       4      16         
                         14      17                      21       8                       4      16         
                         14      17  17  17  17  17  17  -1  18  -2  19  19               4      16         
                         14                              20       7      19               4      16         
 16  16  16  16  16      14                              20       7      19               4      16         
 16              16      14                              20       7      19               4      16         
 16       4   4  -2   5  -1   6   6   6   6   6   6   6  -2   7   7      19               4      16         
 16       4      15      15                              19              19               4      16         
 16       4      15      15                              19  19  19  19  19               4      16         
 16       4      15      15                                                               4      16         
 16       4      15  15  15                                                               4      16         
 16       4                                                                               4      16         
 16       4   4   4   4   4   4   4   4   4   4   4   4   4   4   4   4   4   4   4   4   4      16         
 16                                                                                              16         
 16  16  16  16  16  16  16  16  16  16  16  16  16  16  16  16  16  16  16  16  16  16  16  16  16         
