 10  10  10  10  10  10  10  10  10  10  10  10  10  10  10  10  10  10  10  10  10  10  10  10  10  10  10  10  10 
 10                                                                                                              10 
 10      19  19  19  19  19  19  19  19  19  19  19  19  19  19  19  19  19  19  19  19  19  19  19  19  19      10 
 10      19                                                                                              19      10 
 10      19                                                                               2   2   2      19      10 
 10      19                                                                               2       2      19      10 
 10      19      11  11  11  11  11  11  11  11  11  11  11  11  11  11  11               2       2      19      10 
 10      19      11                                                      11               2       2      19      10 
 10      19      11              15  15  15  15  15  15  15              11               2       2      19      10 
 10      19      11              15                      15              11               2       2      19      10 
 10      19  19  -1  20  20  20  -2  21  21  21  21  21  -1  22  22  22  -2   7   7   7  -1   8  -2   9  -1  10  10 
 10              10              16                      14              12               3       1      18         
 10  10  10  10  10              16                      14              12               3       1      18         
                                 16                      14              12               3       1      18         
                          6   6  -1   5   5   5   5      14       4   4  -1   3   3   3   3       1      18         
                          6      17               5      14       4      13                       1      18         
                          6   6  -2   1   1       5      14       4   4  -2   5   5               1      18         
                                 18       1       5      14              14       5               1      18         
                                 18       1       5      14  14  14  14  14       5               1      18         
                                 18       1       5                               5               1      18         
                                 18       1       5   5   5   5   5   5   5   5   5               1      18         
                                 18       1                                                       1      18         
                                 18       1   1   1   1   1   1   1   1   1   1   1   1   1   1   1      18         
                                 18                                                                      18         
                                 18  18  18  18  18  18  18  18  18  18  18  18  18  18  18  18  18  18  18         
