         16  16  16  16  16  16  16  16  16  16  16  16  16  16  16  16  16  16  16  16  16  16  16  16  16 
         16                                                                                              16 
         16      18  18  18  18  18  18  18  18  18  18  18  18  18  18  18  18  18  18  18  18  18      16 
         16      18                                                                              18      16 
         16      18       9   9   9   9   9                                                      18      16 
         16      18       9               9                                                      18      16 
         16      18  18  -1  17  17       9                                                      18      16 
         16               8      17       9                                                      18      16 
         16               8      17       9                                      20  20  20      18      16 
         16               8      17       9                                      20      20      18      16 
         16               8      17       9              22  22  22  22  22      20      20      18      16 
         16               8      17       9              22              22      20      20      18      16 
         16  16  16  16  -2  17  17       9      11  11  -1  12  12  12  -2  13  -1  14  -2  15  -1  16  16 
                          7               9      11       5              21      21      19      19         
                          7               9      11       5              21  21  21      19      19         
                          7               9      11       5                              19      19         
                          7               9      11       5                              19  19  19         
                          7               9      11       5                                                 
  2   2   2   2   2   2  -1   1   1   1  -2   4  -1   3  -2   2   2                                         
  2                       6              10      10       6       2                                         
  2                       6              10  10  10       6       2                                         
  2                       6                               6       2                                         
  2                       6   6   6   6   6   6   6   6   6       2                                         
  2                                                               2                                         
  2   2   2   2   2   2   2   2   2   2   2   2   2   2   2   2   2                                         
