 11  11  11  11  11  11  11  11  11  11  11  11  11  11  11  11  11  11  11  11  11  11  11         
 11                                                                                      11         
 11      19  19  19  19  19  19  19  19  19  19  19  19  19  19  19  19  19  19  19      11         
 11      19                                                                      19      11         
 11      19       8   8   8   8   8   8   8   8   8   8   8   8   8   8   8      19      11         
 11      19       8                                                       8      19      11         
 11      19       8      16  16  16  16  16  16  16  16  16  16  16       8      19      11         
 11      19       8      16                                      16       8      19      11         
 11      19       8   8  -1   7   7   7   7   7   7              16       8      19      11         
 11      19              17                       7              16       8      19      11         
 11  11  -1  12  12  12  -2  13  13  13  13  13  -1  14  14      16       8      19      11         
         18              18                      22      14      16       8      19      11         
         18  18  18  18  18                      22      14      16       8      19      11         
                                                 22      14      16       8      19      11         
                                  4   4   4   4  -2   5  -1   6  -2   1  -1   2  -2   3  -1   4   4 
                                  4              21      15      15       9      20      10       4 
                                  4              21      15  15  15       9      20      10       4 
                                  4              21                       9      20      10       4 
                                  4      10  10  -1   9   9   9   9   9   9      20      10       4 
                                  4      10      20                              20      10       4 
                                  4      10      20  20  20  20  20  20  20  20  20      10       4 
                                  4      10                                              10       4 
                                  4      10  10  10  10  10  10  10  10  10  10  10  10  10       4 
                                  4                                                               4 
                                  4   4   4   4   4   4   4   4   4   4   4   4   4   4   4   4   4 
