 10  10  10  10  10  10  10  10  10  10  10  10  10  10  10  10  10  10  10  10  10  10  10  10  10 
 10                                                                                              10 
 10                      18  18  18  18  18  18  18  18  18  18  18  18  18  18  18  18  18      10 
 10                      18                                                              18      10 
 10                      18       1   1   1   1   1                                      18      10 
 10                      18       1               1                                      18      10 
 10                      18       1               1      16  16  16  16  16  16  16      18      10 
 10                      18       1               1      16                      16      18      10 
 10                      18       1      14  14  -1  13  -2  12  12  12  12  12  -1  11  -2  10  10 
 10                      18       1      14       4      15                      17      17         
 10                      18       1      14       4      15                      17  17  17         
 10                      18       1      14       4      15                                         
 10                      18       1      14  14  -2  15  15                                         
 10                      18       1               3                                                 
 10                      18       1               3      20  20  20  20  20                         
 10                      18       1               3      20              20                         
 10      21  21  21      18       1               3      20              20                         
 10      21      21      18       1               3      20              20                         
 10  10  -1   9  -2   8  -1   7  -2   6   6   6  -1   5  -2  22  22      20                         
         20      22      19       2               2      19      22      20                         
         20      22      19       2   2   2   2   2      19      22      20                         
         20      22      19                              19      22      20                         
         20      22      19  19  19  19  19  19  19  19  19      22      20                         
         20      22                                              22      20                         
         20      22  22  22  22  22  22  22  22  22  22  22  22  22      20                         
         20                                                              20                         
         20  20  20  20  20  20  20  20  20  20  20  20  20  20  20  20  20                         
