         15  15  15  15  15  15  15  15  15  15  15  15  15  15  15  15  15  15  15  15  15         
         15                                                                              15         
         15                      22  22  22  22  22  22  22  22  22  22  22  22  22      15         
         15                      22                                              22      15         
         15                      22              16  16  16  16  16  16  16      22      15         
         15                      22              16                      16      22      15         
         15                      22      12  12  -1  11  11  11  11      16  16  -1  15  15         
         15                      22      12      17              11               9                 
         15      20  20  20      22      12      17              11               9                 
         15      20      20      22      12      17              11               9                 
  8   8  -1   7  -2   6  -1   5  -2   4  -1   3  -2   2   2   2  -1   1   1   1  -2   8   8   8   8 
  8      14      19      21      21      13      18              10              10               8 
  8      14      19      21  21  21      13      18              10              10               8 
  8      14      19                      13      18              10              10               8 
  8      14      19                      13      18              10  10  10  10  10               8 
  8      14      19                      13      18                                               8 
  8      14      19                      13  13  -1  14  14                                       8 
  8      14      19                              19      14                                       8 
  8      14      19  19  19  19  19  19  19  19  19      14                                       8 
  8      14                                              14                                       8 
  8      14  14  14  14  14  14  14  14  14  14  14  14  14                                       8 
  8                                                                                               8 
  8   8   8   8   8   8   8   8   8   8   8   8   8   8   8   8   8   8   8   8   8   8   8   8   8 
