  6   6   6   6   6   6   6   6   6   6   6   6   6   6   6   6   6   6   6   6   6   6   6   6   6   6   6   6   6                                         
  6                                                                                                               6                                         
  6      10  10  10  10  10  10  10  10  10  10  10  10  10  10  10  10  10  10  10  10  10  10  10  10  10       6                                         
  6      10                                                                                              10       6                                         
  6      10      14  14  14  14  14  14  14  14  14  14  14  14  14  14  14  14  14  14  14  14  14      10       6                                         
  6      10      14                                                                              14      10       6                                         
  6      10      14      12  12  12  12  12  12  12  12  12  12  12  12  12  12  12  12  12      14      10       6                                         
  6      10      14      12                                                              12      14      10       6                                         
  6      10      14      12      21  21  21  21  21  21  21  21  21  21  21  21  21      12      14      10       6                                         
  6      10      14      12      21                                              21      12      14      10       6                                         
  6      10      14      12  12  -2  13  13                                      21      12      14      10       6                                         
  6      10      14              22      13                                      21      12      14      10       6                                         
  6      10      14  14  14  14  -1  13  13                                      21      12      14      10       6                                         
  6      10                       5                                              21      12      14      10       6                                         
  6      10  10  10  10  10  10  -2  11  11  11  11  11  11  11  11  11  11  11  -1  12  12      14      10       6                                         
  6                               6                                              20              14      10       6                                         
  6   6   6   6   6   6   6   6   6                                              20              14      10       6                                         
                                                                                 20              14      10       6                                         
                                                 15  15  15  15  15  15  15  15  -2  14  14  14  14      10       6                                         
                                                 15                              19                      10       6                                         
                                                 15       9   9   9   9   9   9  -1  10  10  10  10  10  10       6                                         
                                                 15       9                      18                               6                                         
                                                 15       9                      18                               6      15  15  15  15  15  15  15  15  15 
                                                 15       9                      18                               6      15                              15 
                                                 15       9                      18                               6      15       9   9   9   9   9      15 
                                                 15       9                      18                               6      15       9               9      15 
                                                 15       9       4   4   4   4  -2   1   1   1   1   1   1   1  -1   2  -2   3  -1   4   4       9      15 
                                                 15       9       4              17                               7      16       8       4       9      15 
                                                 15       9       4       8   8  -1   7   7   7   7   7   7   7   7      16       8       4       9      15 
                                                 15       9       4       8      16                                      16       8       4       9      15 
                                                 15       9       4       8      16  16  16  16  16  16  16  16  16  16  16       8       4       9      15 
                                                 15       9       4       8                                                       8       4       9      15 
                                                 15       9       4       8   8   8   8   8   8   8   8   8   8   8   8   8   8   8       4       9      15 
                                                 15       9       4                                                                       4       9      15 
                                                 15       9       4   4   4   4   4   4   4   4   4   4   4   4   4   4   4   4   4   4   4       9      15 
                                                 15       9                                                                                       9      15 
                                                 15       9   9   9   9   9   9   9   9   9   9   9   9   9   9   9   9   9   9   9   9   9   9   9      15 
                                                 15                                                                                                      15 
                                                 15  15  15  15  15  15  15  15  15  15  15  15  15  15  15  15  15  15  15  15  15  15  15  15  15  15  15 
