 13  13  13  13  13  13  13  13  13  13  13  13  13  13  13  13  13  13  13  13  13  13  13  13  13                 
 13                                                                                              13                 
 13       4   4   4   4   4   4   4   4   4   4   4   4   4   4   4   4   4   4   4   4   4      13                 
 13       4                                                                               4      13                 
 13       4      12  12  12  12  12  12  12  12  12  12  12  12  12  12  12               4      13                 
 13       4      12                                                      12               4      13                 
 13       4      12               6   6   6   6   6   6   6              12               4      13                 
 13       4      12               6                       6              12               4      13                 
 13       4   4  -2   1   1   1  -1   2   2   2   2   2  -2   3   3   3  -1   4   4   4   4      13                 
 13              11               7                       5              13                      13                 
 13              11               7                       5              13  13  13  13  13  13  13                 
 13              11               7                       5                                                         
 13  13  13  13  -1  14  14       7      17  17  17  17  -1  18  18                                                 
                 22      14       7      17              10      18                                                 
                 22      14       7      17      19  19  -2  18  18                                                 
                 22      14       7      17      19       9                                                         
                 22      14       7      17      19       9              15  15  15  15  15  15  15  15  15         
                 22      14       7      17      19       9              15                              15         
                 22      14       7      17      19  19  -1  20  20  20  -2  21  21  21  21  21  21  21  -1  22  22 
                 22      14       7      17               8              16                              14      22 
                 22      14       7      17               8   8   8   8  -1   7   7                      14      22 
                 22      14       7      17                              17       7                      14      22 
                 22      14       7      17  17  17  17  17  17  17  17  17       7                      14      22 
                 22      14       7                                               7                      14      22 
                 22      14       7   7   7   7   7   7   7   7   7   7   7   7   7                      14      22 
                 22      14                                                                              14      22 
                 22      14  14  14  14  14  14  14  14  14  14  14  14  14  14  14  14  14  14  14  14  14      22 
                 22                                                                                              22 
                 22  22  22  22  22  22  22  22  22  22  22  22  22  22  22  22  22  22  22  22  22  22  22  22  22 
