 18  18  18  18  18  18  18  18  18  18  18  18  18  18  18  18  18  18  18  18  18  18  18  18  18  18  18  18  18  18  18  18  18  18  18  18  18 
 18                                                                                                                                              18 
 18      21  21  21  21  21  21  21  21  21  21  21  21  21  21  21  21  21  21  21  21  21  21  21  21  21  21  21  21  21  21  21  21  21      18 
 18      21                                                                                                                              21      18 
 18      21       4   4   4   4   4   4   4   4   4   4   4   4   4   4   4   4   4   4   4   4   4   4   4   4   4   4   4   4   4      21      18 
 18      21       4                                                                                                               4      21      18 
 18      21       4      10  10  10  10  10  10  10  10  10  10  10  10  10  10  10  10  10                                       4      21      18 
 18      21       4      10                                                              10                                       4      21      18 
 18      21       4      10               6   6   6                                      10                                       4      21      18 
 18      21       4      10               6       6                                      10                                       4      21      18 
 18      21       4   4  -2   1   1   1  -1   2  -2   3   3   3   3   3   3   3   3   3  -1   4   4   4   4   4   4   4   4   4   4      21      18 
 18      21               9               7       5                                      11                                              21      18 
 18      21  21  21  21  -1  22  22       7       5      20  20  20  20  20  20  20  20  -2  21  21  21  21  21  21  21  21  21  21  21  21      18 
 18                      18      22       7       5      20                              12                                                      18 
 18  18  18  18  18  18  18      22       7       5      20                              12                                                      18 
                                 22       7       5      20                              12                                                      18 
                                 22       7       5      20      17  17  17  17  17  17  -1  18  18  18  18  18  18  18  18  18  18  18  18  18  18 
                                 22       7       5      20      17                      13                                                         
                                 22       7       5      20      17      19  19  19  19  -2  22  22  22  22  22  22  22  22                         
                                 22       7       5      20      17      19              14                              22                         
                                 22       7       5      20      17      19       8   8  -1   7   7   7   7   7   7      22                         
                                 22       7       5      20      17      19       8      15                       7      22                         
                                 22       7       5      20      17      19       8   8  -2   5   5   5   5       7      22                         
                                 22       7       5      20      17      19              16               5       7      22                         
                                 22       7       5      20      17      19  19  19  19  -1  20  20       5       7      22                         
                                 22       7       5      20      17                      17      20       5       7      22                         
                                 22       7       5      20      17  17  17  17  17  17  17      20       5       7      22                         
                                 22       7       5      20                                      20       5       7      22                         
                                 22       7       5      20  20  20  20  20  20  20  20  20  20  20       5       7      22                         
                                 22       7       5                                                       5       7      22                         
                                 22       7       5   5   5   5   5   5   5   5   5   5   5   5   5   5   5       7      22                         
                                 22       7                                                                       7      22                         
                                 22       7   7   7   7   7   7   7   7   7   7   7   7   7   7   7   7   7   7   7      22                         
                                 22                                                                                      22                         
                                 22  22  22  22  22  22  22  22  22  22  22  22  22  22  22  22  22  22  22  22  22  22  22                         
