 17  17  17  17  17  17  17  17  17  17  17  17  17  17  17  17  17  17  17  17  17  17  17  17  17         
 17                                                                                              17         
 17      22  22  22  22  22  22  22  22  22  22  22  22  22  22  22  22  22  22  22  22  22      17         
 17      22                                                                              22      17         
 17      22      18  18  18  18  18  18  18                                              22      17         
 17      22      18                      18                                              22      17         
 17      22  22  -2   9   9   9   9   9  -1  10  10                                      22      17         
 17              17                      19      10                                      22      17         
 17  17  17  17  17                      19      10                                      22      17         
                                         19      10                                      22      17         
                                         19      10      14  14  14  14  14  14  14      22      17         
                                         19      10      14                      14      22      17         
                                         19      10      14      12  12  12      14      22      17         
                                         19      10      14      12      12      14      22      17         
                          8   8   8   8  -2   1  -1   2  -2   3  -1   4  -2   5  -1   6  -2   7  -1   8   8 
                          8              20      11      13      13      11      15      21      16       8 
                          8              20      11      13  13  13      11      15      21      16       8 
                          8              20      11                      11      15      21      16       8 
                          8              20      11  11  11  11  11  11  11      15      21      16       8 
                          8              20                                      15      21      16       8 
                          8      16  16  -1  15  15  15  15  15  15  15  15  15  15      21      16       8 
                          8      16      21                                              21      16       8 
                          8      16      21  21  21  21  21  21  21  21  21  21  21  21  21      16       8 
                          8      16                                                              16       8 
                          8      16  16  16  16  16  16  16  16  16  16  16  16  16  16  16  16  16       8 
                          8                                                                               8 
                          8   8   8   8   8   8   8   8   8   8   8   8   8   8   8   8   8   8   8   8   8 
