                 22  22  22  22  22  22  22  22  22  22  22  22  22  22  22  22  22  22  22  22  22  22  22                 
                 22                                                                                      22                 
                 22      19  19  19  19  19  19  19  19  19  19  19  19  19  19  19  19  19  19  19      22                 
                 22      19                                                                      19      22                 
                 22      19      15  15  15  15  15  15  15  15  15  15  15  15  15  15  15      19      22                 
                 22      19      15                                                      15      19      22                 
                 22      19      15              13  13  13  13  13  13  13  13  13      15      19      22                 
                 22      19      15              13                              13      15      19      22                 
                 22      19      15  15  15  15  -1  16  16  16  16  16  16      13      15      19      22                 
                 22      19                      12                      16      13      15      19      22                 
                 22      19              17  17  -2  16  16  16  16  16  16      13      15      19      22                 
                 22      19              17      11                              13      15      19      22                 
                 22      19              17  17  -1  18  18  18  18              13      15      19      22                 
                 22      19                      10              18              13      15      19      22                 
                 22      19  19  19  19  19  19  -2  18  18  18  18              13      15      19      22                 
                 22                               9                              13      15      19      22                 
                 22  22  22  22  22  22  22  22  -1  21  21                      13      15      19      22                 
                                                  8      21                      13      15      19      22                 
 20  20  20  20  20  20  20  20  20  20  20  20  -2  21  21                      13      15      19  19  -1  20  20  20  20 
 20                                               7                              13      15               5              20 
 20       2   2   2   2   2   2   2   2   2   2  -1   1   1   1   1   1   1   1  -2   4  -1   3   3   3  -2   2   2      20 
 20       2                                       6                              14      14               6       2      20 
 20       2                                       6                              14  14  14               6       2      20 
 20       2                                       6                                                       6       2      20 
 20       2                                       6   6   6   6   6   6   6   6   6   6   6   6   6   6   6       2      20 
 20       2                                                                                                       2      20 
 20       2   2   2   2   2   2   2   2   2   2   2   2   2   2   2   2   2   2   2   2   2   2   2   2   2   2   2      20 
 20                                                                                                                      20 
 20  20  20  20  20  20  20  20  20  20  20  20  20  20  20  20  20  20  20  20  20  20  20  20  20  20  20  20  20  20  20 
