                                         16  16  16  16  16  16  16  16  16  16  16  16  16  16  16  16  16  16  16  16  16 
                                         16                                                                              16 
                                         16       8   8   8   8   8   8   8   8   8   8   8   8   8   8   8   8   8      16 
                                         16       8                                                               8      16 
                                         16       8      19  19  19  19  19  19  19  19  19                       8      16 
                                         16       8      19                              19                       8      16 
                                         16       8      19       3   3   3   3   3      19                       8      16 
                                         16       8      19       3               3      19                       8      16 
                                         16       8      19  19  -1  20  20       3      19                       8      16 
                                         16       8               2      20       3      19                       8      16 
                                         16       8               2      20       3      19      17  17  17       8      16 
                                         16       8               2      20       3      19      17      17       8      16 
                                         16       8   8   8   8  -2   9  -1  10  -2  11  -1  12  -2   7  -1   8   8      16 
                                         16                       1      21       4      18      18      16              16 
                                         16                       1      21       4      18  18  18      16              16 
                                         16                       1      21       4                      16              16 
                                         16                       1      21       4                      16  16  16  16  16 
                                         16                       1      21       4                                         
  4   4   4   4   4   4   4   4   4      16                       1      21       4                                         
  4                               4      16                       1      21       4                                         
  4       6   6   6   6   6       4      16                       1      21       4                                         
  4       6               6       4      16                       1      21       4                                         
  4       6      15  15  -2  14  -1  13  -2  22  22  22  22  22  -1  21  21       4                                         
  4       6      15       5       5      15                       6               4                                         
  4       6      15       5   5   5      15                       6               4                                         
  4       6      15                      15                       6               4                                         
  4       6      15  15  15  15  15  15  15                       6               4                                         
  4       6                                                       6               4                                         
  4       6   6   6   6   6   6   6   6   6   6   6   6   6   6   6               4                                         
  4                                                                               4                                         
  4   4   4   4   4   4   4   4   4   4   4   4   4   4   4   4   4   4   4   4   4                                         
