          7   7   7   7   7   7   7   7   7   7   7   7   7   7   7   7   7   7   7   7   7   7   7   7   7   7   7   7   7 
          7                                                                                                               7 
          7               1   1   1   1   1                                                                               7 
          7               1               1                                                                               7 
          7   7   7   7  -2   6   6       1                                                                               7 
                          2       6       1                                                                               7 
                          2       6       1      20  20  20  20  20  20  20  20  20  20  20  20  20  20  20  20  20       7 
                          2       6       1      20                                                              20       7 
                          2       6       1      20      18  18  18  18  18  18  18  18  18  18  18  18  18      20       7 
                          2       6       1      20      18                                              18      20       7 
                          2       6       1      20      18      21  21  21  21  21  21  21  21  21      18      20       7 
                          2       6       1      20      18      21                              21      18      20       7 
                          2       6       1      20      18      21       8   8   8   8   8      21      18      20       7 
                          2       6       1      20      18      21       8               8      21      18      20       7 
  5   5   5   5   5   5  -1   6   6       1      20      18      21  21  -1  22  22       8      21      18      20       7 
  5                       3               1      20      18               9      22       8      21      18      20       7 
  5              10  10  -2  11  11  11  -1  12  -2  13  -1  14  14  14  -2  15  -1  16  -2  17  -1  18  18      20       7 
  5              10       4               4      19      19              10       5       7      20              20       7 
  5              10       4               4      19      19              10       5       7      20  20  20  20  20       7 
  5              10       4               4      19      19              10       5       7                               7 
  5              10       4               4      19  19  19              10       5       7                               7 
  5              10       4               4                              10       5       7                               7 
  5              10       4               4                              10       5       7   7   7   7   7   7   7   7   7 
  5              10       4               4                              10       5                                         
  5              10       4   4   4   4   4                              10       5                                         
  5              10                                                      10       5                                         
  5              10  10  10  10  10  10  10  10  10  10  10  10  10  10  10       5                                         
  5                                                                               5                                         
  5   5   5   5   5   5   5   5   5   5   5   5   5   5   5   5   5   5   5   5   5                                         
