         19  19  19  19  19  19  19  19  19  19  19  19  19  19  19  19  19  19  19  19  19         
         19                                                                              19         
         19                      22  22  22  22  22  22  22  22  22  22  22  22  22      19         
         19                      22                                              22      19         
         19                      22      20  20  20  20  20  20  20  20  20      22      19         
         19                      22      20                              20      22      19         
         19                      22      20       1   1   1   1   1      20      22      19         
         19                      22      20       1               1      20      22      19         
         19       3   3   3      22      20       1               1      20      22      19         
         19       3       3      22      20       1               1      20      22      19         
 14  14  -1  13  -2  12  -1  11  -2  10  -1   9  -2   8   8   8  -1   7  -2  22  22      19         
 14      18       4       2      21      21       2               6      19              19         
 14      18       4       2      21  21  21       2               6      19              19         
 14      18       4       2                       2               6      19              19         
 14      18       4       2                       2               6      19  19  19  19  19         
 14      18       4       2                       2               6                                 
 14      18       4       2   2   2   2   2   2   2               6                                 
 14      18       4                                               6                                 
 14      18       4                                      16  16  -2  17  17                         
 14      18       4                                      16       5      17                         
 14      18       4                                      16  16  -1  15  -2  14  14  14  14  14  14 
 14      18       4                                               4      18                      14 
 14      18       4   4   4   4   4   4   4   4   4   4   4   4   4      18                      14 
 14      18                                                              18                      14 
 14      18  18  18  18  18  18  18  18  18  18  18  18  18  18  18  18  18                      14 
 14                                                                                              14 
 14  14  14  14  14  14  14  14  14  14  14  14  14  14  14  14  14  14  14  14  14  14  14  14  14 
