  6   6   6   6   6   6   6   6   6   6   6   6   6   6   6   6   6   6   6   6   6   6   6   6   6   6   6   6   6 
  6                                                                                                               6 
  6               8   8   8                                                                                       6 
  6               8       8                                                                                       6 
  6               8       8      10  10  10  10  10                                                               6 
  6               8       8      10              10                                                               6 
  6               8       8      10              10                      16  16  16  16  16  16  16  16  16       6 
  6               8       8      10              10                      16                              16       6 
  6   6   6   6  -2   1  -1   2  -2   3   3   3  -1   4   4   4   4   4  -2   5   5   5   5   5   5   5  -1   6   6 
                  7       9       9              11                      15                              17         
                  7       9   9   9              11                      15                              17         
                  7                              11                      15                              17         
         17  17  -1  18  18  18  18  18  18      11      19  19  19  19  -1  20  20                      17         
         17      22                      18      11      19              14      20                      17         
         17      22                      18      11      19      21  21  -2  20  20                      17         
         17      22                      18      11      19      21      13                              17         
         17      22                      18      11      19      21  21  -1  22  22  22  22  22  22      17         
         17      22                      18      11      19              12                      22      17         
         17      22                      18      11      19  19  19  19  -2  18  18  18  18      22      17         
         17      22                      18      11                      11              18      22      17         
         17      22                      18      11  11  11  11  11  11  11              18      22      17         
         17      22                      18                                              18      22      17         
         17      22                      18  18  18  18  18  18  18  18  18  18  18  18  18      22      17         
         17      22                                                                              22      17         
         17      22  22  22  22  22  22  22  22  22  22  22  22  22  22  22  22  22  22  22  22  22      17         
         17                                                                                              17         
         17  17  17  17  17  17  17  17  17  17  17  17  17  17  17  17  17  17  17  17  17  17  17  17  17         
