                          8   8   8   8   8   8   8   8   8   8   8   8   8   8   8   8   8   8   8   8   8 
                          8                                                                               8 
                          8      19  19  19  19  19  19  19  19  19  19  19  19  19  19  19  19  19       8 
                          8      19                                                              19       8 
                          8      19      22  22  22  22  22                                      19       8 
                          8      19      22              22                                      19       8 
                          8      19  19  -1  20  20      22                                      19       8 
                          8              13      20      22                                      19       8 
                          8              13      20      22       2   2   2   2   2   2   2      19       8 
                          8              13      20      22       2                       2      19       8 
                          8              13      20      22       2      16  16  16       2      19       8 
                          8              13      20      22       2      16      16       2      19       8 
                          8   8   8   8  -2   9  -1  10  -2  11  -1  12  -2   5  -1   6  -2   7  -1   8   8 
                                         14      21      21       3      15      17       1      18         
                                         14      21  21  21       3      15      17       1      18         
                                         14                       3      15      17       1      18         
 18  18  18  18  18                      14                       3      15      17       1      18         
 18              18                      14                       3      15      17       1      18         
 18       1   1  -2   4   4   4   4   4  -1   3   3   3   3   3   3      15      17       1      18         
 18       1      17                      15                              15      17       1      18         
 18       1      17                      15  15  15  15  15  15  15  15  15      17       1      18         
 18       1      17                                                              17       1      18         
 18       1      17  17  17  17  17  17  17  17  17  17  17  17  17  17  17  17  17       1      18         
 18       1                                                                               1      18         
 18       1   1   1   1   1   1   1   1   1   1   1   1   1   1   1   1   1   1   1   1   1      18         
 18                                                                                              18         
 18  18  18  18  18  18  18  18  18  18  18  18  18  18  18  18  18  18  18  18  18  18  18  18  18         
