                          1   1   1   1   1   1   1   1   1   1   1   1   1   1   1   1   1   1   1   1   1   1   1   1   1   1   1 
                          1                                                                                                       1 
                          1       3   3   3   3   3   3   3   3   3   3   3   3   3   3   3   3   3   3   3   3   3   3   3       1 
                          1       3                                                                                       3       1 
                          1       3      15  15  15  15  15  15  15  15  15  15  15  15  15  15  15                       3       1 
                          1       3      15                                                      15                       3       1 
                          1       3      15      20  20  20  20  20  20  20  20  20              15                       3       1 
                          1       3      15      20                              20              15                       3       1 
                          1       3      15      20      18  18  18  18  18      20              15                       3       1 
                          1       3      15      20      18              18      20              15                       3       1 
                          1       3      15      20      18       6   6  -1   5  -2   4   4   4  -1   3   3   3   3   3   3       1 
                          1       3      15      20      18       6      19      19              14                               1 
                          1       3      15      20      18       6      19  19  19              14                               1 
                          1       3      15      20      18       6                              14                               1 
                          1       3      15      20      18       6   6   6   6   6   6   6   6  -2   1   1   1   1   1   1   1   1 
                          1       3      15      20      18                                      13                                 
                          1       3      15      20      18  18  18  18  18  18  18  18  18      13                                 
                          1       3      15      20                                      18      13                                 
                          1       3      15      20  20  20  20  20  20  20  20  20      18      13                                 
                          1       3      15                                      20      18      13                                 
                          1       3      15  15  15  15  15  15  15  15  15      20      18      13                                 
                          1       3                                      15      20      18      13                                 
                          1       3                                      15      20      18  18  -1  17  17  17  17                 
                          1       3                                      15      20              22              17                 
 17  17  17  17  17       1       3                                      15      20              22              17                 
 17              17       1       3                                      15      20              22              17                 
 17      10  10  -1   9  -2   8  -1   7   7   7   7   7   7   7   7   7  -2  12  -1  11  11  11  -2  10  10      17                 
 17      10      16       2       2                                      16      21              21      10      17                 
 17      10      16       2       2                                      16      21  21  21  21  21      10      17                 
 17      10      16       2       2                                      16                              10      17                 
 17      10      16       2   2   2                                      16                              10      17                 
 17      10      16                                                      16                              10      17                 
 17      10      16  16  16  16  16  16  16  16  16  16  16  16  16  16  16                              10      17                 
 17      10                                                                                              10      17                 
 17      10  10  10  10  10  10  10  10  10  10  10  10  10  10  10  10  10  10  10  10  10  10  10  10  10      17                 
 17                                                                                                              17                 
 17  17  17  17  17  17  17  17  17  17  17  17  17  17  17  17  17  17  17  17  17  17  17  17  17  17  17  17  17                 
