                          5   5   5   5   5   5   5   5   5   5   5   5   5   5   5   5   5   5   5   5   5   5   5 
                          5                                                                                       5 
                          5                                                      13  13  13  13  13  13  13       5 
                          5                                                      13                      13       5 
                          5                                       3   3   3   3  -1   4   4   4   4   4  -2   5   5 
                          5                                       3              12                      14         
                          5      19  19  19  19  19  19  19       3              12                      14         
                          5      19                      19       3              12                      14         
                          5   5  -1   6   6   6   6      19       3      15  15  -2  14  14  14  14  14  14         
                                 18               6      19       3      15      11                                 
 16  16  16  16  16              18               6      19       3      15      11                                 
 16              16              18               6      19       3      15      11                                 
 16      22  22  -1  21  21  21  -2  20  20  20  -1  19  19       3      15  15  -1  16  16  16  16                 
 16      22      17              17               1               3              10              16                 
 16      22      17  17  17  17  17               1               3              10              16                 
 16      22                                       1               3              10              16                 
 16      22                               9   9  -2   8   8   8  -1   7   7   7  -2  22  22      16                 
 16      22                               9       2               2               9      22      16                 
 16      22                               9       2   2   2   2   2               9      22      16                 
 16      22                               9                                       9      22      16                 
 16      22                               9   9   9   9   9   9   9   9   9   9   9      22      16                 
 16      22                                                                              22      16                 
 16      22  22  22  22  22  22  22  22  22  22  22  22  22  22  22  22  22  22  22  22  22      16                 
 16                                                                                              16                 
 16  16  16  16  16  16  16  16  16  16  16  16  16  16  16  16  16  16  16  16  16  16  16  16  16                 
