 11  11  11  11  11  11  11  11  11  11  11  11  11  11  11  11  11  11  11  11  11  11  11  11  11  11  11                         
 11                                                                                                      11                         
 11       6   6   6   6   6   6   6   6   6   6   6   6   6   6   6   6   6   6   6   6   6   6   6      11                         
 11       6                                                                                       6      11                         
 11       6      18  18  18  18  18  18  18  18  18  18  18  18  18  18  18  18  18  18  18       6      11                         
 11       6      18                                                                      18       6      11                         
 11       6      18       5   5   5   5   5   5   5                                      18       6      11                         
 11       6      18       5                       5                                      18       6      11                         
 11       6      18       5      10  10  10       5                                      18       6      11                         
 11       6      18       5      10      10       5                                      18       6      11                         
 11       6      18       5      10      10       5      15  15  15  15  15  15  15      18       6      11                         
 11       6      18       5      10      10       5      15                      15      18       6      11                         
 11       6      18  18  -2  19  -1  20  -2  21  -1  22  -2  17  17  17  17  17  -1  18  18       6      11                         
 11       6               6      11       9      16      16                      14               6      11                         
 11       6               6      11       9      16  16  16                      14               6      11                         
 11       6               6      11       9                                      14               6      11                         
 11       6   6   6   6   6      11       9                                      14               6      11                         
 11                              11       9                                      14               6      11                         
 11  11  11  11  11  11  11  11  11       9                                      14               6      11                         
                                          9                                      14               6      11                         
                                          9                                      14               6      11       9   9   9   9   9 
                                          9                                      14               6      11       9               9 
                                          9                       4   4   4   4  -2   1   1   1  -1   2  -2   3  -1   4   4       9 
                                          9                       4              13               7      12       8       4       9 
                                          9                       4       8   8  -1   7   7   7   7      12       8       4       9 
                                          9                       4       8      12                      12       8       4       9 
                                          9                       4       8      12  12  12  12  12  12  12       8       4       9 
                                          9                       4       8                                       8       4       9 
                                          9                       4       8   8   8   8   8   8   8   8   8   8   8       4       9 
                                          9                       4                                                       4       9 
                                          9                       4   4   4   4   4   4   4   4   4   4   4   4   4   4   4       9 
                                          9                                                                                       9 
                                          9   9   9   9   9   9   9   9   9   9   9   9   9   9   9   9   9   9   9   9   9   9   9 
