         16  16  16  16  16  16  16  16  16  16  16  16  16  16  16  16  16  16  16  16  16                         
         16                                                                              16                         
         16      18  18  18  18  18  18  18  18  18  18  18  18  18  18  18              16                         
         16      18                                                      18              16                         
         16      18       9   9   9   9   9   9   9   9   9              18              16                         
         16      18       9                               9              18              16                         
         16      18       9                      19  19  -2  18  18  18  18              16                         
         16      18       9                      19      10                              16                         
         16      18  18  -1  17  17              19  19  -1  20  20                      16                         
         16               8      17                      11      20                      16                         
         16  16  16  16  -2  17  17      21  21  21  21  -2  20  20                      16                         
                          7              21              12                              16                         
  2   2   2   2   2   2  -1   1   1   1  -2   4   4   4  -1   3   3   3   3   3   3   3  -2   2   2   2   2   2   2 
  2                       6              22              13                              15                       2 
  2                       6              22              13                       5   5  -1   6   6   6   6       2 
  2                       6              22              13                       5      14               6       2 
  2                       6              22              13                       5   5  -2  22  22       6       2 
  2                       6              22              13                              13      22       6       2 
  2                       6              22              13  13  13  13  13  13  13  13  13      22       6       2 
  2                       6              22                                                      22       6       2 
  2                       6              22  22  22  22  22  22  22  22  22  22  22  22  22  22  22       6       2 
  2                       6                                                                               6       2 
  2                       6   6   6   6   6   6   6   6   6   6   6   6   6   6   6   6   6   6   6   6   6       2 
  2                                                                                                               2 
  2   2   2   2   2   2   2   2   2   2   2   2   2   2   2   2   2   2   2   2   2   2   2   2   2   2   2   2   2 
