  4   4   4   4   4   4   4   4   4   4   4   4   4   4   4   4   4   4   4   4   4   4   4   4   4 
  4                                                                                               4 
  4      15  15  15  15  15  15  15  15  15  15  15  15  15  15  15  15  15  15  15               4 
  4      15                                                                      15               4 
  4      15      20  20  20  20  20  20  20  20  20  20  20  20  20              15               4 
  4      15      20                                              20              15               4 
  4      15      20       9   9   9   9   9   9   9   9   9      20              15               4 
  4      15      20       9                               9      20              15               4 
  4      15      20       9      21  21  21  21  21  21  -2  20  20              15               4 
  4      15      20       9      21                      10                      15               4 
  4      15      20       9      21              16  16  -1  15  15  15  15  15  15               4 
  4      15      20       9      21              16      11                                       4 
  4   4  -1   3  -2   2  -1   1  -2   6   6   6  -1   5  -2   4   4   4   4   4   4   4   4   4   4 
         14      19       8      22              17      12                                         
         14      19       8      22      17  17  17      12                                         
         14      19       8      22      17              12                                         
         14      19       8      22      17      13  13  -1  14  14  14  14  14  14  14  14         
         14      19       8      22      17      13       7                              14         
         14      19       8      22      17  17  -1  18  -2  19  19  19  19              14         
         14      19       8      22              22       8              19              14         
         14      19       8      22  22  22  22  22       8              19              14         
         14      19       8                               8              19              14         
         14      19       8   8   8   8   8   8   8   8   8              19              14         
         14      19                                                      19              14         
         14      19  19  19  19  19  19  19  19  19  19  19  19  19  19  19              14         
         14                                                                              14         
         14  14  14  14  14  14  14  14  14  14  14  14  14  14  14  14  14  14  14  14  14         
