                                                 11  11  11  11  11  11  11  11  11  11  11  11  11  11  11  11  11  11  11  11  11 
                                                 11                                                                              11 
                                                 11      21  21  21  21  21  21  21  21  21  21  21  21  21  21  21  21  21      11 
                                                 11      21                                                              21      11 
                                                 11      21      14  14  14  14  14  14  14  14  14  14  14  14  14      21      11 
                                                 11      21      14                                              14      21      11 
                                                 11      21      14                      20  20  20  20  20      14      21      11 
                                                 11      21      14                      20              20      14      21      11 
                                                 11      21      14              12  12  -2  13  13  13  -1  14  14      21      11 
                                                 11      21      14              12      19              21              21      11 
                                                 11      21      14              12      19              21  21  21  21  21      11 
                                                 11      21      14              12      19                                      11 
                          9   9   9   9   9      11      21      14              12      19                                      11 
                          9               9      11      21      14              12      19                                      11 
 15  15  15  15  15  15  -1  16  16       9      11      21      14              12  12  -1  11  11  11  11  11  11  11  11  11  11 
 15                       8      16       9      11      21      14                      18                                         
 15      17  17  17  17  -2  16  16       9      11      21  21  -1  22  22  22  22  22  -2  15  15                                 
 15      17               7               9      11               5                      17      15                                 
 15      17       2   2  -1   1   1   1  -2   4  -1   3   3   3  -2   2   2              17      15                                 
 15      17       2       6              10      10               6       2              17      15                                 
 15      17       2       6              10  10  10               6       2              17      15                                 
 15      17       2       6                                       6       2              17      15                                 
 15      17       2       6   6   6   6   6   6   6   6   6   6   6       2              17      15                                 
 15      17       2                                                       2              17      15                                 
 15      17       2   2   2   2   2   2   2   2   2   2   2   2   2   2   2              17      15                                 
 15      17                                                                              17      15                                 
 15      17  17  17  17  17  17  17  17  17  17  17  17  17  17  17  17  17  17  17  17  17      15                                 
 15                                                                                              15                                 
 15  15  15  15  15  15  15  15  15  15  15  15  15  15  15  15  15  15  15  15  15  15  15  15  15                                 
