                          1   1   1   1   1   1   1   1   1   1   1   1   1   1   1   1   1   1   1   1   1   1   1   1   1   1   1 
                          1                                                                                                       1 
                          1       3   3   3   3   3   3   3   3   3   3   3   3   3   3   3   3   3   3   3   3   3   3   3       1 
                          1       3                                                                                       3       1 
                          1       3      15  15  15  15  15  15  15  15  15  15  15  15  15  15  15  15  15  15  15       3       1 
                          1       3      15                                                                      15       3       1 
                          1       3      15       9   9   9   9   9   9   9   9   9   9   9   9   9   9   9      15       3       1 
                          1       3      15       9                                                       9      15       3       1 
                          1       3      15       9      18  18  18  18  18  18  18  18  18  18  18       9      15       3       1 
                          1       3      15       9      18                                      18       9      15       3       1 
                          1       3      15       9      18                      10  10  10      18       9      15       3       1 
                          1       3      15       9      18                      10      10      18       9      15       3       1 
 17  17  17  17  17       1       3      15       9      18                      10      10      18       9      15       3       1 
 17              17       1       3      15       9      18                      10      10      18       9      15       3       1 
 17       8   8  -1   7  -2   6  -1   5  -2  22  -1  21  -2  20  20  20  20  20  -1  19  -2  18  18       9      15       3       1 
 17       8      16       2       2      16       8      17                      11       9               9      15       3       1 
 17       8      16       2       2      16       8      17                      11       9   9   9   9   9      15       3       1 
 17       8      16       2       2      16       8      17                      11                              15       3       1 
 17       8      16       2   2   2      16       8      17                      11                              15       3       1 
 17       8      16                      16       8      17                      11                              15       3       1 
 17       8      16  16  16  16  16  16  16       8      17                      11                              15       3       1 
 17       8                                       8      17                      11                              15       3       1 
 17       8   8   8   8   8   8   8   8   8   8   8      17                      11                              15       3       1 
 17                                                      17                      11                              15       3       1 
 17  17  17  17  17  17  17  17  17  17  17  17  17  17  17                      11                              15       3       1 
                                                                                 11                              15       3       1 
                                                                 14  14  14  14  -2  15  15  15  15  15  15  15  15       3       1 
                                                                 14              12                                       3       1 
                                                                 14       4   4  -1   3   3   3   3   3   3   3   3   3   3       1 
                                                                 14       4      13                                               1 
                                                                 14       4   4  -2   1   1   1   1   1   1   1   1   1   1   1   1 
                                                                 14              14                                                 
                                                                 14  14  14  14  14                                                 
