  3   3   3   3   3   3   3   3   3   3   3   3   3   3   3   3   3   3   3   3   3   3   3   3   3   3   3 
  3                                                                                                       3 
  3                                                                              10  10  10               3 
  3                                                                              10      10               3 
  3      12  12  12  12  12  12  12  12  12  12  12  12  12  12  12  12  12      10      10               3 
  3      12                                                              12      10      10               3 
  3      12      14  14  14  14  14  14  14                              12      10      10               3 
  3      12      14                      14                              12      10      10               3 
  3      12      14                      14              18  18  18      12      10      10               3 
  3      12      14                      14              18      18      12      10      10               3 
  3   3  -1   4  -2   5   5   5   5   5  -1   6   6   6  -2   7  -1   8  -2   1  -1   2  -2   3   3   3   3 
         13      13                      15              17      19      11      11       9                 
         13  13  13                      15              17      19      11      11       9                 
                                         15              17      19      11      11       9                 
                                         15              17      19      11  11  11       9                 
                                         15              17      19                       9                 
                         20  20  20  20  -2  21  21      17      19  19  19  19  19  19  -1  20  20         
                         20              16      21      17                              22      20         
                         20      22  22  -1  21  21      17                              22      20         
                         20      22      17              17                              22      20         
                         20      22      17  17  17  17  17                              22      20         
                         20      22                                                      22      20         
                         20      22  22  22  22  22  22  22  22  22  22  22  22  22  22  22      20         
                         20                                                                      20         
                         20  20  20  20  20  20  20  20  20  20  20  20  20  20  20  20  20  20  20         
