 10  10  10  10  10  10  10  10  10  10  10  10  10  10  10  10  10                                 
 10                                                              10                                 
 10                      14  14  14  14  14  14  14  14  14      10                                 
 10                      14                              14      10                                 
 10                      14       1   1   1   1   1      14      10                                 
 10                      14       1               1      14      10                                 
 10                      14       1      12  12  -1  11  -2  10  10                                 
 10                      14       1      12       4      13                                         
 10                      14       1      12  12  -2  13  13                                         
 10                      14       1               3                                                 
 10                      14       1               3      16  16  16  16  16                         
 10                      14       1               3      16              16                         
 10                      14       1               3      16              16      18  18  18  18  18 
 10                      14       1               3      16              16      18              18 
 10      19  19  19      14       1               3      16              16      18              18 
 10      19      19      14       1               3      16              16      18              18 
 10  10  -1   9  -2   8  -1   7  -2   6   6   6  -1   5  -2  22  22  22  -1  21  -2  20  20      18 
         18      20      15       2               2      15              17      17      20      18 
         18      20      15       2               2      15              17  17  17      20      18 
         18      20      15       2               2      15                              20      18 
         18      20      15       2   2   2   2   2      15                              20      18 
         18      20      15                              15                              20      18 
         18      20      15  15  15  15  15  15  15  15  15                              20      18 
         18      20                                                                      20      18 
         18      20  20  20  20  20  20  20  20  20  20  20  20  20  20  20  20  20  20  20      18 
         18                                                                                      18 
         18  18  18  18  18  18  18  18  18  18  18  18  18  18  18  18  18  18  18  18  18  18  18 
