                                                  4   4   4   4   4   4   4   4   4   4   4   4   4   4   4   4   4 
                                                  4                                                               4 
                                                  4      11  11  11  11  11  11  11  11  11  11  11  11  11       4 
                                                  4      11                                              11       4 
                                                  4      11      13  13  13  13  13  13  13  13  13      11       4 
                                                  4      11      13                              13      11       4 
                                                  4      11      13       6   6   6   6   6      13      11       4 
                                                  4      11      13       6               6      13      11       4 
                                                  4      11      13  13  -2  12  12       6      13      11       4 
                                                  4      11               5      12       6      13      11       4 
                                                  4      11  11  11  11  -1  12  12       6      13      11       4 
                                                  4                      18               6      13      11       4 
                                                  4   4   4   4   4   4  -2   1   1   1  -1   2  -2   3  -1   4   4 
                                                                         17               7      14      10         
                         20  20  20  20  20                              17               7      14      10         
                         20              20                              17               7      14      10         
 10  10  10  10  10  10  -1   9   9   9  -2   8   8   8   8   8   8   8  -1   7   7   7   7      14      10         
 10                      21              19                              16                      14      10         
 10      14  14  14  14  -2  15  15      19                              16                      14      10         
 10      14              22      15      19                              16                      14      10         
 10      14      16  16  -1  15  15      19                              16                      14      10         
 10      14      16      19              19                              16                      14      10         
 10      14      16      19  19  19  19  19                              16                      14      10         
 10      14      16                                                      16                      14      10         
 10      14      16  16  16  16  16  16  16  16  16  16  16  16  16  16  16                      14      10         
 10      14                                                                                      14      10         
 10      14  14  14  14  14  14  14  14  14  14  14  14  14  14  14  14  14  14  14  14  14  14  14      10         
 10                                                                                                      10         
 10  10  10  10  10  10  10  10  10  10  10  10  10  10  10  10  10  10  10  10  10  10  10  10  10  10  10         
