  3   3   3   3   3   3   3   3   3   3   3   3   3   3   3   3   3   3   3   3   3   3   3   3   3                         
  3                                                                                               3                         
  3      17  17  17  17  17  17  17  17  17  17  17  17  17  17  17  17  17  17  17  17  17       3                         
  3      17                                                                              17       3                         
  3      17              19  19  19  19  19  19  19  19  19                              17       3                         
  3      17              19                              19                              17       3                         
  3      17      22  22  -1  21  21  21  21  21  21      19                              17       3                         
  3      17      22      18                      21      19                              17       3                         
  3      17      22      18       2   2   2      21      19                              17       3                         
  3      17      22      18       2       2      21      19                              17       3                         
  3      17      22      18       2       2      21      19       7   7   7   7   7      17       3                         
  3      17      22      18       2       2      21      19       7               7      17       3                         
  3      17      22  22  -2  11  -1  12  -2  13  -1  14  -2  15  -1  16  16  16  -2  17  17       3                         
  3      17              17       3       1      20      20       6               8               3                         
  3      17              17       3       1      20  20  20       6               8               3                         
  3      17              17       3       1                       6               8               3                         
  3      17  17  17  17  17       3       1                       6               8               3                         
  3                               3       1                       6               8               3                         
  3   3   3   3   3   3   3   3   3       1                       6               8               3                         
                                          1                       6               8               3                         
                                          1                       6       4   4  -1   3   3   3   3                         
                                          1                       6       4       9                                         
                                          1                       6       4       9                       1   1   1   1   1 
                                          1                       6       4       9                       1               1 
                                          1                       6       4   4  -2   5   5   5   5   5  -1   6   6       1 
                                          1                       6              10                      10       6       1 
                                          1                       6              10  10  10  10  10  10  10       6       1 
                                          1                       6                                               6       1 
                                          1                       6   6   6   6   6   6   6   6   6   6   6   6   6       1 
                                          1                                                                               1 
                                          1   1   1   1   1   1   1   1   1   1   1   1   1   1   1   1   1   1   1   1   1 
