         17  17  17  17  17  17  17  17  17  17  17  17  17  17  17  17  17  17  17  17  17         
         17                                                                              17         
         17       9   9   9   9   9   9   9   9   9   9   9   9   9   9   9   9   9      17         
         17       9                                                               9      17         
         17       9      13  13  13  13  13  13  13  13  13  13  13  13  13       9      17         
         17       9      13                                              13       9      17         
         17       9      13                      19  19  19  19  19      13       9      17         
         17       9      13                      19              19      13       9      17         
         17       9      13                      19      21  21  -1  22  -2   9   9      17         
         17       9      13                      19      21      18      14              17         
         17       9      13                      19      21      18  18  -1  17  17  17  17         
         17       9      13                      19      21              15                         
         17       9      13                      19      21  21  21      15                         
         17       9      13                      19              21      15                         
         17       9      13      11  11  11      19              21      15                         
         17       9      13      11      11      19              21      15                         
  6   6  -1   5  -2   4  -1   3  -2   2  -1   1  -2   8   8   8  -1   7  -2   6   6   6   6   6   6 
  6      16      10      12      12      10      20              20      16                       6 
  6      16      10      12      12      10      20  20  20  20  20      16                       6 
  6      16      10      12      12      10                              16                       6 
  6      16      10      12  12  12      10                              16                       6 
  6      16      10                      10                              16                       6 
  6      16      10  10  10  10  10  10  10                              16                       6 
  6      16                                                              16                       6 
  6      16  16  16  16  16  16  16  16  16  16  16  16  16  16  16  16  16                       6 
  6                                                                                               6 
  6   6   6   6   6   6   6   6   6   6   6   6   6   6   6   6   6   6   6   6   6   6   6   6   6 
