  5   5   5   5   5   5   5   5   5   5   5   5   5                                                 
  5                                               5                                                 
  5      21  21  21  21  21  21  21  21  21  21  -1  22  22  22  22  22  22  22  22  22  22  22  22 
  5      21                                       4                                              22 
  5      21      15  15  15  15  15  15  15  15  -2  14  14  14  14  14  14  14  14  14  14      22 
  5      21      15                               3                                      14      22 
  5      21      15      12  12  12  12  12  12  -1  11  11  11  11  11  11  11  11      14      22 
  5      21      15      12                       2                              11      14      22 
  5      21      15      12  12  12  12  12  12  -2  13  13  13  13  13  13  13  -1  14  14      22 
  5      21      15                               1                              22              22 
  5      21      15                               1                              22  22  22  22  22 
  5      21      15                               1                                                 
  5      21      15  15  15  15  15  15  15  15  -1  16  16  16  16  16  16                         
  5      21                                      10                      16                         
  5      21  21  21  21  21  21  21  21  21  21  -2  20  20  20  20      16                         
  5                                               9              20      16                         
  5                              17  17  17  17  -1  18  18      20      16                         
  5                              17               8      18      20      16                         
  5                              17      19  19  -2  18  18      20      16                         
  5                              17      19       7              20      16                         
  5                              17      19  19  -1  20  20  20  20      16                         
  5                              17               6                      16                         
  5                              17  17  17  17  -2  16  16  16  16  16  16                         
  5                                               5                                                 
  5   5   5   5   5   5   5   5   5   5   5   5   5                                                 
