         19  19  19  19  19  19  19  19  19  19  19  19  19  19  19  19  19  19  19  19  19  19  19  19  19         
         19                                                                                              19         
         19      17  17  17  17  17  17  17  17  17  17  17  17  17  17  17  17  17  17  17  17  17      19         
         19      17                                                                              17      19         
         19      17      15  15  15  15  15  15  15  15  15  15  15  15  15  15  15  15  15      17      19         
         19      17      15                                                              15      17      19         
         19      17      15                                      20  20  20  20  20      15      17      19         
         19      17      15                                      20              20      15      17      19         
         19      17      15                                      20      16  16  -1  15  15      17      19         
         19      17      15                                      20      16      21              17      19         
         19      17      15                                      20      16  16  -2  17  17  17  17      19         
         19      17      15                                      20              22                      19         
         19      17      15                                      20  20  20  20  -1  19  19  19  19  19  19         
         19      17      15                                                       9                                 
         19      17      15                      11  11  11                       9                                 
         19      17      15                      11      11                       9                                 
         19      17      15      13  13  13      11      11                       9                                 
         19      17      15      13      13      11      11                       9                                 
  8   8  -1   7  -2   6  -1   5  -2   4  -1   3  -2   2  -1   1   1   1   1   1  -2   8   8   8   8   8   8   8   8 
  8      18      18      14      14      12      12      10                      10                               8 
  8      18  18  18      14      14      12      12      10                      10                               8 
  8                      14      14      12      12      10                      10                               8 
  8                      14  14  14      12      12      10                      10                               8 
  8                                      12      12      10                      10                               8 
  8                                      12  12  12      10                      10                               8 
  8                                                      10                      10                               8 
  8                                                      10  10  10  10  10  10  10                               8 
  8                                                                                                               8 
  8   8   8   8   8   8   8   8   8   8   8   8   8   8   8   8   8   8   8   8   8   8   8   8   8   8   8   8   8 
