                         10  10  10  10  10  10  10  10  10  10  10  10  10  10  10  10  10  10  10  10  10 
                         10                                                                              10 
                         10      19  19  19  19  19  19  19  19  19  19  19  19  19                      10 
                         10      19                                              19                      10 
                         10      19      22  22  22  22  22                      19                      10 
                         10      19      22              22                      19                      10 
                         10      19  19  -1  20  20      22                      19                      10 
                         10              13      20      22                      19                      10 
                         10              13      20      22       2   2   2      19                      10 
                         10              13      20      22       2       2      19                      10 
                         10              13      20      22       2       2      19      17  17  17      10 
                         10              13      20      22       2       2      19      17      17      10 
                         10  10  10  10  -2  11  -1  12  -2   5  -1   6  -2   7  -1   8  -2   9  -1  10  10 
                                         14      21      21       3       1      18      18      16         
                                         14      21  21  21       3       1      18      18      16         
                                         14                       3       1      18      18      16         
                                         14                       3       1      18  18  18      16         
                                         14                       3       1                      16         
 16  16  16  16  16                      14                       3       1                      16         
 16              16                      14                       3       1                      16         
 16       1   1  -2   4   4   4   4   4  -1   3   3   3   3   3   3       1                      16         
 16       1      15                      15                               1                      16         
 16       1      15  15  15  15  15  15  15                               1                      16         
 16       1                                                               1                      16         
 16       1   1   1   1   1   1   1   1   1   1   1   1   1   1   1   1   1                      16         
 16                                                                                              16         
 16  16  16  16  16  16  16  16  16  16  16  16  16  16  16  16  16  16  16  16  16  16  16  16  16         
