                          1   1   1   1   1   1   1   1   1   1   1   1   1   1   1   1   1   1   1   1   1   1   1 
                          1                                                                                       1 
                          1       3   3   3   3   3   3   3   3   3   3   3   3   3   3   3   3   3   3   3       1 
                          1       3                                                                       3       1 
                          1       3      15  15  15  15  15  15  15  15  15  15  15                       3       1 
                          1       3      15                                      15                       3       1 
                          1       3      15                               4   4  -1   3   3   3   3   3   3       1 
                          1       3      15                               4      14                               1 
                          1       3      15                               4   4  -2   1   1   1   1   1   1   1   1 
                          1       3      15                                      13                                 
                          1       3      15                      18  18  18  18  -1  17  17  17  17                 
                          1       3      15                      18              22              17                 
 17  17  17  17  17       1       3      15                      18              22              17                 
 17              17       1       3      15                      18              22              17                 
 17              17       1       3      15      20  20  20      18              22              17                 
 17              17       1       3      15      20      20      18              22              17                 
 17       8   8  -1   7  -2   6  -1   5  -2  12  -1  11  -2  10  -1   9   9   9  -2   8   8      17                 
 17       8      16       2       2      16      21      19      19              21       8      17                 
 17       8      16       2       2      16      21      19  19  19              21       8      17                 
 17       8      16       2       2      16      21                              21       8      17                 
 17       8      16       2       2      16      21  21  21  21  21  21  21  21  21       8      17                 
 17       8      16       2       2      16                                               8      17                 
 17       8      16       2   2   2      16                                               8      17                 
 17       8      16                      16                                               8      17                 
 17       8      16  16  16  16  16  16  16                                               8      17                 
 17       8                                                                               8      17                 
 17       8   8   8   8   8   8   8   8   8   8   8   8   8   8   8   8   8   8   8   8   8      17                 
 17                                                                                              17                 
 17  17  17  17  17  17  17  17  17  17  17  17  17  17  17  17  17  17  17  17  17  17  17  17  17                 
