  3   3   3   3   3   3   3   3   3   3   3   3   3   3   3   3   3   3   3   3   3   3   3   3   3   3   3 
  3                                                                                                       3 
  3                                                                              10  10  10               3 
  3                                                                              10      10               3 
  3      12  12  12  12  12  12  12  12  12  12  12  12  12  12  12  12  12      10      10               3 
  3      12                                                              12      10      10               3 
  3      12              19  19  19  19  19  19  19  19  19  19  19      12      10      10               3 
  3      12              19                                      19      12      10      10               3 
  3      12              19                      17  17  17      19      12      10      10               3 
  3      12              19                      17      17      19      12      10      10               3 
  3   3  -1   4   4   4  -2   5   5   5   5   5  -1   6  -2   7  -1   8  -2   1  -1   2  -2   3   3   3   3 
         13              20                      16      18      18      11      11       9                 
         13              20                      16      18  18  18      11      11       9                 
         13              20                      16                      11      11       9                 
         13              20      16  16  16  16  16                      11      11       9                 
         13              20      16                                      11      11       9                 
         13              20      16                                      11  11  11       9                 
         13              20      16                                                       9                 
         13      15  15  -1  16  16      14  14  14  14  14  14  14  14  14  14  14  14  -1  13  13         
         13      15      21              14                                              22      13         
         13      15  15  -2  14  14  14  14                                              22      13         
         13              22                                                              22      13         
         13              22  22  22  22  22  22  22  22  22  22  22  22  22  22  22  22  22      13         
         13                                                                                      13         
         13  13  13  13  13  13  13  13  13  13  13  13  13  13  13  13  13  13  13  13  13  13  13         
