 18  18  18  18  18  18  18  18  18  18  18  18  18  18  18  18  18  18  18  18  18  18  18  18  18                                 
 18                                                                                              18                                 
 18      13  13  13  13  13  13  13  13  13  13  13  13  13  13  13  13  13  13  13  13  13      18                                 
 18      13                                                                              13      18                                 
 18      13      19  19  19  19  19  19  19  19  19  19  19  19  19  19  19  19  19      13      18                                 
 18      13      19                                                              19      13      18                                 
 18      13      19                              10  10  10  10  10  10  10      19      13      18                                 
 18      13      19                              10                      10      19      13      18                                 
 18      13  13  -2  14  14  14  14  14  14  14  -1  15  15  15  15      10      19      13      18                                 
 18              18                               9              15      10      19      13      18                                 
 18  18  18  18  18                               9              15      10      19      13      18                                 
                                                  9              15      10      19      13      18                                 
                         22  22  22  22  22  22  -2  21  21  21  -1  20  -2  19  19      13      18                                 
                         22                       8              16      11              13      18                                 
                         22                       8      16  16  16      11              13      18                                 
                         22                       8      16              11              13      18                                 
                         22                       8      16      11  11  11              13      18                                 
                         22                       8      16      11                      13      18                                 
                         22                       8      16      11      13  13  13  13  13      18                                 
                         22                       8      16      11      13                      18                                 
                         22                       8      16      11      13                      18      22  22  22  22  22  22  22 
                         22                       8      16      11      13                      18      22                      22 
                         22      17  17  17  17  -1  16  16      11      13                      18  18  -2  17  17  17  17      22 
                         22      17               7              11      13                               5              17      22 
                         22      17       2   2  -1   1   1   1  -2   4  -1   3   3   3   3   3   3   3  -2   2   2      17      22 
                         22      17       2       6              12      12                               6       2      17      22 
                         22      17       2       6              12  12  12                               6       2      17      22 
                         22      17       2       6                                                       6       2      17      22 
                         22      17       2       6   6   6   6   6   6   6   6   6   6   6   6   6   6   6       2      17      22 
                         22      17       2                                                                       2      17      22 
                         22      17       2   2   2   2   2   2   2   2   2   2   2   2   2   2   2   2   2   2   2      17      22 
                         22      17                                                                                      17      22 
                         22      17  17  17  17  17  17  17  17  17  17  17  17  17  17  17  17  17  17  17  17  17  17  17      22 
                         22                                                                                                      22 
                         22  22  22  22  22  22  22  22  22  22  22  22  22  22  22  22  22  22  22  22  22  22  22  22  22  22  22 
