                 20  20  20  20  20  20  20  20  20  20  20  20  20  20  20  20  20  20  20  20  20  20  20  20  20  20  20 
                 20                                                                                                      20 
                 20              11  11  11  11  11  11  11                                                              20 
                 20              11                      11                                                              20 
                 20      18  18  -1  17  17  17  17      11                                                              20 
                 20      18      10              17      11                                                              20 
                 20      18  18  -2  19  19      17      11                                                              20 
                 20               9      19      17      11                                                              20 
                 20               9      19      17      11      13  13  13  13  13  13  13  13  13  13  13  13  13      20 
                 20               9      19      17      11      13                                              13      20 
                 20               9      19      17      11      13              21  21  21  21  21  21  21      13      20 
                 20               9      19      17      11      13              21                      21      13      20 
                 20  20  20  20  -1  19  19      17      11      13      15  15  -1  14  14  14  14  14  -2  13  13      20 
                                  8              17      11      13      15      22                      20              20 
                                  8              17      11      13      15      22                      20  20  20  20  20 
                                  8              17      11      13      15      22                                         
 16  16  16  16  16  16  16  16  -2  17  17  17  17      11      13      15  15  -2  16  16  16  16                         
 16                               7                      11      13               5              16                         
 16       2   2   2   2   2   2  -1   1   1   1   1   1  -2   4  -1   3   3   3  -2   2   2      16                         
 16       2                       6                      12      12               6       2      16                         
 16       2                       6                      12  12  12               6       2      16                         
 16       2                       6                                               6       2      16                         
 16       2                       6   6   6   6   6   6   6   6   6   6   6   6   6       2      16                         
 16       2                                                                               2      16                         
 16       2   2   2   2   2   2   2   2   2   2   2   2   2   2   2   2   2   2   2   2   2      16                         
 16                                                                                              16                         
 16  16  16  16  16  16  16  16  16  16  16  16  16  16  16  16  16  16  16  16  16  16  16  16  16                         
