                                          6   6   6   6   6   6   6   6   6   6   6   6   6 
                                          6                                               6 
 15  15  15  15  15  15  15  15  15  15  -1  14  14  14  14  14  14  14  14  14  14       6 
 15                                       5                                      14       6 
 15      22  22  22  22  22  22  22  22  -1  21  21  21  21  21  21  21  21      14       6 
 15      22                               4                              21      14       6 
 15      22              12  12  12  12  -2  13  13  13  13  13  13      21      14       6 
 15      22              12               3                      13      21      14       6 
 15      22              12  12  12  12  -1  11  11  11  11      13      21      14       6 
 15      22                               2              11      13      21      14       6 
 15      22      10  10  10  10  10  10  -2  11  11  11  11      13      21      14       6 
 15      22      10                       1                      13      21      14       6 
 15      22      10              19  19  -2  20  20  20  20  20  -1  21  21      14       6 
 15      22      10              19       8                      14              14       6 
 15      22      10              19       8                      14  14  14  14  14       6 
 15      22      10              19       8                                               6 
 15      22      10              19  19  -1  18  18                                       6 
 15      22      10                       7      18                                       6 
 15  15  -1  16  -2  17  17  17  17  17  -2  18  18                                       6 
          9       9                       6                                               6 
          9   9   9                       6                                               6 
                                          6                                               6 
                                          6   6   6   6   6   6   6   6   6   6   6   6   6 
