                                                 11  11  11  11  11  11  11  11  11  11  11  11  11  11  11  11  11  11  11  11  11 
                                                 11                                                                              11 
                                                 11      18  18  18  18  18  18  18  18  18  18  18  18  18  18  18  18  18      11 
                                                 11      18                                                              18      11 
                                                 11      18      21  21  21  21  21  21  21  21  21  21  21  21  21      18      11 
                                                 11      18      21                                              21      18      11 
                                                 11      18      21      13  13  13  13  13  13  13  13  13      21      18      11 
                                                 11      18      21      13                              13      21      18      11 
                                                 11      18      21      13                      22  22  -2  21  21      18      11 
                                                 11      18      21      13                      22      12              18      11 
                          9   9   9   9   9      11      18      21      13                      22      12              18      11 
                          9               9      11      18      21      13                      22      12              18      11 
 15  15  15  15  15  15  -1  16  16       9      11      18      21  21  -1  20  20  20  20  20  -2  19  -1  18  18  18  18      11 
 15                       8      16       9      11      18              14                      15      11                      11 
 15                       8      16       9      11      18              14                      15      11  11  11  11  11  11  11 
 15                       8      16       9      11      18              14                      15                                 
 15      17  17  17  17  -2  16  16       9      11      18  18  18  18  -2  17  17  17  17      15                                 
 15      17               7               9      11                       5              17      15                                 
 15      17       2   2  -1   1   1   1  -2   4  -1   3   3   3   3   3  -2   2   2      17      15                                 
 15      17       2       6              10      10                       6       2      17      15                                 
 15      17       2       6              10  10  10                       6       2      17      15                                 
 15      17       2       6                                               6       2      17      15                                 
 15      17       2       6   6   6   6   6   6   6   6   6   6   6   6   6       2      17      15                                 
 15      17       2                                                               2      17      15                                 
 15      17       2   2   2   2   2   2   2   2   2   2   2   2   2   2   2   2   2      17      15                                 
 15      17                                                                              17      15                                 
 15      17  17  17  17  17  17  17  17  17  17  17  17  17  17  17  17  17  17  17  17  17      15                                 
 15                                                                                              15                                 
 15  15  15  15  15  15  15  15  15  15  15  15  15  15  15  15  15  15  15  15  15  15  15  15  15                                 
