 19  19  19  19  19  19  19  19  19  19  19  19  19  19  19  19  19  19  19  19  19  19  19  19  19  19  19                         
 19                                                                                                      19                         
 19       6   6   6   6   6   6   6   6   6   6   6   6   6   6   6   6   6   6   6   6   6   6   6      19                         
 19       6                                                                                       6      19                         
 19       6      12  12  12  12  12  12  12  12  12  12  12  12  12  12  12  12  12  12  12       6      19                         
 19       6      12                                                                      12       6      19                         
 19       6      12       5   5   5   5   5   5   5   5   5   5   5   5   5   5   5      12       6      19                         
 19       6      12       5                                                       5      12       6      19                         
 19       6      12       5      18  18  18  18  18                               5      12       6      19                         
 19       6      12       5      18              18                               5      12       6      19                         
 19       6      12  12  -1  13  -2  14  14  14  -1  15  15                       5      12       6      19                         
 19       6               6      19              17      15                       5      12       6      19                         
 19       6   6   6   6   6      19              17      15                       5      12       6      19                         
 19                              19              17      15                       5      12       6      19                         
 19  19  19  19  19  19  19  19  19              17      15                       5      12       6      19                         
                                                 17      15                       5      12       6      19                         
                                          9   9  -2  10  -1  11  11  11  11  11  -2  12  12       6      19                         
                                          9      16      16                      22               6      19                         
                                          9      16  16  16                      22               6      19                         
                                          9                                      22               6      19                         
                                          9                                      22               6      19       9   9   9   9   9 
                                          9                                      22               6      19       9               9 
                                          9                       4   4   4   4  -2   1   1   1  -1   2  -2   3  -1   4   4       9 
                                          9                       4              21               7      20       8       4       9 
                                          9                       4       8   8  -1   7   7   7   7      20       8       4       9 
                                          9                       4       8      20                      20       8       4       9 
                                          9                       4       8      20  20  20  20  20  20  20       8       4       9 
                                          9                       4       8                                       8       4       9 
                                          9                       4       8   8   8   8   8   8   8   8   8   8   8       4       9 
                                          9                       4                                                       4       9 
                                          9                       4   4   4   4   4   4   4   4   4   4   4   4   4   4   4       9 
                                          9                                                                                       9 
                                          9   9   9   9   9   9   9   9   9   9   9   9   9   9   9   9   9   9   9   9   9   9   9 
