 17  17  17  17  17  17  17  17  17  17  17  17  17  17  17  17  17  17  17  17  17  17  17  17  17                         
 17                                                                                              17                         
 17      11  11  11  11  11  11  11  11  11  11  11  11  11  11  11  11  11  11  11  11  11      17                         
 17      11                                                                              11      17                         
 17      11      20  20  20  20  20  20  20  20  20  20  20  20  20  20  20  20  20      11      17                         
 17      11      20                                                              20      11      17                         
 17      11      20      12  12  12  12  12  12  12  12  12                      20      11      17                         
 17      11      20      12                              12                      20      11      17                         
 17      11      20      12      16  16  16              12                      20      11      17                         
 17      11      20      12      16      16              12                      20      11      17                         
 17      11      20  20  -2  21  -1  22  -2   7   7   7  -1   8   8   8   8      20      11      17                         
 17      11              11      17      15              13               8      20      11      17                         
 17      11  11  11  11  11      17      15              13               8      20      11      17                         
 17                              17      15              13               8      20      11      17                         
 17  17  17  17  17  17  17  17  17      15              13               8      20      11      17                         
                                         15              13               8      20      11      17                         
                                         15              13               8      20      11      17      15  15  15  15  15 
                                         15              13               8      20      11      17      15              15 
                                         15       6   6  -2   1   1   1  -1   2  -1   3  -2   4  -2   5  -1   6   6      15 
                                         15       6      14               9      19      10      18      14       6      15 
                                         15       6      14      18  18  -1  19  19      10      18      14       6      15 
                                         15       6      14      18      10              10      18      14       6      15 
                                         15       6      14      18      10  10  10  10  10      18      14       6      15 
                                         15       6      14      18                              18      14       6      15 
                                         15       6      14      18  18  18  18  18  18  18  18  18      14       6      15 
                                         15       6      14                                              14       6      15 
                                         15       6      14  14  14  14  14  14  14  14  14  14  14  14  14       6      15 
                                         15       6                                                               6      15 
                                         15       6   6   6   6   6   6   6   6   6   6   6   6   6   6   6   6   6      15 
                                         15                                                                              15 
                                         15  15  15  15  15  15  15  15  15  15  15  15  15  15  15  15  15  15  15  15  15 
