 20  20  20  20  20  20  20  20  20  20  20  20  20  20  20  20  20  20  20  20  20                                 
 20                                                                              20                                 
 20                                      14  14  14  14  14  14  14  14  14      20                                 
 20                                      14                              14      20                                 
 20                                      14       1   1   1   1   1      14      20                                 
 20                                      14       1               1      14      20                                 
 20      16  16  16  16  16  16  16      14       1               1      14      20                                 
 20      16                      16      14       1               1      14      20                                 
 20      16       5   5   5   5  -2   8  -1   7  -2   6   6       1      14      20                                 
 20      16       5              15      15       2       6       1      14      20                                 
 20      16       5              15  15  15       2       6       1      14      20                                 
 20      16       5                               2       6       1      14      20                                 
 20      16       5   5   5   5   5   5   5   5  -1   6   6       1      14  14  -2  13  13  13  13  13  13  13  13 
 20      16                                       3               1              21                              13 
 20      16  16  16  16  16  16  16  16  16       3               1              21                              13 
 20                                      16       3               1              21                              13 
 20  20  20  20  20  20  20  20  20      16       3               1              21                              13 
                                 20      16       3               1              21                              13 
                                 20      16       3               1              21      19  19  19  19  19      13 
                                 20      16       3               1              21      19              19      13 
                         13  13  -1  12  -1  11  -2  10  10  10  -1   9   9   9  -2  18  -1  17  17      19      13 
                         13      19      17       4               4              22      22      17      19      13 
                         13      19      17       4               4              22  22  22      17      19      13 
                         13      19      17       4               4                              17      19      13 
                         13      19      17       4   4   4   4   4                              17      19      13 
                         13      19      17                                                      17      19      13 
                         13      19      17  17  17  17  17  17  17  17  17  17  17  17  17  17  17      19      13 
                         13      19                                                                      19      13 
                         13      19  19  19  19  19  19  19  19  19  19  19  19  19  19  19  19  19  19  19      13 
                         13                                                                                      13 
                         13  13  13  13  13  13  13  13  13  13  13  13  13  13  13  13  13  13  13  13  13  13  13 
