          9   9   9   9   9   9   9   9   9   9   9   9   9   9   9   9   9   9   9   9   9   9   9 
          9                                                                                       9 
          9      18  18  18  18  18  18  18  18  18  18  18  18  18  18  18  18  18  18  18       9 
          9      18                                                                      18       9 
          9      18                                      16  16  16  16  16  16  16      18       9 
          9      18                                      16                      16      18       9 
          9      18                                      16       2   2   2      16      18       9 
          9      18                                      16       2       2      16      18       9 
          9      18      12  12  12                      16       2       2      16      18       9 
          9      18      12      12                      16       2       2      16      18       9 
          9      18      12      12      14  14  14      16       2       2      16      18       9 
          9      18      12      12      14      14      16       2       2      16      18       9 
          9      18  18  -1  19  -2  20  -1  21  -2  22  -1   5  -1   6  -2   7  -2   8  -1   9   9 
          9              11      13      13      15      15       3       1      17      17         
          9              11      13      13      15      15       3       1      17  17  17         
          9              11      13      13      15      15       3       1                         
          9              11      13      13      15  15  15       3       1                         
          9              11      13      13                       3       1                         
          9              11      13  13  13                       3       1                         
          9              11                                       3       1                         
  1   1  -2   4   4   4  -1   3   3   3   3   3   3   3   3   3   3       1                         
  1      10              10                                               1                         
  1      10  10  10  10  10                                               1                         
  1                                                                       1                         
  1   1   1   1   1   1   1   1   1   1   1   1   1   1   1   1   1   1   1                         
