  7   7   7   7   7   7   7   7   7   7   7   7   7   7   7   7   7   7   7   7   7                                                                         
  7                                                                               7                                                                         
  7       9   9   9   9   9   9   9   9   9   9   9   9   9   9   9   9   9       7                                                                         
  7       9                                                               9       7                                                                         
  7       9       4   4   4   4   4   4   4   4   4   4   4   4   4       9       7                                                                         
  7       9       4                                               4       9       7                                                                         
  7       9       4      10  10  10  10  10  10  10  10  10       4       9       7                                                                         
  7       9       4      10                              10       4       9       7                                                                         
  7       9       4      10       6   6   6              10       4       9       7                                                                         
  7       9       4      10       6       6              10       4       9       7                                                                         
  7       9       4   4  -1   1  -1   2  -2   3   3   3  -2   4   4       9       7                                                                         
  7       9               9       7       5              11               9       7                                                                         
  7       9   9   9   9   9       7       5              11               9       7                                                                         
  7                               7       5              11               9       7                                                                         
  7   7   7   7   7   7   7   7   7       5              11               9       7                                                                         
                                          5              11               9       7                                                                         
                                          5              11               9       7       5   5   5   5   5   5   5   5   5   5   5   5   5   5   5   5   5 
                                          5              11               9       7       5                                                               5 
                                          5              11               9       7       5      19  19  19  19  19  19  19  19  19  19  19  19  19       5 
                                          5              11               9       7       5      19                                              19       5 
                                          5              11               9       7       5      19      12  12  12  12  12  12  12  12  12      19       5 
                                          5              11               9       7       5      19      12                              12      19       5 
                                          5              11               9       7       5      19      12      14  14  14  14  14      12      19       5 
                                          5              11               9       7       5      19      12      14              14      12      19       5 
                                          5      19  19  -2  18  18  18  -1  17  -1  16  -2  15  -2  22  -1  21  -2  20  20      14      12      19       5 
                                          5      19      12              14       8       8      20      13      13      20      14      12      19       5 
                                          5      19      12              14       8       8      20      13  13  13      20      14      12      19       5 
                                          5      19      12              14       8       8      20                      20      14      12      19       5 
                                          5      19      12              14       8       8      20  20  20  20  20  20  20      14      12      19       5 
                                          5      19      12              14       8       8                                      14      12      19       5 
                                          5      19      12              14       8   8   8                                      14      12      19       5 
                                          5      19      12              14                                                      14      12      19       5 
                                          5      19      12              14  14  14  14  14  14  14  14  14  14  14  14  14  14  14      12      19       5 
                                          5      19      12                                                                              12      19       5 
                                          5      19      12  12  12  12  12  12  12  12  12  12  12  12  12  12  12  12  12  12  12  12  12      19       5 
                                          5      19                                                                                              19       5 
                                          5      19  19  19  19  19  19  19  19  19  19  19  19  19  19  19  19  19  19  19  19  19  19  19  19  19       5 
                                          5                                                                                                               5 
                                          5   5   5   5   5   5   5   5   5   5   5   5   5   5   5   5   5   5   5   5   5   5   5   5   5   5   5   5   5 
