         18  18  18  18  18  18  18  18  18  18  18  18  18  18  18  18  18  18  18         
         18                                                                      18         
         18      20  20  20  20  20  20  20  20  20  20  20                      18         
         18      20                                      20                      18         
         18      20       3   3   3   3   3   3   3      20                      18         
         18      20       3                       3      20                      18         
         18      20       3      10  10  10  10  -1   9  -2   8   8   8   8   8  -1   7   7 
         18      20       3      10               2      19                      19       7 
         18      20       3      10               2      19  19  19  19  19  19  19       7 
         18      20       3      10               2                                       7 
         18      20       3      10       6   6  -2   7   7   7   7   7   7   7   7   7   7 
         18      20       3      10       6       1                                         
         18      20       3      10       6       1      22  22  22  22  22                 
         18      20       3      10       6       1      22              22                 
 22  22  -1  11  -2  12  -2  13  -1  14  -2  15  -1  16  -1  17  17      22                 
 22      17      21       4       5       5       4      21      17      22                 
 22      17      21       4       5   5   5       4      21      17      22                 
 22      17      21       4                       4      21      17      22                 
 22      17      21       4   4   4   4   4   4   4      21      17      22                 
 22      17      21                                      21      17      22                 
 22      17      21  21  21  21  21  21  21  21  21  21  21      17      22                 
 22      17                                                      17      22                 
 22      17  17  17  17  17  17  17  17  17  17  17  17  17  17  17      22                 
 22                                                                      22                 
 22  22  22  22  22  22  22  22  22  22  22  22  22  22  22  22  22  22  22                 
