  5   5   5   5   5   5   5   5   5   5   5   5   5   5   5   5   5   5   5   5   5   5   5   5   5 
  5                                                                                               5 
  5      14  14  14  14  14  14  14  14  14  14  14  14  14  14  14  14  14  14  14               5 
  5      14                                                                      14               5 
  5      14                              18  18  18  18  18  18  18  18  18      14               5 
  5      14                              18                              18      14               5 
  5      14                              18       9   9   9   9   9      18      14               5 
  5      14                              18       9               9      18      14               5 
  5      14      12  12  12  12  12      18       9               9      18      14               5 
  5      14      12              12      18       9               9      18      14               5 
  5      14      12      19  19  -2  18  18       9      17  17  -1  18  18      14               5 
  5      14      12      19      11               9      17      22              14               5 
  5   5  -1   4  -2   3  -2   2  -1   1   1   1  -2   8  -1   7  -1   6   6   6  -2   5   5   5   5 
         13      13      20      10              10      16      21              15                 
         13  13  13      20      10              10      16      21              15                 
                         20      10              10      16      21              15                 
                         20      10  10  10  10  10      16      21              15                 
                         20                              16      21              15                 
                         20                              16      21  21  21  21  -1  20  20         
                         20                              16                      16      20         
                         20                              16  16  16  16  16  16  16      20         
                         20                                                              20         
                         20  20  20  20  20  20  20  20  20  20  20  20  20  20  20  20  20         
