  9   9   9   9   9   9   9   9   9   9   9   9   9   9   9   9   9   9   9   9   9   9   9   9   9 
  9                                                                                               9 
  9                       1   1   1   1   1   1   1   1   1   1   1   1   1   1   1   1   1       9 
  9                       1                                                               1       9 
  9                       1       3   3   3   3   3   3   3   3   3   3   3   3   3       1       9 
  9                       1       3                                               3       1       9 
  9      16  16  16       1       3                                               3       1       9 
  9      16      16       1       3                                               3       1       9 
  9      16      16       1       3      18  18  18  18  18  18  18               3       1       9 
  9      16      16       1       3      18                      18               3       1       9 
  9      16      16       1       3      18      21  21  21      18               3       1       9 
  9      16      16       1       3      18      21      21      18               3       1       9 
  9   9  -1   8  -2   7  -2   6  -1   5  -1  14  -2  13  -1  12  -2  11  11  11  -2  10  -1   9   9 
         15      17       2       2      17      20      22      19               4       4         
         15      17       2       2      17      20      22      19               4   4   4         
         15      17       2       2      17      20      22      19                                 
         15      17       2   2   2      17      20      22      19                                 
         15      17                      17      20      22      19                                 
         15      17  17  17  17  17  17  17      20      22      19                                 
         15                                      20      22      19                                 
         15                                      20      22  22  -1  15  15                         
         15                                      20              20      15                         
         15                                      20  20  20  20  20      15                         
         15                                                              15                         
         15  15  15  15  15  15  15  15  15  15  15  15  15  15  15  15  15                         
