                 20  20  20  20  20  20  20  20  20  20  20  20  20  20  20  20  20  20  20  20  20  20  20  20  20 
                 20                                                                                              20 
                 20      11  11  11  11  11  11  11                                                              20 
                 20      11                      11                                                              20 
                 20      11                      11      13  13  13  13  13  13  13  13  13  13  13  13  13      20 
                 20      11                      11      13                                              13      20 
                 20      11                      11      13              21  21  21  21  21  21  21      13      20 
                 20      11                      11      13              21                      21      13      20 
                 20  20  -1  19  19  19  19      11      13      15  15  -1  14  14  14  14  14  -2  13  13      20 
                         10              19      11      13      15      22                      20              20 
                         10              19      11      13      15      22                      20  20  20  20  20 
                         10              19      11      13      15      22                                         
 16  16  16  16  16  16  -2  17  17      19      11      13      15  15  -2  16  16  16  16                         
 16                       9      17      19      11      13               7              16                         
 16       2   2   2   2  -1   1  -2   6  -1   5  -2   4  -1   3   3   3  -2   2   2      16                         
 16       2               8      18      18      12      12               8       2      16                         
 16       2               8      18  18  18      12      12               8       2      16                         
 16       2               8                      12      12               8       2      16                         
 16       2               8                      12  12  12               8       2      16                         
 16       2               8                                               8       2      16                         
 16       2               8   8   8   8   8   8   8   8   8   8   8   8   8       2      16                         
 16       2                                                                       2      16                         
 16       2   2   2   2   2   2   2   2   2   2   2   2   2   2   2   2   2   2   2      16                         
 16                                                                                      16                         
 16  16  16  16  16  16  16  16  16  16  16  16  16  16  16  16  16  16  16  16  16  16  16                         
