  7   7   7   7   7   7   7   7   7   7   7   7   7   7   7   7   7   7   7   7   7                         
  7                                                                               7                         
  7                       4   4   4   4   4   4   4   4   4   4   4   4   4       7                         
  7                       4                                               4       7                         
  7                       4               2   2   2   2   2   2   2       4       7                         
  7                       4               2                       2       4       7                         
  7                       4               2                       2       4       7      19  19  19         
  7                       4               2                       2       4       7      19      19         
  7                       4               2      21  21  21       2       4       7      19      19         
  7                       4               2      21      21       2       4       7      19      19         
  7   7   7   7   7   7  -1   8   8   8  -2   9  -2  10  -1  11  -1  12  -2  13  -1  14  -2  15  -1  16  16 
                          5               1      20      22       3       3      22      20      18      16 
                          5               1      20      22       3   3   3      22      20      18      16 
                          5               1      20      22                      22      20      18      16 
                          5               1      20      22  22  22  22  22  22  22      20      18      16 
                          5               1      20                                      20      18      16 
                          5               1      20  20  20  20  20  20  20  20  20  20  20      18      16 
                          5               1                                                      18      16 
         16  16  16  16  -2  17  17       1                                                      18      16 
         16               6      17       1                                                      18      16 
         16      18  18  -1  17  17       1                                                      18      16 
         16      18       1               1                                                      18      16 
         16      18       1   1   1   1   1                                                      18      16 
         16      18                                                                              18      16 
         16      18  18  18  18  18  18  18  18  18  18  18  18  18  18  18  18  18  18  18  18  18      16 
         16                                                                                              16 
         16  16  16  16  16  16  16  16  16  16  16  16  16  16  16  16  16  16  16  16  16  16  16  16  16 
