         13  13  13  13  13  13  13  13  13  13  13  13  13  13  13  13  13  13  13  13  13  13  13                         
         13                                                                                      13                         
         13       6   6   6   6   6   6   6   6   6   6   6   6   6   6   6   6   6   6   6      13                         
         13       6                                                                       6      13                         
         13       6      10  10  10  10  10  10  10  10  10  10  10  10  10  10  10       6      13                         
         13       6      10                                                      10       6      13                         
         13       6   6  -2   5   5   5   5   5   5   5   5   5   5   5   5      10       6      13                         
         13              11                                               5      10       6      13                         
         13              11      18  18  18  18  18  18  18  18  18       5      10       6      13                         
         13              11      18                              18       5      10       6      13                         
 19  19  -2  20  20  20  -1  21  -2  22  22  22  22  22  22  22  -1   5   5      10       6      13                         
 19      12              12      19                              17              10       6      13                         
 19      12  12  12  12  12      19                              17              10       6      13                         
 19                              19                              17              10       6      13                         
 19  19  19  19  19  19  19  19  19                              17              10       6      13                         
                                                                 17              10       6      13                         
                                          9   9   9   9   9   9  -2  10  10  10  10       6      13                         
                                          9                      16                       6      13                         
                                          9                      16                       6      13       9   9   9   9   9 
                                          9                      16                       6      13       9               9 
                                          9       4   4   4   4  -2   1   1   1   1   1  -1   2  -2   3  -1   4   4       9 
                                          9       4              15                       7      14       8       4       9 
                                          9       4       8   8  -1   7   7   7   7   7   7      14       8       4       9 
                                          9       4       8      14                              14       8       4       9 
                                          9       4       8      14  14  14  14  14  14  14  14  14       8       4       9 
                                          9       4       8                                               8       4       9 
                                          9       4       8   8   8   8   8   8   8   8   8   8   8   8   8       4       9 
                                          9       4                                                               4       9 
                                          9       4   4   4   4   4   4   4   4   4   4   4   4   4   4   4   4   4       9 
                                          9                                                                               9 
                                          9   9   9   9   9   9   9   9   9   9   9   9   9   9   9   9   9   9   9   9   9 
