         16  16  16  16  16  16  16  16  16  16  16  16  16  16  16  16  16  16  16  16  16         
         16                                                                              16         
         16                                       8   8   8   8   8   8   8              16         
         16                                       8                       8              16         
         16                                       8              17  17  -1  16  16  16  16         
         16                                       8              17       7                         
         16                                       8              17  17  -2  18  18                 
         16                                       8                      12      18                 
         16      22  22  22  22  22  22  22       8                      12      18                 
         16      22                      22       8                      12      18                 
         16  16  -1  15  15              22       8      19  19  19  19  -1  18  18                 
                 13      15              22       8      19              11                         
  4   4   4   4  -2   5  -1   6   6   6  -2   1  -1   2  -1   3   3   3  -2   4   4   4   4   4   4 
  4              14      14              21       9      20              10                       4 
  4              14  14  14              21       9      20              10                       4 
  4                                      21       9      20              10                       4 
  4                              10  10  -1   9   9      20              10                       4 
  4                              10      20              20              10                       4 
  4                              10      20  20  20  20  20              10                       4 
  4                              10                                      10                       4 
  4                              10  10  10  10  10  10  10  10  10  10  10                       4 
  4                                                                                               4 
  4   4   4   4   4   4   4   4   4   4   4   4   4   4   4   4   4   4   4   4   4   4   4   4   4 
