                 12  12  12  12  12  12  12  12  12  12  12  12  12  12  12  12  12  12  12  12  12  12  12 
                 12                                                                                      12 
                 12      18  18  18  18  18  18  18  18  18  18  18  18  18  18  18                      12 
                 12      18                                                      18                      12 
                 12      18       5   5   5   5   5   5   5   5   5   5   5      18                      12 
                 12      18       5                                       5      18                      12 
                 12      18       5       7   7   7   7   7               5      18                      12 
                 12      18       5       7               7               5      18                      12 
                 12      18       5       7      16  16  -2  17  17  17  -2  18  18                      12 
                 12      18       5       7      16       8              22                              12 
                 12      18       5       7      16       8              22              20  20  20      12 
                 12      18       5       7      16       8              22              20      20      12 
 19  19  19  19  -1  18  18       5       7      16  16  -1  15  15  15  -1  14  14  14  -2  13  -1  12  12 
 19              11               5       7               9              21              21      19         
 19              11               5       7               9              21  21  21  21  21      19         
 19              11               5       7               9                                      19         
 19       4   4  -1   3   3   3  -2   2  -1   1   1   1  -2   4   4                              19         
 19       4      10               6       6              10       4                              19         
 19       4      10               6   6   6              10       4                              19         
 19       4      10                                      10       4                              19         
 19       4      10  10  10  10  10  10  10  10  10  10  10       4                              19         
 19       4                                                       4                              19         
 19       4   4   4   4   4   4   4   4   4   4   4   4   4   4   4                              19         
 19                                                                                              19         
 19  19  19  19  19  19  19  19  19  19  19  19  19  19  19  19  19  19  19  19  19  19  19  19  19         
