 20  20  20  20  20  20  20  20  20  20  20  20  20  20  20  20  20  20  20  20  20  20  20  20  20  20  20         
 20                                                                                                      20         
 20      13  13  13  13  13  13  13  13  13  13  13  13  13  13  13  13  13  13  13  13  13  13  13      20         
 20      13                                                                                      13      20         
 20      13                                                       2   2   2   2   2              13      20         
 20      13                                                       2               2              13      20         
 20      13                      17  17  17  17  17               2               2              13      20         
 20      13                      17              17               2               2              13      20         
 20      13      21  21  21      17              17               2               2              13      20         
 20      13      21      21      17              17               2               2              13      20         
 20      13  13  -2  14  -1  15  -2  16  16  16  -1   5   5   5  -1   6   6   6  -2   7   7   7  -1   8  -1   9   9 
 20              20      22      22              18               3               1              12      19       9 
 20              20      22  22  22              18               3               1              12      19       9 
 20              20                              18               3               1              12      19       9 
 20  20  20  20  20                              18               3               1              12      19       9 
                                                 18               3               1              12      19       9 
                                          9   9  -2  10  10       3      11  11  -1  12  12  12  12      19       9 
                                          9      19      10       3      11       4                      19       9 
                                          9      19      10       3      11  11  -2  10  10              19       9 
                                          9      19      10       3               3      10              19       9 
                                          9      19      10       3   3   3   3   3      10              19       9 
                                          9      19      10                              10              19       9 
                                          9      19      10  10  10  10  10  10  10  10  10              19       9 
                                          9      19                                                      19       9 
                                          9      19  19  19  19  19  19  19  19  19  19  19  19  19  19  19       9 
                                          9                                                                       9 
                                          9   9   9   9   9   9   9   9   9   9   9   9   9   9   9   9   9   9   9 
