                                          1   1   1   1   1   1   1   1   1   1   1   1   1   1   1   1   1   1   1   1   1 
                                          1                                                                               1 
                                          1       3   3   3   3   3   3   3   3   3   3   3   3   3   3   3   3   3       1 
                                          1       3                                                               3       1 
                                          1       3      20  20  20  20  20  20  20  20  20                       3       1 
                                          1       3      20                              20                       3       1 
                                          1       3      20      14  14  14  14  14      20                       3       1 
                                          1       3      20      14              14      20                       3       1 
 16  16  16  16  16  16  16  16  16       1       3      20      14              14      20                       3       1 
 16                              16       1       3      20      14              14      20                       3       1 
 16      18  18  18  18  18      16       1       3      20      14              14      20                       3       1 
 16      18              18      16       1       3      20      14              14      20                       3       1 
 16      18       9   9  -1   8  -2   7  -2   6  -1   5  -1  22  -2  21  21  21  -1  20  20                       3       1 
 16      18       9      17      17       2       2      19      15              13                               3       1 
 16      18       9      17  17  17       2       2      19      15              13                               3       1 
 16      18       9                       2       2      19      15              13                               3       1 
 16      18       9                       2   2   2      19      15              13                               3       1 
 16      18       9                                      19      15              13                               3       1 
 16      18       9                                      19      15       4   4  -1   3   3   3   3   3   3   3   3       1 
 16      18       9                                      19      15       4      12                                       1 
 16      18       9                                      19      15       4   4  -2   1   1   1   1   1   1   1   1   1   1 
 16      18       9                                      19      15              11                                         
 16      18       9                                      19      15  15  15  15  -2  16  16  16  16  16  16                 
 16      18       9                                      19                      10                      16                 
 16      18       9                                      19  19  19  19  19  19  -1  18  18  18  18      16                 
 16      18       9                                                               9              18      16                 
 16      18       9   9   9   9   9   9   9   9   9   9   9   9   9   9   9   9   9              18      16                 
 16      18                                                                                      18      16                 
 16      18  18  18  18  18  18  18  18  18  18  18  18  18  18  18  18  18  18  18  18  18  18  18      16                 
 16                                                                                                      16                 
 16  16  16  16  16  16  16  16  16  16  16  16  16  16  16  16  16  16  16  16  16  16  16  16  16  16  16                 
