                                                                          4   4   4   4   4   4   4   4   4 
                                                                          4                               4 
                          9   9   9   9   9   9   9   9   9   9   9   9  -1   8   8   8   8   8   8       4 
                          9                                               3                       8       4 
                          9      15  15  15  15  15  15  15  15  15  15  -1  16  16  16  16       8       4 
                          9      15                                       2              16       8       4 
                          9      15       6   6   6   6   6               2              16       8       4 
                          9      15       6               6               2              16       8       4 
                          9   9  -2  10  -1  11  11       6   6   6   6  -2   7   7      16       8       4 
                                 14       5      11                       1       7      16       8       4 
                                 14       5      11  11  11  11  11       1       7      16       8       4 
                                 14       5                      11       1       7      16       8       4 
 12  12  12  12  12              14       5                      11       1       7      16       8       4 
 12              12              14       5                      11       1       7      16       8       4 
 12      22  22  -2  21  21  21  -1  20  -2  19  19  19  19  19  -1  18  -2  17  -2  16  16       8       4 
 12      22      13              13      22                      12       4       8               8       4 
 12      22      13  13  13  13  13      22                      12       4       8               8       4 
 12      22                              22                      12       4       8               8       4 
 12      22  22  22  22  22  22  22  22  22                      12       4       8               8       4 
 12                                                              12       4       8               8       4 
 12  12  12  12  12  12  12  12  12  12  12  12  12  12  12  12  12       4       8               8       4 
                                                                          4       8               8       4 
                                                                          4       8   8   8   8   8       4 
                                                                          4                               4 
                                                                          4   4   4   4   4   4   4   4   4 
