                          7   7   7   7   7   7   7   7   7   7   7   7   7   7   7   7   7   7   7   7   7   7   7   7   7 
                          7                                                                                               7 
                          7              15  15  15  15  15  15  15  15  15  15  15  15  15  15  15  15  15               7 
                          7              15                                                              15               7 
                          7              15      13  13  13  13  13  13  13  13  13  13  13  13  13      15               7 
                          7              15      13                                              13      15               7 
                          7              15      13      17  17  17  17  17  17  17  17  17      13      15               7 
                          7              15      13      17                              17      13      15               7 
                          7              15      13      17       8   8   8   8   8      17      13      15               7 
                          7              15      13      17       8               8      17      13      15               7 
                          7              15      13      17  17  -2  18  18  18  -1  19  -2  20  -1  21  -2  22  22       7 
                          7              15      13               9               7      22      14      14      22       7 
                          7              15      13               9               7      22      14  14  14      22       7 
                          7              15      13               9               7      22                      22       7 
                          7              15      13               9               7      22  22  22  22  22  22  22       7 
                          7              15      13               9               7                                       7 
                          7              15      13               9               7   7   7   7   7   7   7   7   7   7   7 
                          7              15      13               9                                                         
  2   2   2   2   2   2  -1   1   1   1  -2   4  -1   3   3   3  -2   2   2                                                 
  2                       6              16      12              10       2                                                 
  2      10  10  10  10  -2  11  11      16      12              10       2                                                 
  2      10               5      11      16      12              10       2                                                 
  2      10      12  12  -1  11  11      16      12              10       2                                                 
  2      10      12      16              16      12              10       2                                                 
  2      10      12      16  16  16  16  16      12              10       2                                                 
  2      10      12                              12              10       2                                                 
  2      10      12  12  12  12  12  12  12  12  12              10       2                                                 
  2      10                                                      10       2                                                 
  2      10  10  10  10  10  10  10  10  10  10  10  10  10  10  10       2                                                 
  2                                                                       2                                                 
  2   2   2   2   2   2   2   2   2   2   2   2   2   2   2   2   2   2   2                                                 
