                         21  21  21  21  21  21  21  21  21  21  21  21  21  21  21  21  21  21  21  21  21  21  21  21  21 
                         21                                                                                              21 
                         21       7   7   7   7   7   7   7   7   7   7   7   7   7   7   7   7   7   7   7   7   7      21 
                         21       7                                                                               7      21 
                         21       7       3   3   3   3   3   3   3   3   3   3   3   3   3   3   3   3   3       7      21 
                         21       7       3                                                               3       7      21 
                         21       7       3               1   1   1   1   1   1   1   1   1   1   1       3       7      21 
                         21       7       3               1                                       1       3       7      21 
 19  19  19  19  19      21       7       3               1                                       1       3       7      21 
 19              19      21       7       3               1                                       1       3       7      21 
 19              19      21       7       3               1                      20  20  20       1       3       7      21 
 19              19      21       7       3               1                      20      20       1       3       7      21 
 19      16  16  -1  15  -2  14  -1  13  -2  12  12  12  -1  11  11  11  11  11  -1  10  -2   9  -2   8  -1   7   7      21 
 19      16      18      22      22       4               6                      19      21       2       2              21 
 19      16      18      22  22  22       4               6                      19      21       2       2              21 
 19      16      18                       4               6                      19      21       2       2              21 
 19      16      18                       4               6                      19      21       2   2   2              21 
 19      16      18                       4               6                      19      21                              21 
 19      16      18                       4               6                      19      21  21  21  21  21  21  21  21  21 
 19      16      18                       4               6                      19                                         
 19      16      18                       4      17  17  -2  16  16  16  16      19                                         
 19      16      18                       4      17       5              16      19                                         
 19      16      18                       4      17  17  -1  18  18      16      19                                         
 19      16      18                       4               4      18      16      19                                         
 19      16      18                       4   4   4   4   4      18      16      19                                         
 19      16      18                                              18      16      19                                         
 19      16      18  18  18  18  18  18  18  18  18  18  18  18  18      16      19                                         
 19      16                                                              16      19                                         
 19      16  16  16  16  16  16  16  16  16  16  16  16  16  16  16  16  16      19                                         
 19                                                                              19                                         
 19  19  19  19  19  19  19  19  19  19  19  19  19  19  19  19  19  19  19  19  19                                         
