         11  11  11  11  11  11  11  11  11  11  11  11  11  11  11  11  11  11  11  11  11         
         11                                                                              11         
         11      21  21  21  21  21  21  21  21  21  21  21  21  21  21  21  21  21      11         
         11      21                                                              21      11         
         11      21      17  17  17  17  17  17  17  17  17  17  17  17  17      21      11         
         11      21      17                                              17      21      11         
         11      21      17                                      20  20  -1  21  21      11         
         11      21      17                                      20      18              11         
         11      21      17                      13  13  13      20      18              11         
         11      21      17                      13      13      20      18              11         
         11      21      17      15  15  15      13      13      20      18              11         
         11      21      17      15      15      13      13      20      18              11         
  8   8  -1   7  -2   6  -1   5  -2   4  -1   3  -2   2  -1   1  -1  10  -2   9   9   9  -2   8   8 
  8      22      22      16      16      14      14      12      19      19              12       8 
  8      22  22  22      16      16      14      14      12      19      19              12       8 
  8                      16      16      14      14      12      19      19              12       8 
  8                      16      16      14      14      12      19  19  19              12       8 
  8                      16      16      14      14      12                              12       8 
  8                      16  16  16      14      14      12                              12       8 
  8                                      14      14      12                              12       8 
  8                                      14  14  14      12                              12       8 
  8                                                      12                              12       8 
  8                                                      12  12  12  12  12  12  12  12  12       8 
  8                                                                                               8 
  8   8   8   8   8   8   8   8   8   8   8   8   8   8   8   8   8   8   8   8   8   8   8   8   8 
