                 17  17  17  17  17  17  17  17  17  17  17  17  17  17  17  17  17  17  17  17  17  17  17  17  17  17  17 
                 17                                                                                                      17 
                 17      22  22  22  22  22  22  22  22  22  22  22  22  22  22  22  22  22  22  22  22  22  22  22      17 
                 17      22                                                                                      22      17 
                 17      22      10  10  10  10  10  10  10  10  10  10  10  10  10  10  10  10  10  10  10      22      17 
                 17      22      10                                                                      10      22      17 
                 17      22      10                      15  15  15  15  15  15  15  15  15  15  15      10      22      17 
                 17      22      10                      15                                      15      10      22      17 
                 17      22  22  -1  13  13  13  13      15              11  11  11  11  11  11  -1  10  10      22      17 
                 17               9              13      15              11                      16              22      17 
                 17  17  17  17  -2  18  18      13      15      20  20  -1  21  21  21  21  21  -2  22  22  22  22      17 
                                  8      18      13      15      20      12                      17                      17 
                                  8      18      13      15      20      12                      17  17  17  17  17  17  17 
                                  8      18      13      15      20      12                                                 
 19  19  19  19  19  19  19  19  -1  18  18      13      15      20  20  -2  19  19  19  19                                 
 19                               7              13      15               5              19                                 
 19       2   2   2   2   2   2  -1   1   1   1  -2   4  -1   3   3   3  -2   2   2      19                                 
 19       2                       6              14      14               6       2      19                                 
 19       2                       6              14  14  14               6       2      19                                 
 19       2                       6                                       6       2      19                                 
 19       2                       6   6   6   6   6   6   6   6   6   6   6       2      19                                 
 19       2                                                                       2      19                                 
 19       2   2   2   2   2   2   2   2   2   2   2   2   2   2   2   2   2   2   2      19                                 
 19                                                                                      19                                 
 19  19  19  19  19  19  19  19  19  19  19  19  19  19  19  19  19  19  19  19  19  19  19                                 
