                         19  19  19  19  19  19  19  19  19  19  19  19  19  19  19  19  19  19  19  19  19  19  19  19  19 
                         19                                                                                              19 
                         19                              17  17  17  17  17  17  17  17  17  17  17  17  17  17  17      19 
                         19                              17                                                      17      19 
                         19                              17       9   9   9   9   9   9   9   9   9   9   9      17      19 
                         19                              17       9                                       9      17      19 
                         19                              17       9       2   2   2                       9      17      19 
                         19                              17       9       2       2                       9      17      19 
                         19      12  12  12  12  12      17       9       2       2                       9      17      19 
                         19      12              12      17       9       2       2                       9      17      19 
                         19      12              12      17       9       2       2      18  18  18       9      17      19 
                         19      12              12      17       9       2       2      18      18       9      17      19 
                         19  19  -2  20  20  20  -1  21  -2  22  -1   5  -1   6  -2   7  -2   8  -1   9   9      17      19 
                                 13              11      16      10       3       1      19      17              17      19 
                                 13              11      16      10       3       1      19      17  17  17  17  17      19 
                                 13              11      16      10       3       1      19                              19 
                                 13              11      16      10       3       1      19  19  19  19  19  19  19  19  19 
                                 13              11      16      10       3       1                                         
  1   1   1   1   1   1   1   1  -2   4   4      11      16      10       3       1                                         
  1                              14       4      11      16      10       3       1                                         
  1       3   3   3   3   3   3  -1   4   4      11      16      10       3       1                                         
  1       3                      15              11      16      10       3       1                                         
  1       3      10  10  10  10  -1  11  11  11  11      16      10       3       1                                         
  1       3      10              16                      16      10       3       1                                         
  1       3      10              16  16  16  16  16  16  16      10       3       1                                         
  1       3      10                                              10       3       1                                         
  1       3      10  10  10  10  10  10  10  10  10  10  10  10  10       3       1                                         
  1       3                                                               3       1                                         
  1       3   3   3   3   3   3   3   3   3   3   3   3   3   3   3   3   3       1                                         
  1                                                                               1                                         
  1   1   1   1   1   1   1   1   1   1   1   1   1   1   1   1   1   1   1   1   1                                         
