  1   1   1   1   1   1   1   1   1   1   1   1   1   1   1   1   1   1   1   1   1                                         
  1                                                                               1                                         
  1                                                                               1       3   3   3   3   3   3   3   3   3 
  1                                                                               1       3                               3 
  1      14  14  14  14  14  14  14  14  14  14  14  14  14                       1       3                               3 
  1      14                                              14                       1       3                               3 
  1      14       4   4   4                              14                       1       3                               3 
  1      14       4       4                              14                       1       3                               3 
  1      14       4       4                              14      16  16  16       1       3                               3 
  1      14       4       4                              14      16      16       1       3                               3 
  1      14       4       4                              14      16      16       1       3      18  18  18  18  18       3 
  1      14       4       4                              14      16      16       1       3      18              18       3 
  1      14       4       4              20  20  20      14      16      16       1       3      18              18       3 
  1      14       4       4              20      20      14      16      16       1       3      18              18       3 
  1      14  14  -1  13  -2  12  12  12  -2  11  -1  10  -2   9  -1   8  -2   7  -2   6  -1   5  -1  22  22      18       3 
  1               1       3              21      19      15      15      17       2       2      17      22      18       3 
  1               1       3              21      19      15  15  15      17       2       2      17      22      18       3 
  1               1       3              21      19                      17       2       2      17      22      18       3 
  1               1       3              21      19                      17       2   2   2      17      22      18       3 
  1               1       3              21      19                      17                      17      22      18       3 
  1               1       3              21      19                      17  17  17  17  17  17  17      22      18       3 
  1               1       3              21      19                                                      22      18       3 
  1   1   1   1   1       3              21      19                                                      22      18       3 
                          3              21      19                                                      22      18       3 
                          3      18  18  -1  19  19                                                      22      18       3 
                          3      18      22                                                              22      18       3 
                          3      18      22  22  22  22  22  22  22  22  22  22  22  22  22  22  22  22  22      18       3 
                          3      18                                                                              18       3 
                          3      18  18  18  18  18  18  18  18  18  18  18  18  18  18  18  18  18  18  18  18  18       3 
                          3                                                                                               3 
                          3   3   3   3   3   3   3   3   3   3   3   3   3   3   3   3   3   3   3   3   3   3   3   3   3 
