                                          2   2   2   2   2   2   2   2   2   2   2   2   2   2   2   2   2   2   2   2   2   2   2   2   2 
                                          2                                                                                               2 
                                          2      10  10  10  10  10  10  10  10  10  10  10  10  10  10  10  10  10  10  10               2 
                                          2      10                                                                      10               2 
                                          2      10      18  18  18  18  18  18  18  18  18  18  18  18  18              10               2 
                                          2      10      18                                              18              10               2 
                                          2      10      18       4   4   4   4   4                      18              10               2 
                                          2      10      18       4               4                      18              10               2 
                                          2      10      18       4       8   8  -1   9   9   9   9   9  -2  10  10  10  10               2 
                                          2      10      18       4       8       3                      19                               2 
                                          2      10      18       4       8       3   3   3   3   3   3  -1   2   2   2   2   2   2   2   2 
                                          2      10      18       4       8                              20                                 
                                          2      10      18       4       8   8   8   8   8   8   8      20                                 
                                          2      10      18       4                               8      20                                 
                                          2      10      18       4   4   4   4   4               8      20                                 
                                          2      10      18                       4               8      20                                 
                                          2      10      18                       4               8   8  -2   7   7   7   7   7   7         
                                          2      10      18                       4                      21                       7         
                                          2      10      18  18  18  18  18  18  -2  17  17  17  17  17  -1  16  16               7         
                                          2      10                               5                      22      16               7         
  7   7   7   7   7   7   7   7   7       2      10                               5                      22      16               7         
  7                               7       2      10                               5                      22      16               7         
  7      16  16  16  16  16       7       2      10                               5                      22      16               7         
  7      16              16       7       2      10                               5                      22      16               7         
  7      16      22  22  -1  11  -2  12  -2  13  -1  14  14  14  14  14  14  14  -1  15  15              22      16               7         
  7      16      22      15       6       1       1                               6      15              22      16               7         
  7      16      22      15       6       1   1   1                               6      15              22      16               7         
  7      16      22      15       6                                               6      15              22      16               7         
  7      16      22      15       6   6   6   6   6   6   6   6   6   6   6   6   6      15              22      16               7         
  7      16      22      15                                                              15              22      16               7         
  7      16      22      15  15  15  15  15  15  15  15  15  15  15  15  15  15  15  15  15              22      16               7         
  7      16      22                                                                                      22      16               7         
  7      16      22  22  22  22  22  22  22  22  22  22  22  22  22  22  22  22  22  22  22  22  22  22  22      16               7         
  7      16                                                                                                      16               7         
  7      16  16  16  16  16  16  16  16  16  16  16  16  16  16  16  16  16  16  16  16  16  16  16  16  16  16  16               7         
  7                                                                                                                               7         
  7   7   7   7   7   7   7   7   7   7   7   7   7   7   7   7   7   7   7   7   7   7   7   7   7   7   7   7   7   7   7   7   7         
