 22  22  22  22  22  22  22  22  22  22  22  22  22  22  22  22  22  22  22  22  22  22  22         
 22                                                                                      22         
 22      18  18  18  18  18  18  18  18  18  18  18  18  18  18  18  18  18  18  18      22         
 22      18                                                                      18      22         
 22      18                       8   8   8   8   8   8   8   8   8   8   8      18      22         
 22      18                       8                                       8      18      22         
 22      18                       8              19  19  19  19  19       8      18      22         
 22      18                       8              19              19       8      18      22         
 22      18                       8       4   4  -2   5   5      19  19  -2  18  18      22         
 22      18                       8       4      20       5               7              22         
 22      18       2   2   2       8       4      20       5               7              22         
 22      18       2       2       8       4      20       5               7              22         
 22  22  -1   9  -1  10  -2  11  -1  12  -2  13  -1  14  -2  15  15  15  -1  16  16  16  -1  17  17 
         17       3       1       1       3      21       6               6              21      17 
         17       3       1       1       3      21       6   6   6   6   6              21      17 
         17       3       1       1       3      21                                      21      17 
         17       3       1       1       3      21  21  21  21  21  21  21  21  21  21  21      17 
         17       3       1       1       3                                                      17 
         17       3       1   1   1       3                                                      17 
         17       3                       3                                                      17 
         17       3   3   3   3   3   3   3                                                      17 
         17                                                                                      17 
         17  17  17  17  17  17  17  17  17  17  17  17  17  17  17  17  17  17  17  17  17  17  17 
