                 22  22  22  22  22  22  22  22  22  22  22  22  22  22  22  22  22  22  22  22  22  22  22  22  22  22  22                 
                 22                                                                                                      22                 
                 22      16  16  16  16  16  16  16  16  16  16  16  16  16  16  16  16  16  16  16  16  16  16  16      22                 
                 22      16                                                                                      16      22                 
                 22      16      10  10  10  10  10  10  10  10  10  10  10  10  10  10  10  10  10  10  10      16      22                 
                 22      16      10                                                                      10      16      22                 
                 22      16  16  -1  17  17  17  17                                                      10      16      22                 
                 22               9              17                                                      10      16      22                 
                 22               9              17      12  12  12  12  12  12  12  12  12  12  12      10      16      22                 
                 22               9              17      12                                      12      10      16      22                 
                 22               9              17      12              14  14  14  14  14      12      10      16      22                 
                 22               9              17      12              14              14      12      10      16      22                 
                 22  22  22  22  -2  21  21  21  -1  20  -2  19  19  19  -1  18  18      14      12      10      16      22                 
                                  8              18      13              13      18      14      12      10      16      22                 
                                  8              18      13  13  13  13  13      18      14      12      10      16      22                 
                                  8              18                              18      14      12      10      16      22                 
                                  8              18  18  18  18  18  18  18  18  18      14      12      10      16      22                 
                                  8                                                      14      12      10      16      22                 
                                  8      14  14  14  14  14  14  14  14  14  14  14  14  14      12      10      16      22                 
                                  8      14                                                      12      10      16      22                 
                                  8      14      12  12  12  12  12  12  12  12  12  12  12  12  12      10      16      22                 
                                  8      14      12                                                      10      16      22                 
                                  8      14      12      10  10  10  10  10  10  10  10  10  10  10  10  10      16      22                 
                                  8      14      12      10                                                      16      22                 
                                  8      14      12      10      16  16  16  16  16  16  16  16  16  16  16  16  16      22                 
                                  8      14      12      10      16                                                      22                 
                                  8      14      12      10      16      22  22  22  22  22  22  22  22  22  22  22  22  22                 
                                  8      14      12      10      16      22                                                                 
 15  15  15  15  15  15  15  15  -1  14  14      12      10      16  16  -2  15  15  15  15  15  15  15  15  15  15  15  15  15  15  15  15 
 15                               7              12      10               5                                                              15 
 15       2   2   2   2   2   2  -1   1   1   1  -1   4  -2   3   3   3  -2   2   2   2   2   2   2   2   2   2   2   2   2   2   2      15 
 15       2                       6              11      11               6                                                       2      15 
 15       2                       6              11  11  11               6                                                       2      15 
 15       2                       6                                       6                                                       2      15 
 15       2                       6   6   6   6   6   6   6   6   6   6   6                                                       2      15 
 15       2                                                                                                                       2      15 
 15       2   2   2   2   2   2   2   2   2   2   2   2   2   2   2   2   2   2   2   2   2   2   2   2   2   2   2   2   2   2   2      15 
 15                                                                                                                                      15 
 15  15  15  15  15  15  15  15  15  15  15  15  15  15  15  15  15  15  15  15  15  15  15  15  15  15  15  15  15  15  15  15  15  15  15 
