                                                                  4   4   4   4   4   4   4   4   4 
                                                                  4                               4 
                  9   9   9   9   9   9   9   9   9   9   9   9  -1   8   8   8   8   8   8       4 
                  9                                               3                       8       4 
                  9      19  19  19  19  19  19  19  19  19  19  -2  20  20  20  20       8       4 
                  9      19                                       2              20       8       4 
                  9      19       6   6   6   6   6   6   6   6  -2   7   7      20       8       4 
                  9      19       6                               1       7      20       8       4 
                  9      19       6      13  13  13  13  13       1       7      20       8       4 
                  9      19       6      13              13       1       7      20       8       4 
                  9      19       6   6  -2   5   5   5  -1  22  -1  21  -2  20  20       8       4 
                  9      19              12              14       4       8               8       4 
                  9      19              12              14       4       8   8   8   8   8       4 
                  9      19              12              14       4                               4 
                  9      19              12              14       4   4   4   4   4   4   4   4   4 
                  9      19              12              14                                         
 14  14  14  14  -1  15  -2  16  16  16  -1  17  17      14                                         
 14              10      18              11      17      14                                         
 14      17  17  -2  18  18              11      17      14                                         
 14      17      11                      11      17      14                                         
 14      17      11  11  11  11  11  11  11      17      14                                         
 14      17                                      17      14                                         
 14      17  17  17  17  17  17  17  17  17  17  17      14                                         
 14                                                      14                                         
 14  14  14  14  14  14  14  14  14  14  14  14  14  14  14                                         
