 20  20  20  20  20  20  20  20  20  20  20  20  20  20  20  20  20  20  20  20  20  20  20  20  20  20  20  20  20  20  20  20  20 
 20                                                                                                                              20 
 20      12  12  12  12  12  12  12  12  12  12  12  12  12  12  12  12  12  12  12  12  12  12  12  12  12  12  12  12  12      20 
 20      12                                                                                                              12      20 
 20      12                                                      21  21  21  21  21  21  21  21  21  21  21  21  21      12      20 
 20      12                                                      21                                              21      12      20 
 20      12                                                      21       2   2   2   2   2   2   2   2   2      21      12      20 
 20      12                                                      21       2                               2      21      12      20 
 20      12                                                      21       2               6   6   6       2      21      12      20 
 20      12                                                      21       2               6       6       2      21      12      20 
 20      12                                                      21  21  -1  22  22  22  -2   9  -1  10  -2  11  -1  12  12      20 
 20      12                                                               3               5       7       1      20              20 
 20      12                                                               3               5       7       1      20  20  20  20  20 
 20      12                                                               3               5       7       1                         
 20      12      19  19  19  19  19  19  19  19  19                       3               5       7       1                         
 20      12      19                              19                       3               5       7       1                         
 20      12  12  -2  13  13  13  13  13  13  13  -1  14  14  14  14  14  -1  15  15       5       7       1                         
 20              20                              18                       4      15       5       7       1                         
 20  20  20  20  20                              18                       4      15       5       7       1                         
                                                 18                       4      15       5       7       1                         
                          1   1   1   1   1   1  -1   8   8               4      15       5       7       1                         
                          1                      17       8               4      15       5       7       1                         
                          1       7   7   7   7  -2   8   8               4      15       5       7       1                         
                          1       7              16                       4      15       5       7       1                         
                          1       7       5   5  -1   4   4   4   4   4   4      15       5       7       1                         
                          1       7       5      15                              15       5       7       1                         
                          1       7       5      15  15  15  15  15  15  15  15  15       5       7       1                         
                          1       7       5                                               5       7       1                         
                          1       7       5   5   5   5   5   5   5   5   5   5   5   5   5       7       1                         
                          1       7                                                               7       1                         
                          1       7   7   7   7   7   7   7   7   7   7   7   7   7   7   7   7   7       1                         
                          1                                                                               1                         
                          1   1   1   1   1   1   1   1   1   1   1   1   1   1   1   1   1   1   1   1   1                         
