         22  22  22  22  22  22  22  22  22  22  22  22  22  22  22  22  22  22  22  22  22  22  22 
         22                                                                                      22 
         22       6   6   6   6   6   6   6                                                      22 
         22       6                       6                                                      22 
         22  22  -2  21  21  21  21       6                                                      22 
                  7              21       6                                                      22 
                  7              21       6      18  18  18  18  18  18  18  18  18  18  18      22 
                  7              21       6      18                                      18      22 
                  7              21       6      18                       1   1   1      18      22 
                  7              21       6      18                       1       1      18      22 
                  7              21       6      18       3   3   3       1       1      18      22 
                  7              21       6      18       3       3       1       1      18      22 
 17  17  17  17  -1  16  16  16  -2  15  -1  14  -2  13  -2  12  -1  11  -2  10  -1   9  -1  22  22 
 17               8              20       5      19       4       2       2       8      17         
 17               8              20       5      19       4       2   2   2       8      17         
 17               8              20       5      19       4                       8      17         
 17               8       4   4  -1   5   5      19       4                       8      17         
 17               8       4      19              19       4                       8      17         
 17               8       4      19  19  19  19  19       4                       8      17         
 17               8       4                               4                       8      17         
 17               8       4   4   4   4   4   4   4   4   4                       8      17         
 17               8                                                               8      17         
 17               8   8   8   8   8   8   8   8   8   8   8   8   8   8   8   8   8      17         
 17                                                                                      17         
 17  17  17  17  17  17  17  17  17  17  17  17  17  17  17  17  17  17  17  17  17  17  17         
