                                                                          4   4   4   4   4   4   4   4   4 
                                                                          4                               4 
                          9   9   9   9   9   9   9   9   9   9   9   9  -1   8   8   8   8   8   8       4 
                          9                                               3                       8       4 
                          9      15  15  15  15  15  15  15  15  15  15  -2  16  16  16  16       8       4 
                          9      15                                       2              16       8       4 
                          9      15       6   6   6   6   6   6   6   6  -2   7   7      16       8       4 
                          9      15       6                               1       7      16       8       4 
                          9      15       6      12  12  12  12  12       1       7      16       8       4 
                          9      15       6      12              12       1       7      16       8       4 
                          9      15       6   6  -2   5   5   5  -1  18  -1  17  -2  16  16       8       4 
                          9      15              13              11       4       8               8       4 
                          9      15              13              11       4       8   8   8   8   8       4 
                          9      15              13              11       4                               4 
                          9      15              13              11       4   4   4   4   4   4   4   4   4 
                          9      15              13              11                                         
 11  11  11  11  11       9      15              13              11                                         
 11              11       9      15              13              11                                         
 11      19  19  -2  20  -1  21  -2  22  22  22  -1  19  19      11                                         
 11      19      10      10      14              14      19      11                                         
 11      19      10      10      14  14  14  14  14      19      11                                         
 11      19      10      10                              19      11                                         
 11      19      10  10  10                              19      11                                         
 11      19                                              19      11                                         
 11      19  19  19  19  19  19  19  19  19  19  19  19  19      11                                         
 11                                                              11                                         
 11  11  11  11  11  11  11  11  11  11  11  11  11  11  11  11  11                                         
