                                                                          4   4   4   4   4   4   4   4   4 
                                                                          4                               4 
  9   9   9   9   9   9   9   9   9   9   9   9   9   9   9   9   9   9  -1   8   8   8   8   8   8       4 
  9                                                                       3                       8       4 
  9      15  15  15  15  15  15  15  15  15  15  15  15  15  15  15  15  -1  16  16  16  16       8       4 
  9      15                                                               2              16       8       4 
  9      15       6   6   6   6   6   6   6   6   6   6   6   6   6   6  -2   7   7      16       8       4 
  9      15       6                                                       1       7      16       8       4 
  9      15       6      13  13  13  13  13  13  13  13  13  13  13       1       7      16       8       4 
  9      15       6      13                                      13       1       7      16       8       4 
  9      15       6      13      22  22  22  22  22  22  22      13       1       7      16       8       4 
  9      15       6      13      22                      22      13       1       7      16       8       4 
  9      15       6      13      22      12  12  12      22      13       1       7      16       8       4 
  9      15       6      13      22      12      12      22      13       1       7      16       8       4 
  9      15       6      13      22  22  -2  21  -1  20  -2  19  -1  18  -2  17  -2  16  16       8       4 
  9      15       6      13              13      11       5      14       4       8               8       4 
  9      15       6      13  13  13  13  13      11       5      14       4       8               8       4 
  9      15       6                              11       5      14       4       8               8       4 
  9      15       6                              11       5      14       4       8   8   8   8   8       4 
  9      15       6                              11       5      14       4                               4 
  9      15       6                              11       5      14       4   4   4   4   4   4   4   4   4 
  9      15       6                              11       5      14                                         
  9      15       6   6   6   6   6   6   6   6  -2   5   5      14                                         
  9      15                                      10              14                                         
  9      15  15  15  15  15  15  15  15  15  15  -1  14  14  14  14                                         
  9                                               9                                                         
  9   9   9   9   9   9   9   9   9   9   9   9   9                                                         
