 18  18  18  18  18  18  18  18  18  18  18  18  18  18  18  18  18  18  18  18  18  18  18  18  18  18  18  18  18                         
 18                                                                                                              18                         
 18      22  22  22  22  22  22  22  22  22  22  22  22  22  22  22  22  22  22  22  22  22  22  22              18                         
 18      22                                                                                      22              18                         
 18      22      17  17  17  17  17  17  17  17  17  17  17  17  17  17  17  17  17  17  17      22              18                         
 18      22      17                                                                      17      22              18                         
 18      22      17       4   4   4   4   4   4   4   4   4   4   4   4   4   4   4      17      22              18                         
 18      22      17       4                                                       4      17      22              18                         
 18      22      17       4      14  14  14  14  14  14  14  14  14  14  14       4      17      22              18                         
 18      22      17       4      14                                      14       4      17      22              18                         
 18      22      17       4      14               6   6   6              14       4      17      22              18                         
 18      22      17       4      14               6       6              14       4      17      22              18                         
 18      22      17       4   4  -2   1   1   1  -1   2  -2   3   3   3  -1   4   4      17      22              18                         
 18      22      17              13               7       5              15              17      22              18                         
 18      22      17  17  17  17  -1  18  18       7       5      11  11  -1  10  10  10  -2   9  -2   8   8   8  -1   7   7   7   7   7   7 
 18      22                      22      18       7       5      11      16              16      21              19                       7 
 18      22  22  22  22  22  22  22      18       7       5      11      16              16      21              19                       7 
 18                                      18       7       5      11      16              16      21              19                       7 
 18  18  18  18  18  18  18  18  18  18  18       7       5      11      16              16      21              19                       7 
                                                  7       5      11      16              16      21              19                       7 
                                                  7       5      11      16  16  16  16  16      21              19                       7 
                                                  7       5      11                              21              19                       7 
                                                  7       5      11                              21      12  12  -2   5   5   5   5       7 
                                                  7       5      11                              21      12      20               5       7 
                                                  7       5      11                              21      12  12  -1  11  11       5       7 
                                                  7       5      11                              21              21      11       5       7 
                                                  7       5      11                              21  21  21  21  21      11       5       7 
                                                  7       5      11                                                      11       5       7 
                                                  7       5      11  11  11  11  11  11  11  11  11  11  11  11  11  11  11       5       7 
                                                  7       5                                                                       5       7 
                                                  7       5   5   5   5   5   5   5   5   5   5   5   5   5   5   5   5   5   5   5       7 
                                                  7                                                                                       7 
                                                  7   7   7   7   7   7   7   7   7   7   7   7   7   7   7   7   7   7   7   7   7   7   7 
