  8   8   8   8   8   8   8   8   8   8   8   8   8   8   8   8   8   8   8   8   8   8   8   8   8   8   8   8   8 
  8                                                                                                               8 
  8      17  17  17  17  17  17  17  17  17  17  17  17  17  17  17  17  17  17  17  17  17  17  17  17  17       8 
  8      17                                                                                              17       8 
  8      17      13  13  13  13  13  13  13  13  13  13  13  13  13  13  13  13  13  13  13  13  13      17       8 
  8      17      13                                                                              13      17       8 
  8      17      13      18  18  18  18  18  18  18  18  18  18  18  18  18  18  18  18  18      13      17       8 
  8      17      13      18                                                              18      13      17       8 
  8      17      13      18                               3   3   3   3   3   3   3      18      13      17       8 
  8      17      13      18                               3                       3      18      13      17       8 
  8      17      13  13  -2  22  22  22  22  22  22  22  -1  21  21  21  21       3      18      13      17       8 
  8      17              17                               2              21       3      18      13      17       8 
  8      17  17  17  17  17                               2              21       3      18      13      17       8 
  8                                                       2              21       3      18      13      17       8 
  8   8   8   8   8   8   8   8   8   8   8   8   8   8  -2   9   9   9  -2  10  -1  11  -1  12  -2   7  -1   8   8 
                                                          1              20       4      19      14      16         
                                 16  16  16  16  16  16  -2  15  15      20       4      19      14      16         
                                 16                       6      15      20       4      19      14      16         
                                 16      14  14  14  14  -1  15  15      20       4      19      14      16         
                                 16      14               5              20       4      19      14      16         
                                 16      14      19  19  -2  20  20  20  20       4      19      14      16         
                                 16      14      19       4                       4      19      14      16         
                                 16      14      19       4   4   4   4   4   4   4      19      14      16         
                                 16      14      19                                      19      14      16         
                                 16      14      19  19  19  19  19  19  19  19  19  19  19      14      16         
                                 16      14                                                      14      16         
                                 16      14  14  14  14  14  14  14  14  14  14  14  14  14  14  14      16         
                                 16                                                                      16         
                                 16  16  16  16  16  16  16  16  16  16  16  16  16  16  16  16  16  16  16         
