                                 18  18  18  18  18  18  18  18  18  18  18  18  18  18  18  18  18  18  18  18  18  18  18  18  18  18  18 
                                 18                                                                                                      18 
                                 18       5   5   5   5   5   5   5   5   5   5   5   5   5   5   5   5   5   5   5   5   5   5   5      18 
                                 18       5                                                                                       5      18 
                                 18       5       7   7   7   7   7   7   7   7   7   7   7   7   7   7   7   7   7   7   7       5      18 
                                 18       5       7                                                                       7       5      18 
                                 18       5       7      20  20  20  20  20  20  20  20  20  20  20  20  20  20  20       7       5      18 
                                 18       5       7      20                                                      20       7       5      18 
                                 18       5       7      20      16  16  16  16  16  16  16  16  16  16  16      20       7       5      18 
                                 18       5       7      20      16                                      16      20       7       5      18 
                                 18       5       7      20      16      21  21  21  21  21  21  21  21  -2  20  20       7       5      18 
                                 18       5       7      20      16      21                              15               7       5      18 
                                 18       5       7      20      16      21                       8   8  -1   7   7   7   7       5      18 
                                 18       5       7      20      16      21                       8      14                       5      18 
                                 18       5       7      20      16      21                       8   8  -2   5   5   5   5   5   5      18 
                                 18       5       7      20      16      21                              13                              18 
                                 18       5       7      20      16  16  -2  17  17  17  17  17  17  17  -2  18  18  18  18  18  18  18  18 
                                 18       5       7      20              22                              12                                 
 12  12  12  12  12  12  12      18       5       7      20              22                              12                                 
 12                      12      18       5       7      20              22                              12                                 
 12      19  19  19  19  -1  18  18       5       7      20  20  20  20  -1  19  19  19  19              12                                 
 12      19              11               5       7                       9              19              12                                 
 12      19       4   4  -1   3   3   3  -2   2  -1   1   1   1   1   1  -2   4   4      19              12                                 
 12      19       4      10               6       6                      10       4      19              12                                 
 12      19       4      10               6   6   6                      10       4      19              12                                 
 12      19       4      10                                              10       4      19              12                                 
 12      19       4      10  10  10  10  10  10  10  10  10  10  10  10  10       4      19              12                                 
 12      19       4                                                               4      19              12                                 
 12      19       4   4   4   4   4   4   4   4   4   4   4   4   4   4   4   4   4      19              12                                 
 12      19                                                                              19              12                                 
 12      19  19  19  19  19  19  19  19  19  19  19  19  19  19  19  19  19  19  19  19  19              12                                 
 12                                                                                                      12                                 
 12  12  12  12  12  12  12  12  12  12  12  12  12  12  12  12  12  12  12  12  12  12  12  12  12  12  12                                 
