                 22  22  22  22  22  22  22  22  22  22  22  22  22  22  22  22  22  22  22  22  22  22  22                 
                 22                                                                                      22                 
                 22      17  17  17  17  17  17  17  17  17  17  17  17  17  17  17  17  17  17  17      22                 
                 22      17                                                                      17      22                 
                 22      17      15  15  15  15  15  15  15  15  15  15  15  15  15  15  15      17      22                 
                 22      17      15                                                      15      17      22                 
                 22      17      15              13  13  13  13  13  13  13  13  13      15      17      22                 
                 22      17      15              13                              13      15      17      22                 
                 22      17      15      20  20  -1  19  19  19  19  19  19      13      15      17      22                 
                 22      17      15      20      12                      19      13      15      17      22                 
                 22      17      15      20  20  -2  21  21  21  21      19      13      15      17      22                 
                 22      17      15              11              21      19      13      15      17      22                 
                 22      17      15  15  15  15  -2  16  16      21      19      13      15      17      22                 
                 22      17                      10      16      21      19      13      15      17      22                 
                 22      17  17  17  17  17  17  -1  16  16      21      19      13      15      17      22                 
                 22                               9              21      19      13      15      17      22                 
                 22  22  22  22  22  22  22  22  -1  21  21  21  21      19      13      15      17      22                 
                                                  8                      19      13      15      17      22                 
 18  18  18  18  18  18  18  18  18  18  18  18  -2  19  19  19  19  19  19      13      15      17  17  -1  18  18  18  18 
 18                                               7                              13      15               5              18 
 18       2   2   2   2   2   2   2   2   2   2  -1   1   1   1   1   1   1   1  -2   4  -1   3   3   3  -2   2   2      18 
 18       2                                       6                              14      14               6       2      18 
 18       2                                       6                              14  14  14               6       2      18 
 18       2                                       6                                                       6       2      18 
 18       2                                       6   6   6   6   6   6   6   6   6   6   6   6   6   6   6       2      18 
 18       2                                                                                                       2      18 
 18       2   2   2   2   2   2   2   2   2   2   2   2   2   2   2   2   2   2   2   2   2   2   2   2   2   2   2      18 
 18                                                                                                                      18 
 18  18  18  18  18  18  18  18  18  18  18  18  18  18  18  18  18  18  18  18  18  18  18  18  18  18  18  18  18  18  18 
