 10  10  10  10  10  10  10  10  10  10  10  10  10  10  10  10  10                                         
 10                                                              10                                         
 10                      12  12  12  12  12  12  12  12  12      10                                         
 10                      12                              12      10                                         
 10                      12       1   1   1   1   1      12      10                                         
 10                      12       1               1      12      10                                         
 10                      12       1      11  11  -1  12  12      10                                         
 10                      12       1      11       4              10                                         
 10                      12       1      11  11  -2  10  10  10  10                                         
 10                      12       1               3                                                         
 10                      12       1               3                      20  20  20  20  20  20  20  20  20 
 10                      12       1               3                      20                              20 
 10                      12       1               3                      20      15  15  15  15  15      20 
 10                      12       1               3                      20      15              15      20 
 10      17  17  17      12       1               3                      20      15              15      20 
 10      17      17      12       1               3                      20      15              15      20 
 10  10  -1   9  -2   8  -1   7  -2   6   6   6  -1   5   5   5   5   5  -1  22  -2  21  21  21  -1  20  20 
         16      18      13       2               2                      19      14              16         
         16      18      13       2   2   2   2   2                      19      14              16         
         16      18      13                                              19      14              16         
         16      18      13                                              19  19  -1  18  18      16         
         16      18      13                                                      13      18      16         
         16      18      13  13  13  13  13  13  13  13  13  13  13  13  13  13  13      18      16         
         16      18                                                                      18      16         
         16      18  18  18  18  18  18  18  18  18  18  18  18  18  18  18  18  18  18  18      16         
         16                                                                                      16         
         16  16  16  16  16  16  16  16  16  16  16  16  16  16  16  16  16  16  16  16  16  16  16         
