         21  21  21  21  21  21  21  21  21  21  21  21  21  21  21  21  21         
         21                                                              21         
         21      19  19  19  19  19  19  19  19  19  19  19  19  19      21         
         21      19                                              19      21         
         21      19      17  17  17  17  17  17  17  17  17      19      21         
         21      19      17                              17      19      21         
         21      19      17       4   4   4   4   4      17      19      21         
         21      19      17       4               4      17      19      21         
         21  21  -1  22  -2   9  -2  10  10  10  -1  11  -1  12  -2  13  -1  14  14 
                 18      18       1               3      16      20      20      14 
                 18      18       1               3      16      20  20  20      14 
                 18      18       1               3      16                      14 
                 18  18  18       1               3      16                      14 
                                  1               3      16                      14 
  7   7   7   7   7   7   7   7  -2   6   6       3      16                      14 
  7                               2       6       3      16                      14 
  7              15  15  15       2       6       3      16                      14 
  7              15      15       2       6       3      16                      14 
  7   7   7   7  -2   8  -1   5  -1   6   6       3      16                      14 
                 14      16       3               3      16                      14 
                 14      16       3   3   3   3   3      16                      14 
                 14      16                              16                      14 
                 14      16  16  16  16  16  16  16  16  16                      14 
                 14                                                              14 
                 14  14  14  14  14  14  14  14  14  14  14  14  14  14  14  14  14 
