                                                  6   6   6   6   6   6   6   6   6   6   6 
                                                  6                                       6 
 13  13  13  13  13  13  13  13  13  13  13  13  -1  12  12  12  12  12  12  12  12       6 
 13                                               5                              12       6 
 13      19  19  19  19  19  19  19  19  19  19  -2  20  20  20  20  20  20      12       6 
 13      19                                       4                      20      12       6 
 13      19                              10  10  -2  11  11  11  11      20      12       6 
 13      19                              10       3              11      20      12       6 
 13      19                              10  10  -1   9   9      11      20      12       6 
 13      19                                       2       9      11      20      12       6 
 13      19       8   8   8   8   8   8   8   8  -2   9   9      11      20      12       6 
 13      19       8                               1              11      20      12       6 
 13      19       8      16  16  16               1              11      20      12       6 
 13      19       8      16      16               1              11      20      12       6 
 13      19       8   8  -1   7  -2  22  22  22  -1  21  21  21  -1  20  20      12       6 
 13      19              17      15               6              12              12       6 
 13      19              17      15               6              12  12  12  12  12       6 
 13      19              17      15               6                                       6 
 13      19              17      15               6   6   6   6   6   6   6   6   6   6   6 
 13      19              17      15                                                         
 13  13  -1  14  14  14  -2  15  15                                                         
         18              18                                                                 
         18  18  18  18  18                                                                 
