          9   9   9   9   9   9   9   9   9   9   9   9   9   9   9   9   9   9   9   9   9         
          9                                                                               9         
          9      11  11  11  11  11  11  11  11  11  11  11  11  11  11  11  11  11       9         
          9      11                                                              11       9         
          9      11                      15  15  15  15  15  15  15              11       9         
          9      11                      15                      15              11       9         
          9      11      17  17  17      15                      15              11       9         
          9      11      17      17      15                      15              11       9         
 18  18  -1  19  -2  20  -1  21  -2  22  -1   5   5   5   5   5  -2   6   6      11       9         
 18      10      10      18      16      16                      14       6      11       9         
 18      10      10      18      16  16  16                      14       6      11       9         
 18      10      10      18                                      14       6      11       9         
 18      10  10  10      18                                      14       6      11       9         
 18                      18                                      14       6      11       9         
 18  18  18  18  18  18  18                                      14       6      11       9         
                                                                 14       6      11       9         
                                                  4   4   4   4  -2   1  -1   2  -2   3  -1   4   4 
                                                  4              13       7      12       8       4 
                                                  4       8   8  -1   7   7      12       8       4 
                                                  4       8      12              12       8       4 
                                                  4       8      12  12  12  12  12       8       4 
                                                  4       8                               8       4 
                                                  4       8   8   8   8   8   8   8   8   8       4 
                                                  4                                               4 
                                                  4   4   4   4   4   4   4   4   4   4   4   4   4 
