                                                                  4   4   4   4   4   4   4   4   4 
                                                                  4                               4 
  9   9   9   9   9   9   9   9   9   9   9   9   9   9   9   9  -1   8   8   8   8   8   8       4 
  9                                                               3                       8       4 
  9                      13  13  13  13  13  13  13  13  13  13  -1  14  14  14  14       8       4 
  9                      13                                       2              14       8       4 
  9       5   5   5   5  -2   6   6   6   6   6   6   6   6   6  -2   7   7      14       8       4 
  9       5              12                                       1       7      14       8       4 
  9       5              12      10  10  10  10  10  10  10       1       7      14       8       4 
  9       5              12      10                      10       1       7      14       8       4 
  9       5              12      10      22  22  22      10       1       7      14       8       4 
  9       5              12      10      22      22      10       1       7      14       8       4 
  9       5      21  21  -1  20  -2  19  -1  18  -2  17  -1  16  -2  15  -2  14  14       8       4 
  9       5      21      11      11      21       5       9       4       8               8       4 
  9       5      21      11  11  11      21       5       9       4       8               8       4 
  9       5      21                      21       5       9       4       8               8       4 
  9       5      21  21  21  21  21  21  21       5       9       4       8               8       4 
  9       5                                       5       9       4       8               8       4 
  9       5                                       5       9       4       8   8   8   8   8       4 
  9       5                                       5       9       4                               4 
  9       5   5   5   5   5   5   5   5   5   5   5       9       4                               4 
  9                                                       9       4                               4 
  9   9   9   9   9   9   9   9   9   9   9   9   9   9   9       4                               4 
                                                                  4                               4 
                                                                  4   4   4   4   4   4   4   4   4 
