                          6   6   6   6   6   6   6   6   6   6   6   6   6   6   6   6   6   6   6   6   6 
                          6                                                                               6 
                          6      21  21  21  21  21  21  21  21  21  21  21  21  21  21  21  21  21       6 
                          6      21                                                              21       6 
                          6      21      16  16  16  16  16  16  16  16  16  16  16  16  16      21       6 
                          6      21      16                                              16      21       6 
                          6      21      16                                      20  20  -1  21  21       6 
                          6      21      16                                      20      15               6 
                          6      21      16      12  12  12  12  12  12  12      20      15               6 
                          6      21      16      12                      12      20      15               6 
                          6      21      16      12      10  10  10      12      20      15               6 
                          6      21      16      12      10      10      12      20      15               6 
                          6   6  -1   7  -1   8  -2   1  -1   2  -2   3  -1   4  -2   5  -2   6   6   6   6 
                                 22      17      11      11       9      13      19      14                 
                                 22      17      11  11  11       9      13      19      14                 
                                 22      17                       9      13      19      14                 
 14  14  14  14  14              22      17                       9      13      19      14                 
 14              14              22      17                       9      13      19      14                 
 14      19  19  -2  18  18  18  -1  17  17                       9      13      19      14                 
 14      19      13               9                               9      13      19      14                 
 14      19      13               9   9   9   9   9   9   9   9   9      13      19      14                 
 14      19      13                                                      13      19      14                 
 14      19      13  13  13  13  13  13  13  13  13  13  13  13  13  13  13      19      14                 
 14      19                                                                      19      14                 
 14      19  19  19  19  19  19  19  19  19  19  19  19  19  19  19  19  19  19  19      14                 
 14                                                                                      14                 
 14  14  14  14  14  14  14  14  14  14  14  14  14  14  14  14  14  14  14  14  14  14  14                 
