                          1   1   1   1   1   1   1   1   1   1   1   1   1   1   1   1   1   1   1   1   1 
                          1                                                                               1 
                          1       3   3   3   3   3   3   3   3   3   3   3   3   3   3   3   3   3       1 
                          1       3                                                               3       1 
                          1       3      14  14  14  14  14  14  14  14  14  14  14  14  14       3       1 
                          1       3      14                                              14       3       1 
                          1       3      14      12  12  12  12  12  12  12  12  12      14       3       1 
                          1       3      14      12                              12      14       3       1 
         20  20  20       1       3      14      12                              12      14       3       1 
         20      20       1       3      14      12                              12      14       3       1 
         20      20       1       3      14      12      22  22  22              12      14       3       1 
         20      20       1       3      14      12      22      22              12      14       3       1 
  9   9  -1   8  -2   7  -2   6  -1   5  -2  18  -1  17  -1  16  -2  15  15  15  -2  14  14       3       1 
  9      19      21       2       2      13      13      21      19              11               3       1 
  9      19      21       2       2      13  13  13      21      19              11               3       1 
  9      19      21       2       2                      21      19              11               3       1 
  9      19      21       2   2   2                      21      19              11               3       1 
  9      19      21                                      21      19              11               3       1 
  9      19      21  21  21  21  21  21  21  21  21  21  21      19              11               3       1 
  9      19                                                      19              11               3       1 
  9      19  19  19  19  19  19  19  19  19  19  19  19  19  19  19              11               3       1 
  9                                                                              11               3       1 
  9                                                                       4   4  -1   3   3   3   3       1 
  9                                                                       4      10                       1 
  9                                                                       4   4  -2   1   1   1   1   1   1 
  9                                                                               9                         
  9   9   9   9   9   9   9   9   9   9   9   9   9   9   9   9   9   9   9   9   9                         
