  4   4   4   4   4   4   4   4   4   4   4   4   4                                         
  4                                               4                                         
  4      13  13  13  13  13  13  13  13  13  13  -1  12  12  12  12  12  12                 
  4      13                                       3                      12                 
  4      13      20  20  20  20  20  20  20  20  -1  19  19  19  19      12                 
  4      13      20                               2              19      12                 
  4      13      20              10  10  10  10  -2  11  11      19      12                 
  4      13      20              10               1      11      19      12                 
  4      13      20              10      17  17  -2  18  -1  19  19      12                 
  4      13      20              10      17       8      12              12                 
  4      13      20              10      17       8      12  12  12  12  12                 
  4      13      20              10      17       8                                         
  4      13      20              10      17  17  -1  16  16  16  16  16  16  16  16  16  16 
  4      13      20              10               7                                      16 
  4      13      20              10  10  10  10  -1   9   9   9   9   9   9   9   9      16 
  4      13      20                               6                               9      16 
  4      13      20      14  14  14  14  14  14  -2  15  15                       9      16 
  4      13      20      14                       5      15                       9      16 
  4      13      20  20  -2  21  21  21  21  21  -2  22  -1   9   9   9   9   9   9      16 
  4      13              13                       4      16                              16 
  4      13              13                       4      16  16  16  16  16  16  16  16  16 
  4      13              13                       4                                         
  4      13  13  13  13  13                       4                                         
  4                                               4                                         
  4   4   4   4   4   4   4   4   4   4   4   4   4                                         
