                                                 10  10  10  10  10  10  10  10  10  10  10  10  10  10  10  10  10  10  10  10  10  10  10 
                                                 10                                                                                      10 
                                                 10      15  15  15  15  15  15  15  15  15  15  15  15  15  15  15  15  15  15  15      10 
                                                 10      15                                                                      15      10 
                                                 10      15       3   3   3   3   3   3   3   3   3   3   3   3   3   3   3      15      10 
                                                 10      15       3                                                       3      15      10 
                                                 10      15       3                               6   6   6   6   6       3      15      10 
                                                 10      15       3                               6               6       3      15      10 
                                                 10      15       3      12  12  12  12  12       6               6       3      15      10 
                                                 10      15       3      12              12       6               6       3      15      10 
 16  16  16  16  16                              10      15       3      12              12       6               6       3      15      10 
 16              16                              10      15       3      12              12       6               6       3      15      10 
 16              16      18  18  18  18  18      10      15       3      12              12       6               6       3      15      10 
 16              16      18              18      10      15       3      12              12       6               6       3      15      10 
 16       7   7  -1   8  -2   9   9   9  -1  10  10      15       3   3  -1   4   4   4  -2   1  -1   2   2   2  -2   3   3      15      10 
 16       7      17      17              19              15              13              11       7               5              15      10 
 16       7      17  17  17              19              15              13              11       7               5              15      10 
 16       7                              19              15              13              11       7               5              15      10 
 16       7                      11  11  -1  22  22  22  -2  21  21  21  -1  20  20      11       7      16  16  -1  15  15  15  15      10 
 16       7                      11      20              14              14      20      11       7      16      10                      10 
 16       7                      11      20              14  14  14  14  14      20      11       7      16      10                      10 
 16       7                      11      20                                      20      11       7      16      10                      10 
 16       7                      11      20  20  20  20  20  20  20  20  20  20  20      11       7      16      10                      10 
 16       7                      11                                                      11       7      16      10                      10 
 16       7                      11  11  11  11  11  11  11  11  11  11  11  11  11  11  11       7      16      10                      10 
 16       7                                                                                       7      16      10                      10 
 16       7                                                                                       7      16      10  10  10  10  10  10  10 
 16       7                                                                                       7      16                                 
 16       7   7   7   7   7   7   7   7   7   7   7   7   7   7   7   7   7   7   7   7   7   7   7      16                                 
 16                                                                                                      16                                 
 16  16  16  16  16  16  16  16  16  16  16  16  16  16  16  16  16  16  16  16  16  16  16  16  16  16  16                                 
