  4   4   4   4   4   4   4   4   4   4   4   4   4   4   4   4   4   4   4   4   4   4   4   4   4   4   4   4   4   4   4   4   4 
  4                                                                                                                               4 
  4      13  13  13  13  13  13  13  13  13  13  13  13  13  13  13  13  13  13  13  13  13  13  13  13  13                       4 
  4      13                                                                                              13                       4 
  4      13      10  10  10  10  10  10  10  10  10  10  10  10  10  10  10  10  10  10  10              13                       4 
  4      13      10                                                                      10              13                       4 
  4      13      10      14  14  14  14  14                                              10              13                       4 
  4      13      10      14              14                                              10              13                       4 
  4      13      10  10  -2   5   5   5  -1   6   6   6   6   6   6   6   6   6   6      10              13                       4 
  4      13              13              15                                       6      10              13                       4 
  4      13  13  13  13  13              15                                       6      10              13                       4 
  4                                      15                                       6      10              13                       4 
  4   4   4   4   4   4   4   4   4   4  -2   1   1   1   1   1   1   1   1   1  -1   2  -2   3   3   3  -1   4   4   4   4   4   4 
                                         16                                       7       9              12                         
                                 21  21  -1  22  22                               7       9      20  20  -2  21  21  21  21         
                                 21      17      22                               7       9      20      11              21         
                                 21      17      22       7   7   7   7   7   7   7       9      20      11              21         
                                 21      17      22       7                               9      20      11              21         
                                 21      17      22       7       9   9   9   9   9   9   9      20      11              21         
                                 21      17      22       7       9                              20      11              21         
                                 21      17      22       7       9      20  20  20  20  20  20  20      11              21         
                                 21      17      22       7       9      20                              11              21         
                                 21      17      22       7       9      20       8   8   8              11              21         
                                 21      17      22       7       9      20       8       8              11              21         
                                 21      17      22       7       9      20  20  -2  19  -1  18  18  18  -1  17  17      21         
                                 21      17      22       7       9               9       7              22      17      21         
                                 21      17      22       7       9   9   9   9   9       7              22      17      21         
                                 21      17      22       7                               7              22      17      21         
                                 21      17      22       7   7   7   7   7   7   7   7   7              22      17      21         
                                 21      17      22                                                      22      17      21         
                                 21      17      22  22  22  22  22  22  22  22  22  22  22  22  22  22  22      17      21         
                                 21      17                                                                      17      21         
                                 21      17  17  17  17  17  17  17  17  17  17  17  17  17  17  17  17  17  17  17      21         
                                 21                                                                                      21         
                                 21  21  21  21  21  21  21  21  21  21  21  21  21  21  21  21  21  21  21  21  21  21  21         
