                                                                          4   4   4   4   4   4   4   4   4 
                                                                          4                               4 
  9   9   9   9   9   9   9   9   9   9   9   9   9   9   9   9   9   9  -1   8   8   8   8   8   8       4 
  9                                                                       3                       8       4 
  9      15  15  15  15  15  15  15  15  15  15  15  15  15  15  15  15  -1  16  16  16  16       8       4 
  9      15                                                               2              16       8       4 
  9      15       6   6   6   6   6   6   6   6   6   6   6   6   6   6  -2   7   7      16       8       4 
  9      15       6                                                       1       7      16       8       4 
  9      15       6      10  10  10  10  10  10  10  10  10  10  10       1       7      16       8       4 
  9      15       6      10                                      10       1       7      16       8       4 
  9      15       6      10      12  12  12                      10       1       7      16       8       4 
  9      15       6      10      12      12                      10       1       7      16       8       4 
  9      15       6      10      12      12      14  14  14      10       1       7      16       8       4 
  9      15       6      10      12      12      14      14      10       1       7      16       8       4 
  9      15       6   6  -2   5  -1  22  -2  21  -1  20  -2  19  -1  18  -2  17  -2  16  16       8       4 
  9      15              11      11      13      13      15       9       4       8               8       4 
  9      15              11      11      13  13  13      15       9       4       8               8       4 
  9      15              11      11                      15       9       4       8               8       4 
  9      15              11  11  11                      15       9       4       8               8       4 
  9      15                                              15       9       4       8               8       4 
  9      15  15  15  15  15  15  15  15  15  15  15  15  15       9       4       8               8       4 
  9                                                               9       4       8               8       4 
  9   9   9   9   9   9   9   9   9   9   9   9   9   9   9   9   9       4       8               8       4 
                                                                          4       8               8       4 
                                                                          4       8   8   8   8   8       4 
                                                                          4                               4 
                                                                          4   4   4   4   4   4   4   4   4 
