 17  17  17  17  17  17  17  17  17  17  17  17  17  17  17  17  17  17  17                                         
 17                                                                      17                                         
 17       8   8   8   8   8   8   8   8   8   8   8   8   8   8   8      17                                         
 17       8                                                       8      17                                         
 17       8      14  14  14  14  14  14  14  14  14  14  14       8      17                                         
 17       8      14                                      14       8      17                                         
 17       8      14               2   2   2              14       8      17                                         
 17       8      14               2       2              14       8      17                                         
 17       8   8  -1   5   5   5  -1   6  -2   7   7   7  -2   8   8      17                                         
 17              13               3       1              15              17                                         
 17              13               3       1              15              17      19  19  19  19  19  19  19         
 17              13               3       1              15              17      19                      19         
 17              13               3       1              15              17      19       4   4   4      19         
 17              13               3       1              15              17      19       4       4      19         
 17  17  17  17  -1  18  18       3       1      20  20  -2  21  21  21  -1  22  -2   9  -2  10  -1  11  -1  12  12 
                 12      18       3       1      20      16              16      20       1       3      18      12 
                 12      18       3       1      20      16  16  16  16  16      20       1       3      18      12 
                 12      18       3       1      20                              20       1       3      18      12 
                 12      18       3       1      20  20  20  20  20  20  20  20  20       1       3      18      12 
                 12      18       3       1                                               1       3      18      12 
                 12      18       3       1   1   1   1   1   1   1   1   1   1   1   1   1       3      18      12 
                 12      18       3                                                               3      18      12 
                 12      18       3   3   3   3   3   3   3   3   3   3   3   3   3   3   3   3   3      18      12 
                 12      18                                                                              18      12 
                 12      18  18  18  18  18  18  18  18  18  18  18  18  18  18  18  18  18  18  18  18  18      12 
                 12                                                                                              12 
                 12  12  12  12  12  12  12  12  12  12  12  12  12  12  12  12  12  12  12  12  12  12  12  12  12 
