                 17  17  17  17  17  17  17  17  17  17  17  17  17  17  17  17  17  17  17  17  17  17  17  17  17  17  17  17  17  17  17 
                 17                                                                                                                      17 
                 17              21  21  21  21  21  21  21  21  21  21  21  21  21  21  21  21  21  21  21  21  21  21  21  21  21      17 
                 17              21                                                                                              21      17 
                 17              21       9   9   9   9   9   9   9   9   9   9   9   9   9   9   9   9   9   9   9   9   9      21      17 
                 17              21       9                                                                               9      21      17 
                 17              21       9                      22  22  22  22  22  22  22  22  22  22  22  22  22       9      21      17 
                 17              21       9                      22                                              22       9      21      17 
                 17              21       9                      22      16  16  16  16  16  16  16  16  16      22       9      21      17 
                 17              21       9                      22      16                              16      22       9      21      17 
                 17              21       9                      22      16               2   2   2      16      22       9      21      17 
                 17              21       9                      22      16               2       2      16      22       9      21      17 
                 17              21       9                      22  22  -1   5   5   5  -1   6  -2   7  -2   8  -1   9   9      21      17 
                 17              21       9                              15               3       1      17      21              21      17 
                 17              21       9                              15               3       1      17      21  21  21  21  21      17 
                 17              21       9                              15               3       1      17                              17 
                 17              21       9                              15               3       1      17  17  17  17  17  17  17  17  17 
                 17              21       9                              15               3       1                                         
                 17              21  21  -1  20  20  20  20  20  20  20  -2  19  19       3       1                                         
                 17                      10                              14      19       3       1                                         
                 17  17  17  17  17  17  -2  18  18  18  18              14      19       3       1                                         
                                         11              18              14      19       3       1                                         
  1   1   1   1   1   1   1   1   1   1  -1   4   4      18              14      19       3       1                                         
  1                                      12       4      18              14      19       3       1                                         
  1       3   3   3   3   3   3   3   3  -2   4   4      18              14      19       3       1                                         
  1       3                              13              18              14      19       3       1                                         
  1       3              19  19  19  19  -1  18  18  18  18              14      19       3       1                                         
  1       3              19              14                              14      19       3       1                                         
  1       3              19              14  14  14  14  14  14  14  14  14      19       3       1                                         
  1       3              19                                                      19       3       1                                         
  1       3              19  19  19  19  19  19  19  19  19  19  19  19  19  19  19       3       1                                         
  1       3                                                                               3       1                                         
  1       3   3   3   3   3   3   3   3   3   3   3   3   3   3   3   3   3   3   3   3   3       1                                         
  1                                                                                               1                                         
  1   1   1   1   1   1   1   1   1   1   1   1   1   1   1   1   1   1   1   1   1   1   1   1   1                                         
