                                         12  12  12  12  12                                                                 
                                         12              12                                                                 
 16  16  16  16  16  16  16  16  16  16  -1  17  17      12                                                                 
 16                                      11      17      12                                                                 
 16      18  18  18  18  18  18  18  18  -2  17  17      12                                                                 
 16      18                              22              12                                                                 
 16      18                              22              12      14  14  14  14  14  14  14  14  14  14  14  14  14  14  14 
 16      18                              22              12      14                                                      14 
 16      18                              22              12      14       8   8   8   8   8   8   8   8   8   8   8      14 
 16      18                              22              12      14       8                                       8      14 
 16      18                              22              12      14       8                      15  15  15       8      14 
 16      18                              22              12      14       8                      15      15       8      14 
 16      18                              22              12      14       8      19  19  19      15      15       8      14 
 16      18                              22              12      14       8      19      19      15      15       8      14 
 16      18      20  20  20  20  20      22              12      14       8      19      19      15      15       8      14 
 16      18      20              20      22              12      14       8      19      19      15      15       8      14 
 16      18      20       9   9  -1  10  -2   1   1   1  -1   2  -2   3  -1   4  -2   5  -1   6  -2   7  -1   8   8      14 
 16      18      20       9      21      21              13      13       9      20      18      16      14              14 
 16      18      20       9      21  21  21              13      13       9      20      18      16      14              14 
 16      18      20       9                              13      13       9      20      18      16      14              14 
 16      18      20       9                              13      13       9      20      18      16      14  14  14  14  14 
 16      18      20       9                              13      13       9      20      18      16                         
 16      18      20       9                              13  13  13       9      20      18      16                         
 16      18      20       9                                               9      20      18      16                         
 16      18      20       9   9   9   9   9   9   9   9   9   9   9   9   9      20      18      16                         
 16      18      20                                                              20      18      16                         
 16      18      20  20  20  20  20  20  20  20  20  20  20  20  20  20  20  20  20      18      16                         
 16      18                                                                              18      16                         
 16      18  18  18  18  18  18  18  18  18  18  18  18  18  18  18  18  18  18  18  18  18      16                         
 16                                                                                              16                         
 16  16  16  16  16  16  16  16  16  16  16  16  16  16  16  16  16  16  16  16  16  16  16  16  16                         
