                                                  5   5   5   5   5   5   5   5   5   5   5   5   5   5   5   5   5   5   5   5   5   5   5 
                                                  5                                                                                       5 
                                                  5       7   7   7   7   7   7   7   7   7   7   7   7   7   7   7   7   7   7   7       5 
                                                  5       7                                                                       7       5 
                                                  5       7      21  21  21  21  21  21  21  21  21  21  21  21  21               7       5 
                                                  5       7      21                                              21               7       5 
                                                  5       7      21      16  16  16  16  16  16  16  16  16      21               7       5 
                                                  5       7      21      16                              16      21               7       5 
                                                  5       7      21      16              20  20  20  20  -1  21  21               7       5 
                                                  5       7      21      16              20              15                       7       5 
                                                  5       7      21      16              20       8   8  -1   7   7   7   7   7   7       5 
                                                  5       7      21      16              20       8      14                               5 
                                                  5       7      21      16              20       8   8  -2   5   5   5   5   5   5   5   5 
                                                  5       7      21      16              20              13                                 
 18  18  18  18  18  18  18  18  18  18  18       5       7      21      16              20              13                                 
 18                                      18       5       7      21      16              20              13                                 
 18      12  12  12  12  12  12  12      18       5       7      21      16              20              13                                 
 18      12                      12      18       5       7      21      16              20              13                                 
 18      12      19  19  19  19  -1  18  18       5       7      21  21  -2  22  22  22  -1  17  17  17  -2  18  18  18  18                 
 18      12      19              11               5       7               9              19              12              18                 
 18      12      19       4   4  -1   3   3   3  -2   2  -1   1   1   1  -2   4   4      19              12              18                 
 18      12      19       4      10               6       6              10       4      19              12              18                 
 18      12      19       4      10               6   6   6              10       4      19              12              18                 
 18      12      19       4      10                                      10       4      19              12              18                 
 18      12      19       4      10  10  10  10  10  10  10  10  10  10  10       4      19              12              18                 
 18      12      19       4                                                       4      19              12              18                 
 18      12      19       4   4   4   4   4   4   4   4   4   4   4   4   4   4   4      19              12              18                 
 18      12      19                                                                      19              12              18                 
 18      12      19  19  19  19  19  19  19  19  19  19  19  19  19  19  19  19  19  19  19              12              18                 
 18      12                                                                                              12              18                 
 18      12  12  12  12  12  12  12  12  12  12  12  12  12  12  12  12  12  12  12  12  12  12  12  12  12              18                 
 18                                                                                                                      18                 
 18  18  18  18  18  18  18  18  18  18  18  18  18  18  18  18  18  18  18  18  18  18  18  18  18  18  18  18  18  18  18                 
