 15  15  15  15  15  15  15  15  15  15  15  15  15  15  15  15  15  15  15  15  15  15  15  15  15  15  15                         
 15                                                                                                      15                         
 15               6   6   6   6   6   6   6   6   6   6   6   6   6   6   6   6   6   6   6   6   6      15                         
 15               6                                                                               6      15                         
 15               6      22  22  22  22  22  22  22  22  22  22  22  22  22  22  22  22  22       6      15                         
 15               6      22                                                              22       6      15                         
 15               6      22      19  19  19  19  19  19  19  19  19  19  19  19  19      22       6      15                         
 15               6      22      19                                              19      22       6      15                         
 15               6      22      19      10  10  10  10  10                      19      22       6      15                         
 15               6      22      19      10              10                      19      22       6      15                         
 15               6      22      19  19  -2  20  20  20  -1  21  21  21  21  21  -2  22  22       6      15                         
 15               6      22              11               9                      18               6      15                         
 15               6      22              11               9                      18               6      15       9   9   9   9   9 
 15               6      22              11               9                      18               6      15       9               9 
 15      12  12  -1  13  -2  14  14  14  -1  15  15       9       4   4   4   4  -2   1   1   1  -1   2  -2   3  -1   4   4       9 
 15      12       5       5              12      15       9       4              17               7      16       8       4       9 
 15      12       5   5   5              12      15       9       4              17               7      16       8       4       9 
 15      12                              12      15       9       4              17               7      16       8       4       9 
 15      12  12  12  12  12  12  12  12  12      15       9       4              17               7      16       8       4       9 
 15                                              15       9       4              17               7      16       8       4       9 
 15  15  15  15  15  15  15  15  15  15  15  15  15       9       4              17               7      16       8       4       9 
                                                          9       4              17               7      16       8       4       9 
                                                          9       4       8   8  -1   7   7   7   7      16       8       4       9 
                                                          9       4       8      16                      16       8       4       9 
                                                          9       4       8      16  16  16  16  16  16  16       8       4       9 
                                                          9       4       8                                       8       4       9 
                                                          9       4       8   8   8   8   8   8   8   8   8   8   8       4       9 
                                                          9       4                                                       4       9 
                                                          9       4   4   4   4   4   4   4   4   4   4   4   4   4   4   4       9 
                                                          9                                                                       9 
                                                          9   9   9   9   9   9   9   9   9   9   9   9   9   9   9   9   9   9   9 
