                 12  12  12  12  12  12  12  12  12  12  12  12  12  12  12  12  12  12  12  12  12  12  12  12  12 
                 12                                                                                              12 
                 12      19  19  19  19  19  19  19  19  19  19  19  19  19  19  19  19  19  19  19  19  19      12 
                 12      19                                                                              19      12 
                 12      19       5   5   5   5   5   5   5   5   5   5   5   5   5   5   5   5   5      19      12 
                 12      19       5                                                               5      19      12 
                 12      19       5       7   7   7   7   7   7   7   7   7   7   7   7   7       5      19      12 
                 12      19       5       7                                               7       5      19      12 
                 12      19       5       7              21  21  21  21  21  21  21       7       5      19      12 
                 12      19       5       7              21                      21       7       5      19      12 
                 12      19       5       7      17  17  -1  16  16  16  16  16  -2  15  -1  14  -2  13  -1  12  12 
                 12      19       5       7      17      22                      20       8       8      20         
                 12      19       5       7      17      22                      20       8   8   8      20         
                 12      19       5       7      17      22                      20                      20         
                 12      19       5       7      17      22                      20  20  20  20  20  20  20         
                 12      19       5       7      17      22                                                         
 18  18  18  18  -1  19  19       5       7      17  17  -2  18  18  18  18                                         
 18              11               5       7               9              18                                         
 18       4   4  -2   3   3   3  -2   2  -1   1   1   1  -1   4   4      18                                         
 18       4      10               6       6              10       4      18                                         
 18       4      10               6   6   6              10       4      18                                         
 18       4      10                                      10       4      18                                         
 18       4      10  10  10  10  10  10  10  10  10  10  10       4      18                                         
 18       4                                                       4      18                                         
 18       4   4   4   4   4   4   4   4   4   4   4   4   4   4   4      18                                         
 18                                                                      18                                         
 18  18  18  18  18  18  18  18  18  18  18  18  18  18  18  18  18  18  18                                         
