  5   5   5   5   5   5   5   5   5   5   5   5   5   5   5   5   5                                 
  5                                                               5                                 
  5      14  14  14  14  14  14  14  14  14  14  14  14  14       5                                 
  5      14                                              14       5                                 
  5      14      10  10  10  10  10  10  10  10  10      14       5                                 
  5      14      10                              10      14       5                                 
  5      14      10      18  18  18  18  18      10      14       5                                 
  5      14      10      18              18      10      14       5                                 
  5      14      10      18       9   9  -1  10  10      14       5                                 
  5      14      10      18       9      19              14       5                                 
  5   5  -1   4  -2   3  -2   2  -1   1  -1   6   6   6  -2   5   5                                 
         13      11      17       8      20              15                                         
         13      11      17       8      20              15              12  12  12  12  12         
         13      11      17       8      20              15              12              12         
         13      11      17       8      20  20  20  20  -1  21  21  21  -2  22  22  22  -1  13  13 
         13      11      17       8                      16               7              11      13 
         13      11      17       8                      16  16  16  16  -1  17  17      11      13 
         13      11      17       8                                       8      17      11      13 
         13      11      17       8   8   8   8   8   8   8   8   8   8   8      17      11      13 
         13      11      17                                                      17      11      13 
         13      11      17  17  17  17  17  17  17  17  17  17  17  17  17  17  17      11      13 
         13      11                                                                      11      13 
         13      11  11  11  11  11  11  11  11  11  11  11  11  11  11  11  11  11  11  11      13 
         13                                                                                      13 
         13  13  13  13  13  13  13  13  13  13  13  13  13  13  13  13  13  13  13  13  13  13  13 
