                         19  19  19  19  19  19  19  19  19  19  19  19  19  19  19  19  19  19  19  19  19  19  19 
                         19                                                                                      19 
                         19      21  21  21  21  21  21  21  21  21  21  21  21  21                              19 
                         19      21                                              21                              19 
                         19      21      12  12  12  12  12  12  12  12  12      21                              19 
                         19      21      12                              12      21                              19 
                         19      21  21  -1  20  20                      12      21                              19 
                         19              11      20                      12      21                              19 
                         19  19  19  19  -2  20  20                      12      21                              19 
                                         10                              12      21                              19 
                 15  15  15  15  15  15  -1  14  14  14  14  14  14      12      21                              19 
                 15                       9                      14      12      21                              19 
                 15  15  15  15  15  15  -2  16  16  16  16      14      12      21                              19 
                                          8              16      14      12      21                              19 
                                          8              16      14      12      21      18  18  18  18  18      19 
                                          8              16      14      12      21      18              18      19 
 17  17  17  17  17  17  17  17  17  17  -1  16  16  16  16      14      12      21  21  -2  22  22  22  -1  19  19 
 17                                       7                      14      12               5              17         
 17       2   2   2   2   2   2   2   2  -1   1   1   1   1   1  -2   4  -1   3   3   3  -2   2   2      17         
 17       2                               6                      13      13               6       2      17         
 17       2                               6                      13  13  13               6       2      17         
 17       2                               6                                               6       2      17         
 17       2                               6   6   6   6   6   6   6   6   6   6   6   6   6       2      17         
 17       2                                                                                       2      17         
 17       2   2   2   2   2   2   2   2   2   2   2   2   2   2   2   2   2   2   2   2   2   2   2      17         
 17                                                                                                      17         
 17  17  17  17  17  17  17  17  17  17  17  17  17  17  17  17  17  17  17  17  17  17  17  17  17  17  17         
