  4   4   4   4   4   4   4                                                                                                                         
  4                       4                                                                                                                         
  4                       4      18  18  18  18  18  18  18  18  18  18  18  18  18  18  18  18  18  18  18  18  18                                 
  4                       4      18                                                                              18                                 
  4                       4      18      21  21  21                                                              18                                 
  4                       4      18      21      21                                                              18                                 
  4      10  10  10  10  -2  11  -2  12  -1  13  -2  14  14  14  14  14  14  14  14  14  14  14  14  14  14  14  -1   9   9   9   9   9   9   9   9 
  4      10               3      19      22      20                                                              17                               9 
  4      10               3      19      22      20  20  20  20  20  20  20  20  20  20  20  20  20              17                               9 
  4      10               3      19      22                                                      20              17                               9 
  4      10               3      19      22  22  22  22  22  22  22  22  22  22  22  22  22      20              17                               9 
  4      10               3      19                                                      22      20              17                               9 
  4      10               3      19  19  19  19  19  19  19  19  19  19  19  19  19      22      20              17                               9 
  4      10               3                                                      19      22      20              17                               9 
  4      10       6   6  -1   5   5   5   5   5   5   5   5   5   5   5   5      19      22      20       8   8  -1   7   7   7   7   7   7       9 
  4      10       6       2                                               5      19      22      20       8      16                       7       9 
  4      10       6   6  -2   7   7   7   7   7   7   7   7   7   7       5      19      22      20       8   8  -2   5   5   5   5       7       9 
  4      10               1                                       7       5      19      22      20              15               5       7       9 
  4      10  10  10  10  -1   9   9   9   9   9   9   9   9       7       5      19      22      20  20  20  20  -2  19  19       5       7       9 
  4                       4                               9       7       5      19      22                      22      19       5       7       9 
  4                       4                               9       7       5      19      22  22  22  22  22  22  22      19       5       7       9 
  4                       4                               9       7       5      19                                      19       5       7       9 
  4                       4                               9       7       5      19  19  19  19  19  19  19  19  19  19  19       5       7       9 
  4                       4                               9       7       5                                                       5       7       9 
  4                       4                               9       7       5   5   5   5   5   5   5   5   5   5   5   5   5   5   5       7       9 
  4                       4                               9       7                                                                       7       9 
  4                       4                               9       7   7   7   7   7   7   7   7   7   7   7   7   7   7   7   7   7   7   7       9 
  4                       4                               9                                                                                       9 
  4                       4                               9   9   9   9   9   9   9   9   9   9   9   9   9   9   9   9   9   9   9   9   9   9   9 
  4                       4                                                                                                                         
  4   4   4   4   4   4   4                                                                                                                         
