                 19  19  19  19  19  19  19  19  19  19  19  19  19  19  19  19  19  19  19  19  19  19  19                 
                 19                                                                                      19                 
                 19      21  21  21  21  21  21  21  21  21  21  21  21  21  21  21  21  21  21  21      19                 
                 19      21                                                                      21      19                 
                 19      21       7   7   7   7   7   7   7   7   7   7   7   7   7              21      19                 
                 19      21       7                                               7              21      19                 
                 19      21       7      15  15  15  15  15  15  15               7              21      19                 
                 19      21       7      15                      15               7              21      19                 
                 19      21       7   7  -2   8   8   8   8   8  -1   5   5       7              21      19                 
                 19      21              14                      16       5       7              21      19                 
                 19      21  21  21  21  -1  20  20              16       5       7              21      19                 
                 19                      13      20              16       5       7              21      19                 
                 19                      13      20      16  16  16       5       7              21      19                 
                 19                      13      20      16               5       7              21      19                 
                 19                      13      20      16       5   5   5       7              21      19                 
                 19                      13      20      16       5               7              21      19                 
                 19  19  19  19  19  19  -2  20  20      16       5               7      18  18  -1  19  19                 
                                         12              16       5               7      18      22                         
 17  17  17  17  17  17  17  17  17  17  -1  16  16  16  16       5               7      18  18  -2  17  17  17  17  17  17 
 17                                      11                       5               7               9                      17 
 17       4   4   4   4   4   4   4   4  -2   3   3   3   3   3  -2   2   2   2  -1   1   1   1  -1   4   4   4   4      17 
 17       4                              10                       6               6              10               4      17 
 17       4                              10                       6   6   6   6   6              10               4      17 
 17       4                              10                                                      10               4      17 
 17       4                              10  10  10  10  10  10  10  10  10  10  10  10  10  10  10               4      17 
 17       4                                                                                                       4      17 
 17       4   4   4   4   4   4   4   4   4   4   4   4   4   4   4   4   4   4   4   4   4   4   4   4   4   4   4      17 
 17                                                                                                                      17 
 17  17  17  17  17  17  17  17  17  17  17  17  17  17  17  17  17  17  17  17  17  17  17  17  17  17  17  17  17  17  17 
