                                                                          4   4   4   4   4   4   4   4   4 
                                                                          4                               4 
  9   9   9   9   9   9   9   9   9   9   9   9   9   9   9   9   9   9  -1   8   8   8   8   8   8       4 
  9                                                                       3                       8       4 
  9      11  11  11  11  11  11  11  11  11  11  11  11  11  11  11  11  -2  12  12  12  12       8       4 
  9      11                                                               2              12       8       4 
  9      11                                                       6   6  -2   7   7      12       8       4 
  9      11                                                       6       1       7      12       8       4 
  9      11      20  20  20  20  20  20  20                       6       1       7      12       8       4 
  9      11      20                      20                       6       1       7      12       8       4 
  9      11      20      10  10  10      20                       6       1       7      12       8       4 
  9      11      20      10      10      20                       6       1       7      12       8       4 
  9      11      20      10      10      20      22  22  22       6       1       7      12       8       4 
  9      11      20      10      10      20      22      22       6       1       7      12       8       4 
  9      11      20  20  -2  19  -1  18  -2  17  -1  16  -2  15  -1  14  -1  13  -2  12  12       8       4 
  9      11              11       9      21      21       5       5       4       8               8       4 
  9      11              11       9      21  21  21       5       5       4       8               8       4 
  9      11              11       9                       5       5       4       8               8       4 
  9      11  11  11  11  11       9                       5       5       4       8               8       4 
  9                               9                       5       5       4       8               8       4 
  9   9   9   9   9   9   9   9   9                       5       5       4       8               8       4 
                                                          5       5       4       8               8       4 
                                                          5       5       4       8   8   8   8   8       4 
                                                          5       5       4                               4 
                                                          5   5   5       4                               4 
                                                                          4                               4 
                                                                          4   4   4   4   4   4   4   4   4 
