                                 19  19  19  19  19  19  19  19  19  19  19  19  19  19  19  19  19  19  19  19  19  19  19  19  19  19  19  19  19  19  19 
                                 19                                                                                                                      19 
                                 19       5   5   5   5   5   5   5   5   5   5   5   5   5   5   5   5   5   5   5   5   5   5   5   5   5   5   5      19 
                                 19       5                                                                                                       5      19 
                                 19       5       7   7   7   7   7   7   7   7   7   7   7   7   7   7   7   7   7   7   7   7   7   7   7       5      19 
                                 19       5       7                                                                                       7       5      19 
                                 19       5       7      21  21  21  21  21  21  21  21  21  21  21  21  21  21  21  21  21  21  21       7       5      19 
                                 19       5       7      21                                                                      21       7       5      19 
                                 19       5       7      21       8   8   8   8   8   8   8   8   8   8   8   8   8   8   8   8  -2   7   7       5      19 
                                 19       5       7      21       8                                                              20               5      19 
                                 19       5       7      21       8      16  16  16  16  16  16  16                              20               5      19 
                                 19       5       7      21       8      16                      16                              20               5      19 
                                 19       5       7      21       8   8  -1   9   9   9   9   9  -2  10  10  10  10  10  10  10  -1   5   5   5   5      19 
                                 19       5       7      21              15                      17                              19                      19 
                                 19       5       7      21              15                      17                              19  19  19  19  19  19  19 
                                 19       5       7      21              15                      17                                                         
                                 19       5       7      21              15  15  15  15  15      17                                                         
                                 19       5       7      21                              15      17                                                         
                                 19       5       7      21  21  21  21  21  21  21      15      17                                                         
                                 19       5       7                              21      15      17                                                         
                                 19       5       7   7   7   7   7   7   7      21      15      17                                                         
                                 19       5                               7      21      15      17                                                         
                                 19       5                               7      21      15  15  -1  14  14  14  14  14  14                                 
                                 19       5                               7      21              18                      14                                 
 14  14  14  14  14  14  14      19       5                               7      21              18                      14                                 
 14                      14      19       5                               7      21              18                      14                                 
 14      22  22  22  22  -1  19  19       5                               7      21  21  21  21  -2  22  22  22  22      14                                 
 14      22              13               5                               7                      11              22      14                                 
 14      22       4   4  -1   3   3   3  -2   2   2   2   2   2   2   2  -1   1   1   1   1   1  -2   4   4      22      14                                 
 14      22       4      12               6                               6                      12       4      22      14                                 
 14      22       4      12               6   6   6   6   6   6   6   6   6                      12       4      22      14                                 
 14      22       4      12                                                                      12       4      22      14                                 
 14      22       4      12  12  12  12  12  12  12  12  12  12  12  12  12  12  12  12  12  12  12       4      22      14                                 
 14      22       4                                                                                       4      22      14                                 
 14      22       4   4   4   4   4   4   4   4   4   4   4   4   4   4   4   4   4   4   4   4   4   4   4      22      14                                 
 14      22                                                                                                      22      14                                 
 14      22  22  22  22  22  22  22  22  22  22  22  22  22  22  22  22  22  22  22  22  22  22  22  22  22  22  22      14                                 
 14                                                                                                                      14                                 
 14  14  14  14  14  14  14  14  14  14  14  14  14  14  14  14  14  14  14  14  14  14  14  14  14  14  14  14  14  14  14                                 
