                 18  18  18  18  18  18  18  18  18  18  18  18  18  18  18  18  18  18  18  18  18  18  18  18  18  18  18 
                 18                                                                                                      18 
                 18      15  15  15  15  15  15  15  15  15  15  15  15  15  15  15  15  15  15  15  15  15  15  15      18 
                 18      15                                                                                      15      18 
                 18      15      22  22  22  22  22  22  22  22  22  22  22  22  22  22  22  22  22              15      18 
                 18      15      22                                                              22              15      18 
                 18      15      22      20  20  20  20  20  20  20  20  20  20  20  20  20      22              15      18 
                 18      15      22      20                                              20      22              15      18 
                 18      15      22      20      12  12  12  12  12  12  12  12  12      20      22              15      18 
                 18      15      22      20      12                              12      20      22              15      18 
                 18      15      22      20  20  -1  21  21                      12      20      22              15      18 
                 18      15      22              11      21                      12      20      22              15      18 
                 18      15      22  22  22  22  -2  21  21                      12      20      22              15      18 
                 18      15                      10                              12      20      22              15      18 
                 18      15  15  15  15  15  15  -1  14  14  14  14  14  14      12      20      22              15      18 
                 18                               9                      14      12      20      22              15      18 
                 18  18  18  18  18  18  18  18  -2  17  17  17  17      14      12      20      22              15      18 
                                                  8              17      14      12      20      22              15      18 
 16  16  16  16  16  16  16  16  16  16  16  16  -1  17  17  17  17      14      12      20  20  -2  19  19  19  -1  18  18 
 16                                               7                      14      12               5              16         
 16       2   2   2   2   2   2   2   2   2   2  -1   1   1   1   1   1  -2   4  -1   3   3   3  -2   2   2      16         
 16       2                                       6                      13      13               6       2      16         
 16       2                                       6                      13  13  13               6       2      16         
 16       2                                       6                                               6       2      16         
 16       2                                       6   6   6   6   6   6   6   6   6   6   6   6   6       2      16         
 16       2                                                                                               2      16         
 16       2   2   2   2   2   2   2   2   2   2   2   2   2   2   2   2   2   2   2   2   2   2   2   2   2      16         
 16                                                                                                              16         
 16  16  16  16  16  16  16  16  16  16  16  16  16  16  16  16  16  16  16  16  16  16  16  16  16  16  16  16  16         
