 18  18  18  18  18  18  18  18  18  18  18  18  18  18  18  18  18  18  18  18  18  18  18  18  18  18  18                 
 18                                                                                                      18                 
 18      19  19  19  19  19  19  19  19  19  19  19  19  19  19  19  19  19  19  19  19  19  19  19      18                 
 18      19                                                                                      19      18                 
 18      19      15  15  15  15  15  15  15  15  15  15  15  15  15  15  15  15  15  15  15      19      18                 
 18      19      15                                                                      15      19      18                 
 18      19      15      20  20  20                                                      15      19      18                 
 18      19      15      20      20                                                      15      19      18                 
 18      19      15  15  -1  14  -2  13  13  13  13  13  13  13  13  13  13  13  13      15      19  19  -1  22  22  22  22 
 18      19              19      21                                              13      15              17              22 
 18      19  19  19  19  19      21                                              13      15              17              22 
 18                              21                                              13      15              17              22 
 18                              21                       2   2   2   2   2      13      15              17              22 
 18                              21                       2               2      13      15              17              22 
 18  18  18  18  18  18  18  18  -1   5   5   5   5   5  -1   6   6   6  -2   7  -1   8  -2   9   9   9  -1  10  10      22 
                                 22                       3               1      12      16              16      10      22 
                                 22                       3               1      12      16  16  16  16  16      10      22 
                                 22                       3               1      12                              10      22 
                                 22      10  10  10  10  -2  11  11       1      12                              10      22 
                                 22      10               4      11       1      12                              10      22 
                                 22      10      12  12  -1  11  11       1      12                              10      22 
                                 22      10      12       1               1      12                              10      22 
                                 22      10      12       1   1   1   1   1      12                              10      22 
                                 22      10      12                              12                              10      22 
                                 22      10      12  12  12  12  12  12  12  12  12                              10      22 
                                 22      10                                                                      10      22 
                                 22      10  10  10  10  10  10  10  10  10  10  10  10  10  10  10  10  10  10  10      22 
                                 22                                                                                      22 
                                 22  22  22  22  22  22  22  22  22  22  22  22  22  22  22  22  22  22  22  22  22  22  22 
