                          1   1   1   1   1   1   1   1   1   1   1   1   1   1   1   1   1   1   1   1   1   1   1   1   1   1   1 
                          1                                                                                                       1 
                          1      16  16  16  16  16  16  16  16  16  16  16  16  16  16  16  16  16  16  16  16  16  16  16       1 
                          1      16                                                                                      16       1 
                          1      16      22  22  22  22  22  22  22  22  22  22  22  22  22  22  22  22  22  22  22      16       1 
                          1      16      22                                                                      22      16       1 
                          1      16      22              15  15  15  15  15  15  15  15  15  15  15  15  15      22      16       1 
                          1      16      22              15                                              15      22      16       1 
                          1      16      22              15       6   6   6   6   6   6   6   6   6      15      22      16       1 
                          1      16      22              15       6                               6      15      22      16       1 
                          1      16      22              15  15  -2  14  14  14  14  14  14  14  -1  13  -2  22  22      16       1 
                          1      16      22                       5                               1      16              16       1 
                          1      16      22                       5                               1      16  16  16  16  16       1 
                          1      16      22                       5                               1                               1 
                          1      16      22                       5                               1   1   1   1   1   1   1   1   1 
                          1      16      22                       5                                                                 
                          1      16      22      20  20  20  20  -1  19  19  19  19  19  19                                         
                          1      16      22      20               4                      19                                         
 19  19  19  19  19       1      16      22      20               4                      19                                         
 19              19       1      16      22      20               4                      19                                         
 19      10  10  -1   9  -2   8  -2   7  -1  12  -2  11  11  11  -1  10  10  10  10      19                                         
 19      10      18       2      17      21      21               3              10      19                                         
 19      10      18       2      17      21  21  21               3              10      19                                         
 19      10      18       2      17                               3              10      19                                         
 19      10      18       2      17  17  17  17  17  17  17  17  -2  18  18      10      19                                         
 19      10      18       2                                       2      18      10      19                                         
 19      10      18       2   2   2   2   2   2   2   2   2   2   2      18      10      19                                         
 19      10      18                                                      18      10      19                                         
 19      10      18  18  18  18  18  18  18  18  18  18  18  18  18  18  18      10      19                                         
 19      10                                                                      10      19                                         
 19      10  10  10  10  10  10  10  10  10  10  10  10  10  10  10  10  10  10  10      19                                         
 19                                                                                      19                                         
 19  19  19  19  19  19  19  19  19  19  19  19  19  19  19  19  19  19  19  19  19  19  19                                         
