                                                  5   5   5   5   5   5   5   5   5   5   5   5   5   5   5   5   5   5   5   5   5   5   5 
                                                  5                                                                                       5 
                                                  5       7   7   7   7   7   7   7   7   7   7   7   7   7   7   7   7   7   7   7       5 
                                                  5       7                                                                       7       5 
                                                  5       7               9   9   9   9   9   9   9   9   9   9   9   9   9       7       5 
                                                  5       7               9                                               9       7       5 
                                                  5       7               9                      15  15  15  15  15       9       7       5 
                                                  5       7               9                      15              15       9       7       5 
                                                  5       7               9                      15       8   8  -1   9   9       7       5 
                                                  5       7               9                      15       8      16               7       5 
                                                  5       7               9                      15       8   8  -2   7   7   7   7       5 
                                                  5       7               9                      15              17                       5 
                                                  5       7      20  20  -1  21  21  21  21  21  -2  22  22  22  -1   5   5   5   5   5   5 
                                                  5       7      20      10                      14              18                         
 18  18  18  18  18  18  18  18  18  18  18       5       7      20      10                      14              18                         
 18                                      18       5       7      20      10                      14              18                         
 18      14  14  14  14  14  14  14      18       5       7      20      10                      14              18                         
 18      14                      14      18       5       7      20      10                      14              18                         
 18      14      19  19  19  19  -1  18  18       5       7      20  20  -2  19  19  19  19      14              18                         
 18      14      19              13               5       7              11              19      14              18                         
 18      14      19       4   4  -1   3   3   3  -2   2  -1   1   1   1  -2   4   4      19      14              18                         
 18      14      19       4      12               6       6              12       4      19      14              18                         
 18      14      19       4      12               6   6   6              12       4      19      14              18                         
 18      14      19       4      12                                      12       4      19      14              18                         
 18      14      19       4      12  12  12  12  12  12  12  12  12  12  12       4      19      14              18                         
 18      14      19       4                                                       4      19      14              18                         
 18      14      19       4   4   4   4   4   4   4   4   4   4   4   4   4   4   4      19      14              18                         
 18      14      19                                                                      19      14              18                         
 18      14      19  19  19  19  19  19  19  19  19  19  19  19  19  19  19  19  19  19  19      14              18                         
 18      14                                                                                      14              18                         
 18      14  14  14  14  14  14  14  14  14  14  14  14  14  14  14  14  14  14  14  14  14  14  14              18                         
 18                                                                                                              18                         
 18  18  18  18  18  18  18  18  18  18  18  18  18  18  18  18  18  18  18  18  18  18  18  18  18  18  18  18  18                         
