         20  20  20  20  20  20  20  20  20  20  20  20  20  20  20  20  20  20  20  20  20  20  20  20  20  20  20 
         20                                                                                                      20 
         20       6   6   6   6   6   6   6   6   6   6   6   6   6   6   6   6   6   6   6   6   6   6   6      20 
         20       6                                                                                       6      20 
         20       6      15  15  15  15  15  15  15  15  15  15  15  15  15  15  15  15  15  15  15       6      20 
         20       6      15                                                                      15       6      20 
         20       6      15                      13  13  13                                      15       6      20 
         20       6      15                      13      13                                      15       6      20 
         20       6      15              21  21  -2  22  -1   5   5   5   5   5   5   5   5   5  -2   6   6      20 
         20       6      15              21      12      14                                      14              20 
         20       6      15              21      12      14  14  14  14  14  14  14  14  14  14  14              20 
         20       6      15              21      12                                                              20 
         20       6      15              21  21  -1  20  20  20  20  20  20  20  20  20  20  20  20  20  20  20  20 
         20       6      15                      11                                                                 
  4   4  -1   1  -1   2  -2   3   3   3   3   3  -2   4   4   4   4   4   4   4   4   4   4                         
  4      19       7      16                      10                                       4                         
  4      19       7      16      18  18  18  18  -2  19  19  19  19  19  19  19  19       4                         
  4      19       7      16      18               9                              19       4                         
  4      19       7      16      18               9       7   7   7   7   7      19       4                         
  4      19       7      16      18               9       7               7      19       4                         
  4      19       7      16      18  18  18  18  -1  17  -2  16  16       7      19       4                         
  4      19       7      16                       8       8      16       7      19       4                         
  4      19       7      16                       8   8   8      16       7      19       4                         
  4      19       7      16                                      16       7      19       4                         
  4      19       7      16  16  16  16  16  16  16  16  16  16  16       7      19       4                         
  4      19       7                                                       7      19       4                         
  4      19       7   7   7   7   7   7   7   7   7   7   7   7   7   7   7      19       4                         
  4      19                                                                      19       4                         
  4      19  19  19  19  19  19  19  19  19  19  19  19  19  19  19  19  19  19  19       4                         
  4                                                                                       4                         
  4   4   4   4   4   4   4   4   4   4   4   4   4   4   4   4   4   4   4   4   4   4   4                         
