                  9   9   9   9   9   9   9   9   9   9   9   9   9   9   9   9   9   9   9   9   9   9   9   9   9   9   9 
                  9                                                                                                       9 
                  9      18  18  18  18  18  18  18  18  18  18  18  18  18  18  18  18  18  18  18  18  18  18  18       9 
                  9      18                                                                                      18       9 
                  9      18      16  16  16  16  16  16  16  16  16  16  16  16  16  16  16  16  16  16  16      18       9 
                  9      18      16                                                                      16      18       9 
                  9      18      16      11  11  11  11  11  11  11  11  11  11  11  11  11  11  11      16      18       9 
                  9      18      16      11                                                      11      16      18       9 
                  9      18      16      11      13  13  13  13  13  13  13  13  13              11      16      18       9 
                  9      18      16      11      13                              13              11      16      18       9 
                  9      18      16      11      13      20  20  20  20  20      13              11      16      18       9 
                  9      18      16      11      13      20              20      13              11      16      18       9 
                  9      18      16      11      13      20      14  14  -2  13  13              11      16      18       9 
                  9      18      16      11      13      20      14      21                      11      16      18       9 
         17  17  -1  18  18      16      11      13      20      14  14  -1  15  15  15  15  15  -1  16  16      18       9 
         17       8              16      11      13      20              22                      10              18       9 
         17  17  -2  16  16  16  16      11      13      20  20  20  20  -2  19  19  19  19  19  -2  18  18  18  18       9 
                  7                      11      13                       5                       9                       9 
                  7                      11      13                       5                       9   9   9   9   9   9   9 
                  7                      11      13                       5                                                 
  2   2   2   2  -1   1   1   1   1   1  -2   4  -1   3   3   3   3   3  -2   2   2   2   2                                 
  2               6                      12      12                       6               2                                 
  2               6                      12  12  12                       6               2                                 
  2               6                                                       6               2                                 
  2               6   6   6   6   6   6   6   6   6   6   6   6   6   6   6               2                                 
  2                                                                                       2                                 
  2   2   2   2   2   2   2   2   2   2   2   2   2   2   2   2   2   2   2   2   2   2   2                                 
