  3   3   3   3   3   3   3   3   3                                                                                                 
  3                               3                                                                                                 
  3       8   8   8   8   8   8  -1   7   7   7   7   7   7   7   7   7   7   7   7   7   7   7   7   7   7   7   7   7   7   7   7 
  3       8                       2                                                                                               7 
  3       8   8   8   8   8   8  -2   9   9                                                                                       7 
  3                               1       9                                                                                       7 
  3              10  10  10  10  -1   9   9                                                                                       7 
  3              10               6                                                                                               7 
  3              10      14  14  -1  15  15  15  15  15  15  15  15  15  15  15  15  15  15  15  15  15  15  15  15  15  15       7 
  3              10      14       5                                                                                      15       7 
  3              10      14       5                      13  13  13  13  13  13  13  13  13  13  13  13  13  13  13      15       7 
  3              10      14       5                      13                                                      13      15       7 
  3              10      14       5                      13      19  19  19  19  19  19  19  19  19  19  19      13      15       7 
  3              10      14       5                      13      19                                      19      13      15       7 
  3              10      14       5                      13      19      22  22  22  22  22  22  22      19      13      15       7 
  3              10      14       5                      13      19      22                      22      19      13      15       7 
  3              10      14       5                      13      19      22      16  16  16      22      19      13      15       7 
  3              10      14       5                      13      19      22      16      16      22      19      13      15       7 
  3              10      14  14  -2  13  13  13  13  13  13      19      22  22  -2  21  -1  20  -2  19  19      13      15       7 
  3              10               4                              19              17      15      13              13      15       7 
  3              10               4                              19              17      15      13  13  13  13  13      15       7 
  3              10               4                              19              17      15                              15       7 
  3              10               4                              19              17      15  15  15  15  15  15  15  15  15       7 
  3              10               4                              19              17                                               7 
  3              10               4              19  19  19  19  19              17                                               7 
  3              10               4              19                              17                                               7 
  3              10  10  10  10  -2  11  11  11  -1  12  12  12  12  12  12  12  -2   7   7   7   7   7   7   7   7   7   7   7   7 
  3                               3              18                              18                                                 
  3                               3              18  18  18  18  18  18  18  18  18                                                 
  3                               3                                                                                                 
  3   3   3   3   3   3   3   3   3                                                                                                 
