  8   8   8   8   8   8   8   8   8   8   8   8   8   8   8   8   8   8   8   8   8   8   8   8   8   8   8 
  8                                                                                                       8 
  8      20  20  20  20  20  20  20  20  20  20  20  20  20  20  20  20  20  20  20                       8 
  8      20                                                                      20                       8 
  8      20      10  10  10  10  10  10  10  10  10  10  10  10  10              20                       8 
  8      20      10                                              10              20                       8 
  8      20      10      17  17  17  17  17  17  17  17  17      10              20                       8 
  8      20      10      17                              17      10              20                       8 
  8      20      10      17      13  13  13  13  13      17      10              20                       8 
  8      20      10      17      13              13      17      10              20                       8 
  8   8  -1   1  -1   2  -2   3  -2   4   4   4  -1   5  -1   6  -2   7   7   7  -2   8   8   8   8   8   8 
         19      11      18      12              14      16       9              21                         
         19      11      18  18  -2  19  19      14      16       9      15  15  -2  14  14  14  14         
         19      11              11      19      14      16       9      15      22              14         
         19      11  11  11  11  11      19      14      16       9      15      22              14         
         19                              19      14      16       9      15      22              14         
         19  19  19  19  19  19  19  19  19      14      16       9      15      22              14         
                                                 14      16       9      15      22              14         
                                                 14      16       9      15  15  -1  16  16      14         
                                                 14      16       9               9      16      14         
                                                 14      16       9   9   9   9   9      16      14         
                                                 14      16                              16      14         
                                                 14      16  16  16  16  16  16  16  16  16      14         
                                                 14                                              14         
                                                 14  14  14  14  14  14  14  14  14  14  14  14  14         
