         22  22  22  22  22  22  22  22  22  22  22  22  22  22  22  22  22  22  22  22  22  22  22  22  22 
         22                                                                                              22 
         22      20  20  20  20  20  20  20  20  20  20  20  20  20  20  20  20  20  20  20  20  20      22 
         22      20                                                                              20      22 
         22      20       5   5   5   5   5                                                      20      22 
         22      20       5               5                                                      20      22 
         22      20  20  -1  21  21       5                                                      20      22 
         22               6      21       5                                                      20      22 
         22  22  22  22  -2  21  21       5                                                      20      22 
                          7               5                                                      20      22 
                          7               5       3   3   3   3   3   3   3   3   3   3   3      20      22 
                          7               5       3                                       3      20      22 
                          7               5       3       1   1   1   1   1   1   1       3      20      22 
                          7               5       3       1                       1       3      20      22 
                          7               5       3       1      18  18  18       1       3      20      22 
                          7               5       3       1      18      18       1       3      20      22 
 17  17  17  17  17  17  -1  16  16  16  -2  15  -1  14  -2  13  -1  12  -2  11  -2  10  -1   9  -1  22  22 
 17                       8               4       4       8      17      19       2       2      19         
 17                       8               4   4   4       8      17      19       2       2      19         
 17                       8                               8      17      19       2       2      19         
 17                       8   8   8   8   8   8   8   8   8      17      19       2       2      19         
 17                                                              17      19       2       2      19         
 17  17  17  17  17  17  17  17  17  17  17  17  17  17  17  17  17      19       2       2      19         
                                                                         19       2       2      19         
                                                                         19       2   2   2      19         
                                                                         19                      19         
                                                                         19  19  19  19  19  19  19         
