  8   8   8   8   8   8   8   8   8   8   8                                                                 
  8                                       8                                                                 
  8      15  15  15  15  15  15  15  15  -1  14  14  14  14  14  14  14  14  14  14  14  14  14  14  14  14 
  8      15                               7                                                              14 
  8      15      10  10  10  10  10  10  -1   9   9   9   9   9   9   9   9   9   9   9   9   9   9      14 
  8      15      10                       6                                                       9      14 
  8      15      10              20  20  -2  21  21  21  21  21  21  21  21  21  21  21  21       9      14 
  8      15      10              20       5                                              21       9      14 
  8      15      10              20  20  -1  19  19  19  19  19  19  19  19  19  19      21       9      14 
  8      15      10                       4                                      19      21       9      14 
  8      15      10      12  12  12  12  -2  13  13  13  13                      19      21       9      14 
  8      15      10      12               3              13                      19      21       9      14 
  8      15      10      12  12  12  12  -1  11  11      13                      19      21       9      14 
  8      15      10                       2      11      13                      19      21       9      14 
  8      15      10  10  10  10  10  10  -2  11  11      13                      19      21       9      14 
  8      15                               1              13                      19      21       9      14 
  8      15                               1              13      22  22  22      19      21       9      14 
  8      15                               1              13      22      22      19      21       9      14 
  8      15  15  15  15  15  15  15  15  -2  16  16  16  -1  17  -1  18  -2  19  19      21       9      14 
  8                                       8              14       9      21              21       9      14 
  8                                       8              14       9      21  21  21  21  21       9      14 
  8                                       8              14       9                               9      14 
  8                                       8              14       9   9   9   9   9   9   9   9   9      14 
  8                                       8              14                                              14 
  8                                       8              14  14  14  14  14  14  14  14  14  14  14  14  14 
  8                                       8                                                                 
  8   8   8   8   8   8   8   8   8   8   8                                                                 
