                 22  22  22  22  22  22  22  22  22  22  22  22  22  22  22  22  22  22  22  22  22  22  22                 
                 22                                                                                      22                 
                 22      20  20  20  20  20  20  20  20  20  20  20  20  20  20  20  20  20  20  20      22                 
                 22      20                                                                      20      22                 
                 22      20              12  12  12  12  12  12  12  12  12  12  12  12  12      20      22                 
                 22      20              12                                              12      20      22                 
                 22      20              12                      14  14  14  14  14      12      20      22                 
                 22      20              12                      14              14      12      20      22                 
                 22      20      16  16  -2  17  17  17  17  17  -1  18  18      14      12      20      22                 
                 22      20      16      11                      15      18      14      12      20      22                 
                 22      20      16  16  -1  15  15  15  15  15  15      18      14      12      20      22                 
                 22      20              10                              18      14      12      20      22                 
                 22      20  20  20  20  -1  21  21                      18      14      12      20      22                 
                 22                       9      21                      18      14      12      20      22                 
                 22                       9      21      18  18  18  18  18      14      12      20      22                 
                 22                       9      21      18                      14      12      20      22                 
                 22                       9      21      18      14  14  14  14  14      12      20      22                 
                 22                       9      21      18      14                      12      20      22                 
                 22  22  22  22  22  22  -2  21  21      18      14                      12      20      22                 
                                          8              18      14                      12      20      22                 
 19  19  19  19  19  19  19  19  19  19  -1  18  18  18  18      14                      12      20  20  -2  19  19  19  19 
 19                                       7                      14                      12               5              19 
 19       2   2   2   2   2   2   2   2  -1   1   1   1   1   1  -2   4   4   4   4   4  -1   3   3   3  -2   2   2      19 
 19       2                               6                      13                      13               6       2      19 
 19       2                               6                      13  13  13  13  13  13  13               6       2      19 
 19       2                               6                                                               6       2      19 
 19       2                               6   6   6   6   6   6   6   6   6   6   6   6   6   6   6   6   6       2      19 
 19       2                                                                                                       2      19 
 19       2   2   2   2   2   2   2   2   2   2   2   2   2   2   2   2   2   2   2   2   2   2   2   2   2   2   2      19 
 19                                                                                                                      19 
 19  19  19  19  19  19  19  19  19  19  19  19  19  19  19  19  19  19  19  19  19  19  19  19  19  19  19  19  19  19  19 
