         15  15  15  15  15  15  15  15  15  15  15  15  15  15  15  15  15  15  15                 
         15                                                                      15                 
         15       1   1   1   1   1   1   1   1   1   1   1   1   1   1   1      15                 
         15       1                                                       1      15                 
         15       1              16  16  16  16  16  16  16  16  16       1      15                 
         15       1              16                              16       1      15                 
         15       1              16      22  22  22              16       1      15                 
         15       1              16      22      22              16       1      15                 
         15       1              16  16  -1  17  -2  18  18      16       1      15                 
         15       1                      21      11      18      16       1      15                 
         15       1      12  12  12  12  -2  11  11      18      16  16  -2  15  15                 
         15       1      12              20              18               4                         
         15       1      12              20      18  18  18               4                         
         15       1      12              20      18                       4                         
  8   8  -1   7  -2   6  -2   5   5   5  -1  10  -2   9   9   9   9   9  -1   8   8   8   8   8   8 
  8      14       2      13              19      19                       3                       8 
  8      14       2      13              19  19  19                       3                       8 
  8      14       2      13                                               3                       8 
  8      14       2      13  13  13  13  13  13  13  13  13  13  13  13  -1  14  14  14  14       8 
  8      14       2                                                       2              14       8 
  8      14       2   2   2   2   2   2   2   2   2   2   2   2   2   2   2              14       8 
  8      14                                                                              14       8 
  8      14  14  14  14  14  14  14  14  14  14  14  14  14  14  14  14  14  14  14  14  14       8 
  8                                                                                               8 
  8   8   8   8   8   8   8   8   8   8   8   8   8   8   8   8   8   8   8   8   8   8   8   8   8 
