 21  21  21  21  21  21  21  21  21  21  21  21  21  21  21  21  21  21  21  21  21  21  21  21  21  21  21  21  21         
 21                                                                                                              21         
 21      19  19  19  19  19  19  19  19  19  19  19  19  19  19  19  19  19  19  19  19  19  19  19  19  19      21         
 21      19                                                                                              19      21         
 21      19      17  17  17  17  17  17  17  17  17  17  17  17  17  17  17  17  17                      19      21         
 21      19      17                                                              17                      19      21         
 21      19      17                                       2   2   2   2   2      17                      19      21         
 21      19      17                                       2               2      17                      19      21         
 21      19      17                                       2               2      17      15  15  15      19      21         
 21      19      17                                       2               2      17      15      15      19      21         
 21      19      17      22  22  22                       2               2      17      15      15      19      21         
 21      19      17      22      22                       2               2      17      15      15      19      21         
 21      19      17  17  -1  18  -2   5   5   5   5   5  -1   6   6   6  -2   7  -2   8  -1   9  -2  10  -2  11  -1  12  12 
 21      19              19      21                       3               1      16      16      14      20      20      12 
 21      19              19      21                       3               1      16      16      14      20  20  20      12 
 21      19              19      21                       3               1      16      16      14                      12 
 21      19  19  19  19  19      21                       3               1      16      16      14                      12 
 21                              21                       3               1      16      16      14                      12 
 21  21  21  21  21  21  21  21  21                       3               1      16      16      14                      12 
                                                          3               1      16      16      14                      12 
                                                          3               1      16  16  16      14                      12 
                                                          3               1                      14                      12 
                                         12  12  12  12  -2  13  13       1                      14                      12 
                                         12               4      13       1                      14                      12 
                                         12      14  14  -1  13  13       1                      14                      12 
                                         12      14       1               1                      14                      12 
                                         12      14       1   1   1   1   1                      14                      12 
                                         12      14                                              14                      12 
                                         12      14  14  14  14  14  14  14  14  14  14  14  14  14                      12 
                                         12                                                                              12 
                                         12  12  12  12  12  12  12  12  12  12  12  12  12  12  12  12  12  12  12  12  12 
