                         10  10  10  10  10  10  10  10  10  10  10  10  10  10  10  10  10  10  10  10  10  10  10 
                         10                                                                                      10 
                 17  17  -1  16  16  16  16                                                                      10 
                 17       9              16                                                                      10 
                 17       9              16      14  14  14  14  14  14  14  14  14  14  14  14  14  14  14      10 
                 17       9              16      14                                                      14      10 
                 17       9              16      14      21  21  21  21  21  21  21  21  21  21  21      14      10 
                 17       9              16      14      21                                      21      14      10 
                 17       9              16      14      21      12  12  12  12  12  12  12      21      14      10 
                 17       9              16      14      21      12                      12      21      14      10 
                 17  17  -2  18  18      16      14      21      12              20  20  -1  21  21      14      10 
                          8      18      16      14      21      12              20      11              14      10 
 19  19  19  19  19  19  -1  18  18      16      14      21  21  -2  22  22  22  -1  13  -2  14  14  14  14      10 
 19                       7              16      14               5              19      10                      10 
 19                       7              16      14               5              19      10  10  10  10  10  10  10 
 19                       7              16      14               5              19                                 
 19       2   2   2   2  -1   1   1   1  -2   4  -1   3   3   3  -2   2   2      19                                 
 19       2               6              15      15               6       2      19                                 
 19       2               6              15  15  15               6       2      19                                 
 19       2               6                                       6       2      19                                 
 19       2               6   6   6   6   6   6   6   6   6   6   6       2      19                                 
 19       2                                                               2      19                                 
 19       2   2   2   2   2   2   2   2   2   2   2   2   2   2   2   2   2      19                                 
 19                                                                              19                                 
 19  19  19  19  19  19  19  19  19  19  19  19  19  19  19  19  19  19  19  19  19                                 
