                                                          4   4   4   4   4   4   4   4   4 
                                                          4                               4 
  9   9   9   9   9   9   9   9   9   9   9   9   9   9  -1   8   8   8   8   8   8       4 
  9                                                       3                       8       4 
  9      17  17  17  17  17  17  17  17  17  17  17  17  -1  18  18  18  18       8       4 
  9      17                                               2              18       8       4 
  9      17       6   6   6   6   6   6   6   6   6   6  -2   7   7      18       8       4 
  9      17       6                                       1       7      18       8       4 
  9      17       6                      12  12  12       1       7      18       8       4 
  9      17       6                      12      12       1       7      18       8       4 
  9      17       6      14  14  14      12      12       1       7      18       8       4 
  9      17       6      14      14      12      12       1       7      18       8       4 
  9      17       6   6  -2   5  -1  22  -2  21  -1  20  -2  19  -2  18  18       8       4 
  9      17              15      13      13      11       4       8               8       4 
  9      17              15      13  13  13      11       4       8               8       4 
  9      17              15                      11       4       8               8       4 
  9      17              15                      11       4       8   8   8   8   8       4 
  9      17              15                      11       4                               4 
  9      17              15                      11       4   4   4   4   4   4   4   4   4 
  9      17              15                      11                                         
  9   9  -2  10  10  10  -1  11  11  11  11  11  11                                         
         16              16                                                                 
         16  16  16  16  16                                                                 
