                                  9   9   9   9   9   9   9   9   9   9   9   9   9   9   9   9   9   9   9 
                                  9                                                                       9 
  1   1   1   1   1   1   1   1  -2   4   4                                                               9 
  1                              10       4                                                               9 
  1       3   3   3   3   3   3  -1   4   4                                                               9 
  1       3                      11                                                                       9 
  1       3      17  17  17  17  -1  16  16  16  16  16  16  16  16  16  16  16  16  16  16  16  16       9 
  1       3      17              12                                                              16       9 
  1       3      17              12              14  14  14  14  14  14  14  14  14  14  14      16       9 
  1       3      17              12              14                                      14      16       9 
  1       3      17              12              14                       2   2   2      14      16       9 
  1       3      17              12              14                       2       2      14      16       9 
  1       3      17              12              14      18  18  18       2       2      14      16       9 
  1       3      17              12              14      18      18       2       2      14      16       9 
  1       3      17      19  19  -2  20  20  20  -1  21  -2  22  -1   5  -1   6  -2   7  -2   8  -1   9   9 
  1       3      17      19      13              13      19      17       3       1      15      15         
  1       3      17      19      13              13      19      17       3       1      15  15  15         
  1       3      17      19      13              13      19      17       3       1                         
  1       3      17      19      13  13  13  13  13      19      17       3       1                         
  1       3      17      19                              19      17       3       1                         
  1       3      17      19  19  19  19  19  19  19  19  19      17       3       1                         
  1       3      17                                              17       3       1                         
  1       3      17  17  17  17  17  17  17  17  17  17  17  17  17       3       1                         
  1       3                                                               3       1                         
  1       3   3   3   3   3   3   3   3   3   3   3   3   3   3   3   3   3       1                         
  1                                                                               1                         
  1   1   1   1   1   1   1   1   1   1   1   1   1   1   1   1   1   1   1   1   1                         
