                                          1   1   1   1   1   1   1   1   1   1   1   1   1   1   1 
                                          1                                                       1 
                                          1                      12  12  12  12  12  12  12       1 
                                          1                      12                      12       1 
                                          1       3   3   3   3  -2   4   4   4   4   4  -1   1   1 
                                          1       3              13                      11         
                                          1       3      22  22  -1  19  19  19  19      11         
                                          1       3      22      14              19      11         
         20  20  20  20  20  20  20       1       3      22      14              19      11         
         20                      20       1       3      22      14              19      11         
         20      16  16  16      20       1       3      22      14              19      11         
         20      16      16      20       1       3      22      14              19      11         
 11  11  -1  10  -2   9  -1   8  -2   7  -2   6  -1   5  -1  18  -2  17  17      19      11         
 11      19      17      15      21       2       2      21      15      17      19      11         
 11      19      17      15      21       2   2   2      21      15      17      19      11         
 11      19      17      15      21                      21      15      17      19      11         
 11      19      17      15      21  21  21  21  21  21  21      15      17      19      11         
 11      19      17      15                                      15      17      19      11         
 11      19      17      15  15  15  15  15  15  15  15  15  15  15      17      19      11         
 11      19      17                                                      17      19      11         
 11      19      17  17  17  17  17  17  17  17  17  17  17  17  17  17  17      19      11         
 11      19                                                                      19      11         
 11      19  19  19  19  19  19  19  19  19  19  19  19  19  19  19  19  19  19  19      11         
 11                                                                                      11         
 11  11  11  11  11  11  11  11  11  11  11  11  11  11  11  11  11  11  11  11  11  11  11         
