                 11  11  11  11  11  11  11  11  11  11  11  11  11  11  11  11  11         
                 11                                                              11         
                 11      17  17  17  17  17  17  17  17  17  17  17  17  17      11         
                 11      17                                              17      11         
                 11      17       6   6   6   6   6   6   6   6   6      17      11         
                 11      17       6                               6      17      11         
                 11      17       6      14  14  14  14  14       6      17      11         
                 11      17       6      14              14       6      17      11         
                 11      17       6   6  -2   5   5      14       6      17      11         
                 11      17              15       5      14       6      17      11         
                 11  11  -2  12  12  12  -1  13  -2  14  14       6      17      11         
                         16              16      22               6      17      11         
                         16  16  16  16  16      22               6      17      11         
                                                 22               6      17      11         
  4   4   4   4   4   4   4   4   4   4   4   4  -2   1   1   1  -1   2  -2   3  -1   4   4 
  4                                              21               7      18      10       4 
  4                      19  19  19  19  19      21               7      18      10       4 
  4                      19              19      21               7      18      10       4 
  4      10  10  10  10  -1   9   9   9  -2   8  -1   7   7   7   7      18      10       4 
  4      10              18              20      20                      18      10       4 
  4      10              18              20  20  20                      18      10       4 
  4      10              18                                              18      10       4 
  4      10              18  18  18  18  18  18  18  18  18  18  18  18  18      10       4 
  4      10                                                                      10       4 
  4      10  10  10  10  10  10  10  10  10  10  10  10  10  10  10  10  10  10  10       4 
  4                                                                                       4 
  4   4   4   4   4   4   4   4   4   4   4   4   4   4   4   4   4   4   4   4   4   4   4 
