                                                 11  11  11  11  11  11  11  11  11  11  11  11  11  11  11  11  11  11  11  11  11  11  11  11  11 
                                                 11                                                                                              11 
                                                 11      16  16  16  16  16  16  16  16  16  16  16  16  16  16  16  16  16  16  16  16  16      11 
                                                 11      16                                                                              16      11 
                                                 11      16       6   6   6   6   6   6   6   6   6   6   6   6   6   6   6   6   6      16      11 
                                                 11      16       6                                                               6      16      11 
 13  13  13  13  13  13  13  13  13  13  13      11      16       6                                                               6      16      11 
 13                                      13      11      16       6                                                               6      16      11 
 13       7   7   7   7   7              13      11      16       6                                                               6      16      11 
 13       7               7              13      11      16       6                                                               6      16      11 
 13       7               7              13      11      16       6      17  17  17  17  17  17  17  17  17  17  17  17  17       6      16      11 
 13       7               7              13      11      16       6      17                                              17       6      16      11 
 13       7               7              13      11      16       6      17               8   8   8                      17       6      16      11 
 13       7               7              13      11      16       6      17               8       8                      17       6      16      11 
 13       7               7              13      11      16       6      17               8       8      12  12  12      17       6      16      11 
 13       7               7              13      11      16       6      17               8       8      12      12      17       6      16      11 
 13       7       9   9  -1  10  10  10  -2  11  11      16       6   6  -2   1   1   1  -1   2  -2   3  -1   4  -2   5  -1   6   6      16      11 
 13       7       9      22              14              16              18               9       7      13      11      16              16      11 
 13       7       9      22              14              16              18               9       7      13      11      16  16  16  16  16      11 
 13       7       9      22              14              16              18               9       7      13      11                              11 
 13       7       9      22              14              16              18               9       7      13      11  11  11  11  11  11  11  11  11 
 13       7       9      22              14              16              18               9       7      13                                         
 13       7       9      22      19  19  -2  20  20  20  -1  21  21  21  -2  22  22       9       7      13                                         
 13       7       9      22      19      15              15              19      22       9       7      13                                         
 13       7       9      22      19      15  15  15  15  15              19      22       9       7      13                                         
 13       7       9      22      19                                      19      22       9       7      13                                         
 13       7       9      22      19  19  19  19  19  19  19  19  19  19  19      22       9       7      13                                         
 13       7       9      22                                                      22       9       7      13                                         
 13       7       9      22  22  22  22  22  22  22  22  22  22  22  22  22  22  22       9       7      13                                         
 13       7       9                                                                       9       7      13                                         
 13       7       9   9   9   9   9   9   9   9   9   9   9   9   9   9   9   9   9   9   9       7      13                                         
 13       7                                                                                       7      13                                         
 13       7   7   7   7   7   7   7   7   7   7   7   7   7   7   7   7   7   7   7   7   7   7   7      13                                         
 13                                                                                                      13                                         
 13  13  13  13  13  13  13  13  13  13  13  13  13  13  13  13  13  13  13  13  13  13  13  13  13  13  13                                         
