                         18  18  18  18  18  18  18  18  18  18  18  18  18  18  18  18  18  18  18  18  18  18  18         
                         18                                                                                      18         
                         18       9   9   9   9   9   9   9   9   9   9   9   9   9   9   9   9   9   9   9      18         
                         18       9                                                                       9      18         
                         18       9       2   2   2   2   2   2   2   2   2   2   2   2   2   2   2       9      18         
                         18       9       2                                                       2       9      18         
                         18       9       2       6   6   6   6   6   6   6   6   6   6   6       2       9      18         
                         18       9       2       6                                       6       2       9      18         
 12  12  12  12  12      18       9       2       6                                       6       2       9      18         
 12              12      18       9       2       6                                       6       2       9      18         
 12              12      18       9       2       6              13  13  13               6       2       9      18         
 12              12      18       9       2       6              13      13               6       2       9      18         
 12      19  19  -1  18  18       9       2   2  -2   3   3   3  -1   4  -2   1   1   1  -1   2   2       9      18         
 12      19      11               9               5              12      14               7               9      18         
 12      19  19  -2  20  20  20  -1  21  21  21  -2  22  22      12      14      17  17  -1  16  16  16  -2  15  -1  14  14 
 12              22              10              10      22      12      14      17       8               8      17      14 
 12              22              10  10  10  10  10      22      12      14      17       8               8      17      14 
 12              22                                      22      12      14      17       8               8      17      14 
 12              22  22  22  22  22  22  22  22  22  22  22      12      14      17       8               8      17      14 
 12                                                              12      14      17       8               8      17      14 
 12  12  12  12  12  12  12  12  12  12  12  12  12  12  12  12  12      14      17       8               8      17      14 
                                                                         14      17       8               8      17      14 
                                                                         14      17       8   8   8   8   8      17      14 
                                                                         14      17                              17      14 
                                                                         14      17  17  17  17  17  17  17  17  17      14 
                                                                         14                                              14 
                                                                         14  14  14  14  14  14  14  14  14  14  14  14  14 
