                                         19  19  19  19  19  19  19  19  19  19  19  19  19  19  19  19  19  19  19  19  19  19  19  19  19 
                                         19                                                                                              19 
                                         19      21  21  21  21  21  21  21  21  21  21  21  21  21  21  21  21  21  21  21  21  21      19 
                                         19      21                                                                              21      19 
                                         19      21       9   9   9   9   9   9   9   9   9   9   9   9   9   9   9   9   9      21      19 
                                         19      21       9                                                               9      21      19 
                                         19      21       9      22  22  22  22  22  22  22  22  22  22  22  22  22       9      21      19 
                                         19      21       9      22                                              22       9      21      19 
                                         19      21       9      22      18  18  18  18  18  18  18  18  18      22       9      21      19 
                                         19      21       9      22      18                              18      22       9      21      19 
                                         19      21       9      22      18               2   2   2      18      22       9      21      19 
                                         19      21       9      22      18               2       2      18      22       9      21      19 
                                         19      21       9      22  22  -1   5   5   5  -1   6  -2   7  -2   8  -1   9   9      21      19 
                                         19      21       9              17               3       1      19      21              21      19 
                                         19      21       9              17               3       1      19      21  21  21  21  21      19 
                                         19      21       9              17               3       1      19                              19 
                                         19      21       9              17               3       1      19  19  19  19  19  19  19  19  19 
                                         19      21       9              17               3       1                                         
                                         19      21       9   9   9   9  -1  10  10       3       1                                         
                                         19      21                      16      10       3       1                                         
  1   1   1   1   1   1   1   1   1      19      21                      16      10       3       1                                         
  1                               1      19      21                      16      10       3       1                                         
  1       3   3   3   3   3       1      19      21                      16      10       3       1                                         
  1       3               3       1      19      21                      16      10       3       1                                         
  1       3      15  15  -2  14  -1  13  -1  12  -2  11  11  11  11  11  -2  10  10       3       1                                         
  1       3      15       4       4      20      20                      15               3       1                                         
  1       3      15       4       4      20  20  20                      15               3       1                                         
  1       3      15       4       4                                      15               3       1                                         
  1       3      15       4   4   4                                      15               3       1                                         
  1       3      15                                                      15               3       1                                         
  1       3      15  15  15  15  15  15  15  15  15  15  15  15  15  15  15               3       1                                         
  1       3                                                                               3       1                                         
  1       3   3   3   3   3   3   3   3   3   3   3   3   3   3   3   3   3   3   3   3   3       1                                         
  1                                                                                               1                                         
  1   1   1   1   1   1   1   1   1   1   1   1   1   1   1   1   1   1   1   1   1   1   1   1   1                                         
