         22  22  22  22  22  22  22  22  22  22  22  22  22  22  22  22  22  22  22  22  22  22  22 
         22                                                                                      22 
         22       1   1   1   1   1   1   1   1   1   1   1   1   1   1   1                      22 
         22       1                                                       1                      22 
         22  22  -2  21  21  21  21  21  21  21  21                       1                      22 
                  8                              21                       1                      22 
                  8                              21       3   3   3       1                      22 
                  8                              21       3       3       1                      22 
                  8       6   6   6   6   6      21       3       3       1                      22 
                  8       6               6      21       3       3       1                      22 
                  8       6               6      21       3       3       1      18  18  18      22 
                  8       6               6      21       3       3       1      18      18      22 
 17  17  17  17  -1  16  -2  15  15  15  -1  14  -1  13  -2  12  -1  11  -2  10  -2   9  -1  22  22 
 17               7       7               5      20       4       2       2      19      17         
 17               7   7   7               5      20       4       2       2      19      17         
 17                                       5      20       4       2       2      19      17         
 17                                       5      20       4       2   2   2      19      17         
 17                                       5      20       4                      19      17         
 17                              19  19  -1  20  20       4                      19      17         
 17                              19       4               4                      19      17         
 17                              19       4   4   4   4   4                      19      17         
 17                              19                                              19      17         
 17                              19  19  19  19  19  19  19  19  19  19  19  19  19      17         
 17                                                                                      17         
 17  17  17  17  17  17  17  17  17  17  17  17  17  17  17  17  17  17  17  17  17  17  17         
