                                         22  22  22  22  22  22  22  22  22  22  22  22  22  22  22  22  22  22  22  22  22  22  22 
                                         22                                                                                      22 
                                         22      18  18  18  18  18  18  18  18  18  18  18  18  18  18  18  18  18  18  18      22 
                                         22      18                                                                      18      22 
                                         22      18       3   3   3   3   3   3   3   3   3   3   3   3   3   3   3      18      22 
                                         22      18       3                                                       3      18      22 
                                         22      18       3                               6   6   6   6   6       3      18      22 
                                         22      18       3                               6               6       3      18      22 
                                         22      18       3      13  13  13  13  13       6               6       3      18      22 
                                         22      18       3      13              13       6               6       3      18      22 
                                         22      18       3   3  -1   4   4   4  -2   1  -1   2   2   2  -2   3   3      18      22 
                                         22      18              12              14       7               5              18      22 
                                         22  22  -1  21  21  21  -2  20  20      14       7      17  17  -1  18  18  18  18      22 
                                                 19              11      20      14       7      17      22                      22 
                                                 19              11      20      14       7      17      22  22  22  22  22  22  22 
                                                 19              11      20      14       7      17                                 
                         15  15  15              19              11      20      14       7      17                                 
                         15      15              19              11      20      14       7      17                                 
 17  17  17  17  17      15      15              19              11      20      14       7      17                                 
 17              17      15      15              19              11      20      14       7      17                                 
 17       7   7  -2   8  -1   9  -2  10  10  10  -2  11  11  11  11      20      14       7      17                                 
 17       7      16      16      14              20                      20      14       7      17                                 
 17       7      16      16      14              20  20  20  20  20  20  20      14       7      17                                 
 17       7      16      16      14                                              14       7      17                                 
 17       7      16  16  16      14                                              14       7      17                                 
 17       7                      14                                              14       7      17                                 
 17       7                      14  14  14  14  14  14  14  14  14  14  14  14  14       7      17                                 
 17       7                                                                               7      17                                 
 17       7   7   7   7   7   7   7   7   7   7   7   7   7   7   7   7   7   7   7   7   7      17                                 
 17                                                                                              17                                 
 17  17  17  17  17  17  17  17  17  17  17  17  17  17  17  17  17  17  17  17  17  17  17  17  17                                 
