                                 11  11  11  11  11  11  11  11  11  11  11  11  11  11  11  11  11  11  11  11  11  11  11  11  11 
                                 11                                                                                              11 
                                 11      13  13  13  13  13  13  13  13  13  13  13  13  13  13  13  13  13  13  13  13  13      11 
                                 11      13                                                                              13      11 
                                 11  11  -2  22  22                                                                      13      11 
                                         14      22                                                                      13      11 
                                         14      22      17  17  17  17  17  17  17  17  17  17  17  17  17  17  17      13      11 
                                         14      22      17                                                      17      13      11 
                                         14      22      17       3   3   3   3   3   3   3   3   3   3   3      17      13      11 
                                         14      22      17       3                                       3      17      13      11 
                                         14      22      17       3      18  18  18  18  18  18  18       3      17      13      11 
                                         14      22      17       3      18                      18       3      17      13      11 
                                         14      22      17       3      18      12  12  12      18       3      17      13      11 
                                         14      22      17       3      18      12      12      18       3      17      13      11 
 19  19  19  19  19  19  19              14      22      17       3      18      12      12      18       3      17      13      11 
 19                      19              14      22      17       3      18      12      12      18       3      17      13      11 
 19       4   4   4   4  -1   5   5   5  -2   6  -1   7  -2   8  -1   9  -2  10  -2   1  -1   2  -1   3   3      17      13      11 
 19       4              20              15      21      16       4      19      11      13      17              17      13      11 
 19       4              20              15      21      16       4      19      11      13      17  17  17  17  17      13      11 
 19       4              20              15      21      16       4      19      11      13                              13      11 
 19       4              20              15      21      16       4      19      11      13  13  13  13  13  13  13  13  13      11 
 19       4              20              15      21      16       4      19      11                                              11 
 19       4              20              15      21      16       4      19      11  11  11  11  11  11  11  11  11  11  11  11  11 
 19       4              20              15      21      16       4      19                                                         
 19       4      16  16  -2  15  15  15  15      21      16       4      19                                                         
 19       4      16      21                      21      16       4      19                                                         
 19       4      16      21  21  21  21  21  21  21      16       4      19                                                         
 19       4      16                                      16       4      19                                                         
 19       4      16  16  16  16  16  16  16  16  16  16  16       4      19                                                         
 19       4                                                       4      19                                                         
 19       4   4   4   4   4   4   4   4   4   4   4   4   4   4   4      19                                                         
 19                                                                      19                                                         
 19  19  19  19  19  19  19  19  19  19  19  19  19  19  19  19  19  19  19                                                         
