 10  10  10  10  10  10  10  10  10  10  10  10  10  10  10  10  10  10  10  10  10  10  10                         
 10                                                                                      10                         
 10      17  17  17  17  17  17  17  17  17  17  17  17  17  17  17  17  17  17  17      10                         
 10      17                                                                      17      10                         
 10      17      15  15  15  15  15  15  15  15  15                              17      10                         
 10      17      15                              15                              17      10                         
 10      17      15       5   5   5   5   5      15                              17      10                         
 10      17      15       5               5      15                              17      10                         
 10      17      15       5      14  14  -1  15  15                              17      10                         
 10      17      15       5      14       6                                      17      10                         
 10      17      15       5      14       6               8   8   8   8   8      17      10                         
 10      17      15       5      14       6               8               8      17      10                         
 10  10  -1   9  -2  22  -2  21  -1  20  -1  19  19  19  -2  18  18  18  -1  17  17      10                         
         16      16       4      13       7               7               1              10                         
         16  16  16       4      13       7               7               1              10                         
                          4      13       7               7               1              10                         
                          4      13       7   7   7   7   7               1              10                         
                          4      13                                       1              10                         
                          4      13                              11  11  -2  10  10  10  10                         
                          4      13                              11       2                                         
                          4      13                              11       2                       4   4   4   4   4 
                          4      13                              11       2                       4               4 
                          4      13                              11  11  -1  12  12  12  12  12  -2  13  13       4 
                          4      13                                       3                       3      13       4 
                          4      13                                       3   3   3   3   3   3   3      13       4 
                          4      13                                                                      13       4 
                          4      13  13  13  13  13  13  13  13  13  13  13  13  13  13  13  13  13  13  13       4 
                          4                                                                                       4 
                          4   4   4   4   4   4   4   4   4   4   4   4   4   4   4   4   4   4   4   4   4   4   4 
