         19  19  19  19  19  19  19  19  19  19  19  19  19  19  19  19  19  19  19  19  19  19  19                         
         19                                                                                      19                         
         19       3   3   3   3   3   3   3   3   3   3   3   3   3   3   3   3   3   3   3      19                         
         19       3                                                                       3      19                         
         19       3       1   1   1   1   1   1   1   1   1   1   1   1   1   1   1       3      19                         
         19       3       1                                                       1       3      19                         
         19       3       1      16  16  16  16  16  16  16  16  16  16  16       1       3      19                         
         19       3       1      16                                      16       1       3      19                         
         19       3       1      16       8   8   8   8   8   8   8      16       1       3      19                         
         19       3       1      16       8                       8      16       1       3      19                         
 14  14  -1  13  -2  12  -1  11  -1  18  -2  17  17  17  17  17  -1  16  16       1       3      19                         
 14      22       4       4      15       9                       7               1       3      19                         
 14      22       4   4   4      15       9                       7               1       3      19                         
 14      22                      15       9                       7               1       3      19                         
 14      22                      15       9       2   2   2   2  -1   1   1   1   1       3      19                         
 14      22                      15       9       2               6                       3      19                         
 14      22                      15       9       2   2   2   2  -2   3   3   3   3   3   3      19                         
 14      22                      15       9                       5                              19                         
 14      22                      15       9              20  20  -1  19  19  19  19  19  19  19  19                         
 14      22                      15       9              20      10                                                         
 14      22                      15       9              20      10                                      14  14  14  14  14 
 14      22                      15       9              20      10                                      14              14 
 14      22                      15       9              20  20  -2  21  21  21  21  21  21  21  21  21  -1  22  22      14 
 14      22                      15       9                       9                                      15      22      14 
 14      22                      15       9   9   9   9   9   9   9                                      15      22      14 
 14      22                      15                                                                      15      22      14 
 14      22                      15  15  15  15  15  15  15  15  15  15  15  15  15  15  15  15  15  15  15      22      14 
 14      22                                                                                                      22      14 
 14      22  22  22  22  22  22  22  22  22  22  22  22  22  22  22  22  22  22  22  22  22  22  22  22  22  22  22      14 
 14                                                                                                                      14 
 14  14  14  14  14  14  14  14  14  14  14  14  14  14  14  14  14  14  14  14  14  14  14  14  14  14  14  14  14  14  14 
