  2   2   2   2   2   2   2   2   2   2   2   2   2   2   2   2   2   2   2   2   2   2   2 
  2                                                                                       2 
  2              11  11  11  11  11  11  11  11  11  11  11  11  11  11  11  11  11       2 
  2              11                                                              11       2 
  2              11                      20  20  20  20  20  20  20  20  20      11       2 
  2              11                      20                              20      11       2 
  2              11                      20                      12  12  -2  11  11       2 
  2              11                      20                      12      21               2 
  2              11                      20      14  14  14      12      21               2 
  2              11                      20      14      14      12      21               2 
  2              11      18  18  18      20      14      14      12      21               2 
  2              11      18      18      20      14      14      12      21               2 
  2   2   2   2  -1   1  -2   8  -1   7  -2   6  -2   5  -1   4  -2   3  -1   2   2   2   2 
                 10      17      19      19      15      13      13      22                 
                 10      17      19  19  19      15      13      13      22                 
                 10      17                      15      13      13      22                 
                 10      17                      15      13  13  13      22                 
                 10      17                      15                      22                 
         16  16  -2  17  17                      15                      22                 
         16       9                              15                      22                 
         16  16  -1  15  15  15  15  15  15  15  15                      22                 
                 22                                                      22                 
                 22  22  22  22  22  22  22  22  22  22  22  22  22  22  22                 
