  1   1   1   1   1   1   1   1   1   1   1   1   1   1   1   1   1   1   1   1   1   1   1                                         
  1                                                                                       1                                         
  1      14  14  14  14  14  14  14  14  14  14  14  14  14  14  14  14  14  14  14       1                                         
  1      14                                                                      14       1                                         
  1      14       4   4   4                                                      14       1                                         
  1      14       4       4                                                      14       1                                         
  1      14       4       4                              19  19  19  19  19      14       1                                         
  1      14       4       4                              19              19      14       1                                         
  1      14  14  -1  13  -2  12  12  12  12  12  12  12  -1  11  11      19      14       1                                         
  1               1       3                              18      11      19      14       1                                         
  1   1   1   1   1       3                              18      11      19      14       1                                         
                          3                              18      11      19      14       1                                         
                          3      22  22  22  22  22  22  -2  11  11      19      14       1                                         
                          3      22                      17              19      14       1                                         
                          3      22                      17              19      14       1       3   3   3   3   3   3   3   3   3 
                          3      22                      17              19      14       1       3                               3 
                          3      22                      17              19      14       1       3      22  22  22  22  22       3 
                          3      22                      17              19      14       1       3      22              22       3 
                          3      22      10  10  10  10  -2   9   9   9  -2   8  -1   7  -2   6  -1   5  -1  10  10      22       3 
                          3      22      10              16              20      15       2       2      21      10      22       3 
                          3      22      10              16              20      15       2   2   2      21      10      22       3 
                          3      22      10              16              20      15                      21      10      22       3 
                          3      22      10      21  21  -1  20  20  20  20      15                      21      10      22       3 
                          3      22      10      21      15                      15                      21      10      22       3 
                          3      22      10      21      15  15  15  15  15  15  15                      21      10      22       3 
                          3      22      10      21                                                      21      10      22       3 
                          3      22      10      21  21  21  21  21  21  21  21  21  21  21  21  21  21  21      10      22       3 
                          3      22      10                                                                      10      22       3 
                          3      22      10  10  10  10  10  10  10  10  10  10  10  10  10  10  10  10  10  10  10      22       3 
                          3      22                                                                                      22       3 
                          3      22  22  22  22  22  22  22  22  22  22  22  22  22  22  22  22  22  22  22  22  22  22  22       3 
                          3                                                                                                       3 
                          3   3   3   3   3   3   3   3   3   3   3   3   3   3   3   3   3   3   3   3   3   3   3   3   3   3   3 
