         15  15  15  15  15  15  15  15  15  15  15  15  15  15  15  15  15  15  15                 
         15                                                                      15                 
         15       1   1   1   1   1   1   1   1   1   1   1   1   1   1   1      15                 
         15       1                                                       1      15                 
         15       1                      16  16  16  16  16  16  16       1      15                 
         15       1                      16                      16       1      15                 
         15       1              22  22  -2  21  21  21  21      16       1      15                 
         15       1              22      17              21      16       1      15                 
         15       1              22  22  -1  11  11      21      16       1      15                 
         15       1                      18      11      21      16       1      15                 
         15       1      12  12  12  12  -2  11  11      21      16  16  -1  15  15                 
         15       1      12              19              21               4                         
  8   8  -1   7  -2   6  -2   5   5   5  -1  10  10  10  -2   9   9   9  -2   8   8   8   8   8   8 
  8      14       2      13              20              20               3                       8 
  8      14       2      13              20  20  20  20  20               3                       8 
  8      14       2      13                                               3                       8 
  8      14       2      13  13  13  13  13  13  13  13  13  13  13  13  -1  14  14  14  14       8 
  8      14       2                                                       2              14       8 
  8      14       2   2   2   2   2   2   2   2   2   2   2   2   2   2   2              14       8 
  8      14                                                                              14       8 
  8      14  14  14  14  14  14  14  14  14  14  14  14  14  14  14  14  14  14  14  14  14       8 
  8                                                                                               8 
  8   8   8   8   8   8   8   8   8   8   8   8   8   8   8   8   8   8   8   8   8   8   8   8   8 
