 19  19  19  19  19  19  19  19  19  19  19  19  19  19  19  19  19  19  19  19  19                         
 19                                                                              19                         
 19       9   9   9   9   9   9   9   9   9   9   9   9   9   9   9              19                         
 19       9                                                       9              19                         
 19       9                       1   1   1   1   1   1   1   1  -2   4   4      19                         
 19       9                       1                              10       4      19                         
 19       9                       1       3   3   3   3   3   3  -1   4   4      19                         
 19       9                       1       3                      11              19                         
 19       9                       1       3      13  13  13      11              19                         
 19       9                       1       3      13      13      11              19                         
 19       9      20  20  20       1       3      13      13      11              19                         
 19       9      20      20       1       3      13      13      11              19                         
 19       9      20      20       1       3      13      13      11              19      21  21  21  21  21 
 19       9      20      20       1       3      13      13      11              19      21              21 
 19       9   9  -1   8  -2   7  -2   6  -1   5  -1  18  -2  17  -1  16  16  16  -2  15  -1  14  14      21 
 19              19      21       2       2      14      12      12              22      22      14      21 
 19              19      21       2       2      14      12      12              22  22  22      14      21 
 19              19      21       2       2      14      12      12                              14      21 
 19  19  19  19  19      21       2       2      14      12      12                              14      21 
                         21       2       2      14      12      12                              14      21 
                         21       2       2      14      12  12  12                              14      21 
                         21       2       2      14                                              14      21 
                         21       2       2      14  14  14  14  14  14  14  14  14  14  14  14  14      21 
                         21       2       2                                                              21 
                         21       2   2   2                                                              21 
                         21                                                                              21 
                         21  21  21  21  21  21  21  21  21  21  21  21  21  21  21  21  21  21  21  21  21 
