                          6   6   6   6   6   6   6   6   6   6   6   6   6   6   6   6   6   6   6   6   6 
                          6                                                                               6 
                          6      17  17  17  17  17  17  17  17  17  17  17  17  17                       6 
                          6      17                                              17                       6 
                          6      17       3   3   3   3   3                      17                       6 
                          6      17       3               3                      17                       6 
                          6      17  17  -1  18  18       3                      17                       6 
                          6               2      18       3                      17                       6 
                          6               2      18       3                      17      15  15  15       6 
                          6               2      18       3                      17      15      15       6 
                          6               2      18       3      22  22  22      17      15      15       6 
                          6               2      18       3      22      22      17      15      15       6 
                          6   6   6   6  -2   7  -1   8  -2   9  -2  10  -1  11  -1  12  -2   5  -1   6   6 
                                          1      19       4      13      21      16      16      14         
                                          1      19       4      13      21      16  16  16      14         
                                          1      19       4      13      21                      14         
 14  14  14  14  14                       1      19       4      13      21                      14         
 14              14                       1      19       4      13      21                      14         
 14      21  21  -1  20  20  20  20  20  -1  19  19       4      13      21                      14         
 14      21      13                       4               4      13      21                      14         
 14      21      13                       4   4   4   4   4      13      21                      14         
 14      21      13                                              13      21                      14         
 14      21      13  13  13  13  13  13  13  13  13  13  13  13  13      21                      14         
 14      21                                                              21                      14         
 14      21  21  21  21  21  21  21  21  21  21  21  21  21  21  21  21  21                      14         
 14                                                                                              14         
 14  14  14  14  14  14  14  14  14  14  14  14  14  14  14  14  14  14  14  14  14  14  14  14  14         
