  9   9   9   9   9   9   9   9   9   9   9   9   9   9   9   9   9   9   9   9   9   9   9   9   9 
  9                                                                                               9 
  9                       1   1   1   1   1   1   1   1   1   1   1   1   1   1   1   1   1       9 
  9                       1                                                               1       9 
  9                       1       3   3   3   3   3   3   3   3   3   3   3   3   3       1       9 
  9                       1       3                                               3       1       9 
  9      14  14  14       1       3                                               3       1       9 
  9      14      14       1       3                                               3       1       9 
  9      14      14       1       3      19  19  19  19  19                       3       1       9 
  9      14      14       1       3      19              19                       3       1       9 
  9   9  -1   8  -2   7  -2   6  -1   5  -1  12  12  12  -2  11  11  11  11  11  -2  10  -1   9   9 
         13      15       2       2      20              18                       4       4         
         13      15       2       2      20              18                       4   4   4         
         13      15       2       2      20              18                                         
         13      15       2   2   2      20              18                                         
         13      15                      20              18                                         
         13      15                      20  20  20  20  -1  21  21                                 
         13      15                                      17      21                                 
         13      15                              22  22  -2  21  21                                 
         13      15                              22      16                                         
         13      15                              22  22  -1  13  13  13  13                         
         13      15                                      15              13                         
         13      15  15  15  15  15  15  15  15  15  15  15              13                         
         13                                                              13                         
         13  13  13  13  13  13  13  13  13  13  13  13  13  13  13  13  13                         
