 13  13  13  13  13  13  13  13  13  13  13  13  13  13  13  13  13  13  13  13  13  13  13  13  13                         
 13                                                                                              13                         
 13       6   6   6   6   6   6   6   6   6   6   6   6   6   6   6   6   6   6   6   6   6      13                         
 13       6                                                                               6      13                         
 13       6      19  19  19  19  19  19  19  19  19  19  19  19  19  19  19  19  19       6      13                         
 13       6      19                                                              19       6      13                         
 13       6      19      17  17  17  17  17  17  17  17  17  17  17  17  17      19       6      13                         
 13       6      19      17                                              17      19       6      13                         
 13       6      19      17      10  10  10  10  10                      17      19       6      13                         
 13       6      19      17      10              10                      17      19       6      13                         
 13       6      19      17  17  -1  18  18      10                      17      19       6      13                         
 13       6      19              11      18      10                      17      19       6      13                         
 13       6      19  19  19  19  -2  22  -1  21  -2  20  20  20  20  20  -1  19  19       6      13                         
 13       6                      12       5       9                      16               6      13                         
 13       6                      12       5       9                      16               6      13       9   9   9   9   9 
 13       6                      12       5       9                      16               6      13       9               9 
 13       6   6   6   6   6   6  -2   5   5       9       4   4   4   4  -2   1   1   1  -1   2  -2   3  -1   4   4       9 
 13                              13               9       4              15               7      14       8       4       9 
 13  13  13  13  13  13  13  13  13               9       4              15               7      14       8       4       9 
                                                  9       4              15               7      14       8       4       9 
                                                  9       4       8   8  -1   7   7   7   7      14       8       4       9 
                                                  9       4       8      14                      14       8       4       9 
                                                  9       4       8      14  14  14  14  14  14  14       8       4       9 
                                                  9       4       8                                       8       4       9 
                                                  9       4       8   8   8   8   8   8   8   8   8   8   8       4       9 
                                                  9       4                                                       4       9 
                                                  9       4   4   4   4   4   4   4   4   4   4   4   4   4   4   4       9 
                                                  9                                                                       9 
                                                  9   9   9   9   9   9   9   9   9   9   9   9   9   9   9   9   9   9   9 
