                                                  5   5   5   5   5   5   5   5   5   5   5   5   5   5   5   5   5   5   5   5   5   5   5   5   5   5   5 
                                                  5                                                                                                       5 
                                                  5       7   7   7   7   7   7   7   7   7   7   7   7   7   7   7   7   7   7   7   7   7   7   7       5 
                                                  5       7                                                                                       7       5 
                                                  5       7      17  17  17  17  17  17  17  17  17  17  17  17  17  17  17  17  17  17  17       7       5 
                                                  5       7      17                                                                      17       7       5 
                                                  5       7      17                                                       8   8   8      17       7       5 
                                                  5       7      17                                                       8       8      17       7       5 
                                                  5       7      17              20  20  20  20  20  20  20  20  20       8       8      17       7       5 
                                                  5       7      17              20                              20       8       8      17       7       5 
                                                  5       7      17      13  13  -2  14  14  14  14  14  14  14  -1  15  -1  16  -2  17  17       7       5 
                                                  5       7      17      13      21                              19       5       7               7       5 
                                                  5       7      17      13      21                              19       5       7   7   7   7   7       5 
                                                  5       7      17      13      21                              19       5                               5 
                                                  5       7      17      13      21                              19       5   5   5   5   5   5   5   5   5 
                                                  5       7      17      13      21                              19                                         
                                                  5       7      17      13  13  -1  12  12  12  12  12  12      19                                         
                                                  5       7      17              22                      12      19                                         
 19  19  19  19  19  19  19  19  19  19  19       5       7      17              22                      12      19                                         
 19                                      19       5       7      17              22                      12      19                                         
 19      12  12  12  12  12  12  12      19       5       7      17              22                      12      19                                         
 19      12                      12      19       5       7      17              22                      12      19                                         
 19      12      18  18  18  18  -1  19  19       5       7      17  17  17  17  -2  18  18  18  18      12      19                                         
 19      12      18              11               5       7                       9              18      12      19                                         
 19      12      18       4   4  -1   3   3   3  -2   2  -1   1   1   1   1   1  -2   4   4      18      12      19                                         
 19      12      18       4      10               6       6                      10       4      18      12      19                                         
 19      12      18       4      10               6   6   6                      10       4      18      12      19                                         
 19      12      18       4      10                                              10       4      18      12      19                                         
 19      12      18       4      10  10  10  10  10  10  10  10  10  10  10  10  10       4      18      12      19                                         
 19      12      18       4                                                               4      18      12      19                                         
 19      12      18       4   4   4   4   4   4   4   4   4   4   4   4   4   4   4   4   4      18      12      19                                         
 19      12      18                                                                              18      12      19                                         
 19      12      18  18  18  18  18  18  18  18  18  18  18  18  18  18  18  18  18  18  18  18  18      12      19                                         
 19      12                                                                                              12      19                                         
 19      12  12  12  12  12  12  12  12  12  12  12  12  12  12  12  12  12  12  12  12  12  12  12  12  12      19                                         
 19                                                                                                              19                                         
 19  19  19  19  19  19  19  19  19  19  19  19  19  19  19  19  19  19  19  19  19  19  19  19  19  19  19  19  19                                         
