  9   9   9   9   9   9   9   9   9   9   9   9   9   9   9   9   9   9   9   9   9   9   9   9   9   9   9   9   9         
  9                                                                                                               9         
  9      15  15  15  15  15  15  15  15  15  15  15  15  15  15  15  15  15  15  15  15  15  15  15  15  15       9         
  9      15                                                                                              15       9         
  9      15       6   6   6   6   6   6   6   6   6   6   6   6   6   6   6   6   6   6   6   6   6      15       9         
  9      15       6                                                                               6      15       9         
  9      15       6      11  11  11  11  11  11  11  11  11  11  11  11  11  11  11  11  11       6      15       9         
  9      15       6      11                                                              11       6      15       9         
  9      15       6      11               5   5   5   5   5                              11       6      15       9         
  9      15       6      11               5               5                              11       6      15       9         
  9      15       6   6  -2   5   5   5   5      20  20  -2  19  19  19  19  19  19      11       6      15       9         
  9      15              10                      20      22                      19      11       6      15       9         
  9      15              10      20  20  20  20  20      22                      19      11       6      15       9         
  9      15              10      20                      22                      19      11       6      15       9         
  9      15  15  15  15  -1  14  -2  13  13  13  13  13  -1  12  12  12  12  12  -2  11  11       6      15       9         
  9                       9      21                      21                      18               6      15       9         
  9                       9      21  21  21  21  21  21  21                      18               6      15       9         
  9                       9                                                      18               6      15       9         
  9   9   9   9   9   9   9                                                      18               6      15       9         
                                                                                 18               6      15       9         
                                                                  4   4   4   4  -2   1   1   1  -1   2  -2   3  -1   4   4 
                                                                  4              17               7      16       8       4 
                                                                  4       8   8  -1   7   7   7   7      16       8       4 
                                                                  4       8      16                      16       8       4 
                                                                  4       8      16  16  16  16  16  16  16       8       4 
                                                                  4       8                                       8       4 
                                                                  4       8   8   8   8   8   8   8   8   8   8   8       4 
                                                                  4                                                       4 
                                                                  4   4   4   4   4   4   4   4   4   4   4   4   4   4   4 
