                         18  18  18  18  18  18  18  18  18  18  18  18  18  18  18                 
                         18                                                      18                 
                         18      20  20  20  20  20  20  20  20  20  20  20  20  -1  21  21         
                         18      20                                              17      21         
                         18      20      22  22  22  22  22  22  22  22  22      17      21         
                         18      20      22                              22      17      21         
                         18      20      22      11  11  11  11  11      22      17      21         
                         18      20      22      11              11      22      17      21         
                         18      20      22  22  -2   9   9      11      22  22  -2  21  21         
                         18      20              12       9      11              16                 
         14  14  14      18      20              12       9      11              16                 
         14      14      18      20              12       9      11              16                 
  8   8  -1   7  -2   6  -2   5  -1   4   4   4  -1   3  -2   2  -1   1   1   1  -2   8   8   8   8 
  8      15      13      19      19              13      10      10              15               8 
  8      15      13      19  19  19              13      10      10              15               8 
  8      15      13                              13      10      10              15               8 
  8      15      13  13  13  13  13  13  13  13  13      10      10              15               8 
  8      15                                              10      10              15               8 
  8      15                                              10  10  10              15               8 
  8      15                                                                      15               8 
  8      15  15  15  15  15  15  15  15  15  15  15  15  15  15  15  15  15  15  15               8 
  8                                                                                               8 
  8   8   8   8   8   8   8   8   8   8   8   8   8   8   8   8   8   8   8   8   8   8   8   8   8 
