                                                                                                          4   4   4   4   4   4   4   4   4 
                                                                                                          4                               4 
          9   9   9   9   9   9   9   9   9   9   9   9   9   9   9   9   9   9   9   9   9               4                               4 
          9                                                                               9               4                               4 
          9      15  15  15  15  15  15  15  15  15  15  15  15  15  15  15  15  15       9               4                               4 
          9      15                                                              15       9               4                               4 
          9      15       6   6   6   6   6   6   6   6   6   6   6   6   6      15       9               4                               4 
          9      15       6                                               6      15       9               4                               4 
          9      15       6      22  22  22  22  22  22  22  22  22       6      15       9               4                               4 
          9      15       6      22                              22       6      15       9               4                               4 
          9      15       6      22      14  14  14  14  14      22       6      15       9               4                               4 
          9      15       6      22      14              14      22       6      15       9               4                               4 
          9      15       6      22  22  -1   5   5      14      22       6      15       9   9   9   9  -1   8   8   8   8   8   8       4 
          9      15       6              13       5      14      22       6      15                       3                       8       4 
          9      15       6   6   6   6  -2   5   5      14      22       6      15  15  15  15  15  15  -1  16  16  16  16       8       4 
          9      15                      12              14      22       6                               2              16       8       4 
          9      15  15  15  15  15  15  -1  14  14  14  14      22       6   6   6   6   6   6   6   6  -2   7   7      16       8       4 
          9                              11                      22                                       1       7      16       8       4 
          9                              11                      22  22  22  22  22  22  22  22  22       1       7      16       8       4 
          9                              11                                                      22       1       7      16       8       4 
 21  21  -1  20  20  20  20  20  20  20  -2  19  19  19  19  19  19  19  19  19  19  19  19  19  -1  18  -2  17  -2  16  16       8       4 
 21      10                              10                                                      21       4       8               8       4 
 21      10  10  10  10  10  10  10  10  10                                                      21       4       8               8       4 
 21                                                                                              21       4       8               8       4 
 21  21  21  21  21  21  21  21  21  21  21  21  21  21  21  21  21  21  21  21  21  21  21  21  21       4       8               8       4 
                                                                                                          4       8               8       4 
                                                                                                          4       8   8   8   8   8       4 
                                                                                                          4                               4 
                                                                                                          4   4   4   4   4   4   4   4   4 
