         17  17  17  17  17  17  17  17  17  17  17  17  17  17  17  17  17                 
         17                                                              17                 
         17       1   1   1   1   1   1   1   1   1   1   1   1   1      17                 
         17       1                                               1      17                 
         17       1      14  14  14  14  14                       1      17                 
         17       1      14              14                       1      17                 
         17       1      14      19  19  -1  18  18  18  18  18  -2  17  17                 
         17       1      14      19      13                       4                         
         17       1      14      19      13      21  21  21       4                         
         17       1      14      19      13      21      21       4                         
  8   8  -1   7  -2   6  -2   5  -1  12  -2  11  -1  10  -2   9  -1   8   8   8   8   8   8 
  8      16       2      15      20      22      22      20       3                       8 
  8      16       2      15      20      22  22  22      20       3                       8 
  8      16       2      15      20                      20       3                       8 
  8      16       2      15      20  20  20  20  20  20  20       3                       8 
  8      16       2      15                                       3                       8 
  8      16       2      15  15  15  15  15  15  15  15  15  15  -1  16  16  16  16       8 
  8      16       2                                               2              16       8 
  8      16       2   2   2   2   2   2   2   2   2   2   2   2   2              16       8 
  8      16                                                                      16       8 
  8      16  16  16  16  16  16  16  16  16  16  16  16  16  16  16  16  16  16  16       8 
  8                                                                                       8 
  8   8   8   8   8   8   8   8   8   8   8   8   8   8   8   8   8   8   8   8   8   8   8 
