  6   6   6   6   6   6   6   6   6   6   6                                                 
  6                                       6                                                 
  6      12  12  12  12  12  12  12  12  -1  13  13  13  13  13  13  13  13  13  13  13  13 
  6      12                               5                                              13 
  6      12      19  19  19  19  19  19  -2  20  20  20  20  20  20  20  20  20  20      13 
  6      12      19                       4                                      20      13 
  6      12      19      11  11  11  11  -1  10  10                              20      13 
  6      12      19      11               3      10                              20      13 
  6      12      19  19  -1  18  18  18  -2  17  -2  16  16                      20      13 
  6      12              12               2       9      16                      20      13 
  6      12  12  12  12  12               2       9      16                      20      13 
  6                                       2       9      16                      20      13 
  6                               8   8  -2   9   9      16                      20      13 
  6                               8       1              16                      20      13 
  6                               8       1      16  16  16                      20      13 
  6                               8       1      16                              20      13 
  6                               8       1      16              14  14  14      20      13 
  6                               8       1      16              14      14      20      13 
  6                               8   8  -1   7  -2  22  22  22  -1  21  -2  20  20      13 
  6                                       6      15              15      13              13 
  6                                       6      15  15  15  15  15      13              13 
  6                                       6                              13              13 
  6                                       6                              13  13  13  13  13 
  6                                       6                                                 
  6   6   6   6   6   6   6   6   6   6   6                                                 
