                                 20  20  20  20  20  20  20  20  20  20  20  20  20  20  20  20  20  20  20  20  20  20  20  20  20         
                                 20                                                                                              20         
                                 20       5   5   5   5   5   5   5   5   5   5   5   5   5   5   5   5   5   5   5   5   5      20         
                                 20       5                                                                               5      20         
                                 20       5       7   7   7   7   7   7   7   7   7   7   7   7   7   7   7               5      20         
                                 20       5       7                                                       7               5      20         
                                 20       5       7      16  16  16  16  16  16  16  16  16               7               5      20         
                                 20       5       7      16                              16               7               5      20         
                                 20       5       7      16      10  10  10  10  10      16               7               5      20         
                                 20       5       7      16      10              10      16               7               5      20         
                                 20       5       7      16      10      17  17  -1  16  16               7               5      20         
                                 20       5       7      16      10      17       9                       7               5      20         
                                 20       5       7      16      10      17  17  -2  18  18  18  18  18  -1  19  19  19  -2  20  20         
                                 20       5       7      16      10               8                       8              22                 
                                 20       5       7      16      10               8   8   8   8   8   8   8              22                 
                                 20       5       7      16      10                                                      22                 
                                 20       5       7      16      10  10  10  10  10  10  10  10  10  10  10              22                 
                                 20       5       7      16                                              10              22                 
                                 20       5       7      16  16  16  16  16  16  16  16  16  16  16      10              22                 
                                 20       5       7                                              16      10              22                 
                                 20       5       7   7   7   7   7   7   7   7   7              16      10              22                 
                                 20       5                                       7              16      10              22                 
 14  14  14  14  14  14  14      20       5                                       7              16      10              22                 
 14                      14      20       5                                       7              16      10              22                 
 14      21  21  21  21  -1  20  20       5                                       7              16  16  -2  15  15  15  -1  14  14  14  14 
 14      21              13               5                                       7                      11              21              14 
 14      21       4   4  -1   3   3   3  -2   2   2   2   2   2   2   2   2   2  -1   1   1   1   1   1  -2   4   4      21              14 
 14      21       4      12               6                                       6                      12       4      21              14 
 14      21       4      12               6   6   6   6   6   6   6   6   6   6   6                      12       4      21              14 
 14      21       4      12                                                                              12       4      21              14 
 14      21       4      12  12  12  12  12  12  12  12  12  12  12  12  12  12  12  12  12  12  12  12  12       4      21              14 
 14      21       4                                                                                               4      21              14 
 14      21       4   4   4   4   4   4   4   4   4   4   4   4   4   4   4   4   4   4   4   4   4   4   4   4   4      21              14 
 14      21                                                                                                              21              14 
 14      21  21  21  21  21  21  21  21  21  21  21  21  21  21  21  21  21  21  21  21  21  21  21  21  21  21  21  21  21              14 
 14                                                                                                                                      14 
 14  14  14  14  14  14  14  14  14  14  14  14  14  14  14  14  14  14  14  14  14  14  14  14  14  14  14  14  14  14  14  14  14  14  14 
