                                                                  4   4   4   4   4   4   4   4   4   4   4 
                                                                  4                                       4 
 11  11  11  11  11  11  11  11  11  11  11  11  11  11  11  11  -1  10  10  10  10  10  10  10  10       4 
 11                                                               3                              10       4 
 11      19  19  19  19  19  19  19  19  19  19  19  19  19  19  -2  20  20  20  20  20  20      10       4 
 11      19                                                       2                      20      10       4 
 11      19       8   8   8   8   8   8   8   8   8   8   8   8  -2   9   9   9   9      20      10       4 
 11      19       8                                               1               9      20      10       4 
 11      19       8      16  16  16  16  16  16  16  16  16  16  -1  15  15       9      20      10       4 
 11      19       8      16                                       6      15       9      20      10       4 
 11      19       8      16      14  14  14  14  14               6      15       9      20      10       4 
 11      19       8      16      14              14               6      15       9      20      10       4 
 11      19       8      16  16  -2  17  17      14  14  14  14  -2  15  15       9      20      10       4 
 11      19       8              13      17                       5               9      20      10       4 
 11      19       8              13      17  17  17  17  17       5               9      20      10       4 
 11      19       8              13                      17       5               9      20      10       4 
 11      19       8   8   8   8  -1   7   7   7   7   7  -2  22  -1  21  21  21  -1  20  20      10       4 
 11      19                      12                      18       4              10              10       4 
 11      19                      12                      18       4              10  10  10  10  10       4 
 11      19                      12                      18       4                                       4 
 11      19                      12                      18       4   4   4   4   4   4   4   4   4   4   4 
 11      19                      12                      18                                                 
 11      19  19  19  19  19  19  -2  18  18  18  18  18  18                                                 
 11                              11                                                                         
 11  11  11  11  11  11  11  11  11                                                                         
