         15  15  15  15  15  15  15  15  15  15  15  15  15  15  15  15  15  15  15  15  15         
         15                                                                              15         
         15      22  22  22  22  22  22  22  22  22  22  22  22  22  22  22  22  22      15         
         15      22                                                              22      15         
         15      22      12  12  12  12  12  12  12  12  12  12  12  12  12      22      15         
         15      22      12                                              12      22      15         
         15      22      12      19  19  19  19  19  19  19  19  19      12      22      15         
         15      22      12      19                              19      12      22      15         
         15      22      12      19              11  11  11  11  -1  12  12      22      15         
         15      22      12      19              11              18              22      15         
         15      22      12      19              11       9   9  -2  22  22  22  22      15         
         15      22      12      19              11       9      17                      15         
  6   6  -1   5  -1   4  -2   3  -2   2   2   2  -1   1  -2   8  -1   7   7   7   7   7  -2   6   6 
  6      14      21      13      20              10      10      16                      16       6 
  6      14      21      13      20              10      10      16  16  16  16  16  16  16       6 
  6      14      21      13      20              10      10                                       6 
  6      14      21      13      20              10  10  10                                       6 
  6      14      21      13      20                                                               6 
  6      14      21      13  13  -2  14  14                                                       6 
  6      14      21              21      14                                                       6 
  6      14      21  21  21  21  21      14                                                       6 
  6      14                              14                                                       6 
  6      14  14  14  14  14  14  14  14  14                                                       6 
  6                                                                                               6 
  6   6   6   6   6   6   6   6   6   6   6   6   6   6   6   6   6   6   6   6   6   6   6   6   6 
