  9   9   9   9   9   9   9   9   9   9   9   9   9   9   9   9   9   9   9   9   9                         
  9                                                                               9                         
  9      18  18  18  18  18  18  18  18  18  18  18  18  18  18  18  18  18       9                         
  9      18                                                              18       9                         
  9      18      20  20  20  20  20  20  20  20  20  20  20  20  20      18       9                         
  9      18      20                                              20      18       9                         
  9      18      20                       1   1   1   1   1      20      18       9                         
  9      18      20                       1               1      20      18       9                         
  9   9  -1   8  -2   7   7   7   7   7  -2   6   6       1      20      18       9                         
         17      21                       2       6       1      20      18       9                         
         17      21       5   5   5   5  -1   6   6       1      20      18       9                         
         17      21       5               3               1      20      18       9                         
         17      21       5               3               1      20      18       9      22  22  22         
         17      21       5               3               1      20      18       9      22      22         
         17      21       5      10  10  -1  11  11  11  -2  12  -1  13  -2  14  -1  15  -2  16  -1  17  17 
         17      21       5      10       4               4      19      19      10       5      21      17 
         17      21       5      10       4               4      19  19  19      10       5      21      17 
         17      21       5      10       4               4                      10       5      21      17 
         17      21       5      10       4   4   4   4   4                      10       5      21      17 
         17      21       5      10                                              10       5      21      17 
         17      21       5      10  10  10  10  10  10  10  10  10  10  10  10  10       5      21      17 
         17      21       5                                                               5      21      17 
         17      21       5   5   5   5   5   5   5   5   5   5   5   5   5   5   5   5   5      21      17 
         17      21                                                                              21      17 
         17      21  21  21  21  21  21  21  21  21  21  21  21  21  21  21  21  21  21  21  21  21      17 
         17                                                                                              17 
         17  17  17  17  17  17  17  17  17  17  17  17  17  17  17  17  17  17  17  17  17  17  17  17  17 
