 17  17  17  17  17  17  17  17  17  17  17  17  17  17  17  17  17  17  17  17  17  17  17  17  17                         
 17                                                                                              17                         
 17      13  13  13  13  13  13  13  13  13  13  13  13  13  13  13  13  13  13  13  13  13      17                         
 17      13                                                                              13      17                         
 17      13                                                       2   2   2   2   2      13      17                         
 17      13                                                       2               2      13      17                         
 17      13                                                       2               2      13      17      19  19  19  19  19 
 17      13                                                       2               2      13      17      19              19 
 17      13      20  20  20  20  20  20  20                       2               2      13      17      19              19 
 17      13      20                      20                       2               2      13      17      19              19 
 17      13      20      22  22  22      20                       2               2      13      17      19              19 
 17      13      20      22      22      20                       2               2      13      17      19              19 
 17      13  13  -2  14  -1  15  -2  16  -1   5   5   5   5   5  -1   6   6   6  -2   7  -1   8  -2   9  -1  10  10      19 
 17              21      21      17      19                       3               1      12      18      18      10      19 
 17              21  21  21      17      19                       3               1      12      18      18      10      19 
 17                              17      19                       3               1      12      18      18      10      19 
 17                              17      19                       3               1      12      18  18  18      10      19 
 17                              17      19                       3               1      12                      10      19 
 17  17  17  17  17  17  17  17  17      19                       3               1      12                      10      19 
                                         19                       3               1      12                      10      19 
                                         19      10  10  10  10  -2  11  11       1      12                      10      19 
                                         19      10               4      11       1      12                      10      19 
                                         19      10      12  12  -1  11  11       1      12                      10      19 
                                         19      10      12       1               1      12                      10      19 
                                         19      10      12       1   1   1   1   1      12                      10      19 
                                         19      10      12                              12                      10      19 
                                         19      10      12  12  12  12  12  12  12  12  12                      10      19 
                                         19      10                                                              10      19 
                                         19      10  10  10  10  10  10  10  10  10  10  10  10  10  10  10  10  10      19 
                                         19                                                                              19 
                                         19  19  19  19  19  19  19  19  19  19  19  19  19  19  19  19  19  19  19  19  19 
