 12  12  12  12  12  12  12  12  12  12  12  12  12  12  12  12  12  12  12  12  12  12  12  12  12  12  12 
 12                                                                                                      12 
 12      19  19  19  19  19  19  19  19  19  19  19  19  19  19  19  19  19  19  19  19  19  19  19      12 
 12      19                                                                                      19      12 
 12      19      22  22  22  22  22  22  22  22  22  22  22  22  22  22  22                      19      12 
 12      19      22                                                      22                      19      12 
 12      19  19  -1  20  20  20  20  20  20  20  20  20  20  20  20      22                      19      12 
 12              17                                              20      22                      19      12 
 12              17                                              20      22       4   4   4      19      12 
 12              17                                              20      22       4       4      19      12 
 12              17                       8   8   8   8   8      20      22       4       4      19      12 
 12              17                       8               8      20      22       4       4      19      12 
 12  12  12  12  -2  13  13  13  13  13  -2  14  14  14  -1  15  -1  16  -2   9  -2  10  -1  11  -1  12  12 
                 18                       5               7      21      21       1       3      18         
                 18                       5               7      21  21  21       1       3      18         
                 18                       5               7                       1       3      18         
                 18       3   3   3   3  -2   2   2       7                       1       3      18         
                 18       3               6       2       7                       1       3      18         
                 18       3       1   1  -1   2   2       7                       1       3      18         
                 18       3       1       7               7                       1       3      18         
                 18       3       1       7   7   7   7   7                       1       3      18         
                 18       3       1                                               1       3      18         
                 18       3       1   1   1   1   1   1   1   1   1   1   1   1   1       3      18         
                 18       3                                                               3      18         
                 18       3   3   3   3   3   3   3   3   3   3   3   3   3   3   3   3   3      18         
                 18                                                                              18         
                 18  18  18  18  18  18  18  18  18  18  18  18  18  18  18  18  18  18  18  18  18         
