                                          4   4   4   4   4   4   4   4   4   4   4   4   4 
                                          4                                               4 
 11  11  11  11  11  11  11  11  11  11  -1  10  10  10  10  10  10  10  10  10  10       4 
 11                                       3                                      10       4 
 11      17  17  17  17  17  17  17  17  -2  18  18  18  18  18  18  18  18      10       4 
 11      17                               2                              18      10       4 
 11      17       6   6   6   6   6   6  -2   7   7                      18      10       4 
 11      17       6                       1       7                      18      10       4 
 11      17       6                       1       7       9   9   9      18      10       4 
 11      17       6                       1       7       9       9      18      10       4 
 11      17       6      14  14  14       1       7       9       9      18      10       4 
 11      17       6      14      14       1       7       9       9      18      10       4 
 11      17       6   6  -2   5  -1  22  -1  21  -2  20  -1  19  -2  18  18      10       4 
 11      17              15      13       4       8       8      10              10       4 
 11      17              15      13       4       8       8      10  10  10  10  10       4 
 11      17              15      13       4       8       8                               4 
 11      17              15      13       4       8   8   8                               4 
 11      17              15      13       4                                               4 
 11      17              15      13       4   4   4   4   4   4   4   4   4   4   4   4   4 
 11      17              15      13                                                         
 11  11  -2  12  12  12  -1  13  13                                                         
         16              16                                                                 
         16  16  16  16  16                                                                 
