         18  18  18  18  18  18  18  18  18  18  18  18  18  18  18  18  18  18  18  18  18  18  18         
         18                                                                                      18         
         18      12  12  12  12  12  12  12  12  12  12  12  12  12  12  12  12  12  12  12      18         
         18      12                                                                      12      18         
         18      12                      17  17  17  17  17  17  17  17  17  17  17      12      18         
         18      12                      17                                      17      12      18         
         18      12                      17      21  21  21  21  21              17      12      18         
         18      12                      17      21              21              17      12      18         
         18      12                      17  17  -1  16  16  16  -2  15  15      17      12      18         
         18      12                              22              20      15      17      12      18         
         18      12                              22      20  20  20      15      17      12      18         
         18      12                              22      20              15      17      12      18         
         18      12                              22      20      15  15  15      17      12      18         
         18      12                              22      20      15              17      12      18         
         18  18  -1  19  19  19  19  19  19  19  -2  20  20      15              17  17  -2  18  18         
                 11                               7              15                      13                 
                 11       9   9   9               7              15                      13                 
                 11       9       9               7              15                      13                 
  4   4   4   4  -1   3  -2   2  -1   1   1   1  -2   6   6   6  -1   5   5   5   5   5  -2   4   4   4   4 
  4              10      10       8               8              14                      14               4 
  4              10      10       8               8              14  14  14  14  14  14  14               4 
  4              10      10       8               8                                                       4 
  4              10  10  10       8               8                                                       4 
  4                               8               8                                                       4 
  4                               8   8   8   8   8                                                       4 
  4                                                                                                       4 
  4   4   4   4   4   4   4   4   4   4   4   4   4   4   4   4   4   4   4   4   4   4   4   4   4   4   4 
