                                  1   1   1   1   1   1   1   1   1   1   1   1   1   1   1   1   1   1   1   1   1   1   1   1   1 
                                  1                                                                                               1 
                                  1      22  22  22  22  22  22  22  22  22  22  22  22  22  22  22  22  22  22  22  22  22       1 
                                  1      22                                                                              22       1 
                                  1      22      10  10  10  10  10  10  10  10  10  10  10  10  10  10  10  10  10      22       1 
                                  1      22      10                                                              10      22       1 
                                  1      22      10                              13  13  13  13  13  13  13      10      22       1 
                                  1      22      10                              13                      13      10      22       1 
                                  1      22      10                              13       2   2   2      13      10      22       1 
                                  1      22      10                              13       2       2      13      10      22       1 
                                  1      22      10      18  18  18  18  18      13       2       2      13      10      22       1 
                                  1      22      10      18              18      13       2       2      13      10      22       1 
                                  1      22      10  10  -1  11  11  11  -2  12  -2   7  -1   8  -2   9  -1  10  10      22       1 
                                  1      22              17              19      14       3       1      22              22       1 
                                  1      22              17              19      14       3       1      22  22  22  22  22       1 
                                  1      22              17              19      14       3       1                               1 
                                  1      22              17              19      14       3       1   1   1   1   1   1   1   1   1 
                                  1      22              17              19      14       3                                         
                                  1   1  -2   6   6   6  -2   5   5      19      14       3                                         
                                         21              16       5      19      14       3                                         
  3   3   3   3   3   3   3              21              16       5      19      14       3                                         
  3                       3              21              16       5      19      14       3                                         
  3      14  14  14  14  -2  15  15  15  -1  16  16  16  16       5      19      14       3                                         
  3      14               4              20                       5      19      14       3                                         
  3      14      19  19  -2  20  20  20  20                       5      19      14       3                                         
  3      14      19       5                                       5      19      14       3                                         
  3      14      19       5   5   5   5   5   5   5   5   5   5   5      19      14       3                                         
  3      14      19                                                      19      14       3                                         
  3      14      19  19  19  19  19  19  19  19  19  19  19  19  19  19  19      14       3                                         
  3      14                                                                      14       3                                         
  3      14  14  14  14  14  14  14  14  14  14  14  14  14  14  14  14  14  14  14       3                                         
  3                                                                                       3                                         
  3   3   3   3   3   3   3   3   3   3   3   3   3   3   3   3   3   3   3   3   3   3   3                                         
