                         20  20  20  20  20  20  20  20  20  20  20  20  20  20  20  20  20  20  20  20  20         
                         20                                                                              20         
                         20                      16  16  16  16  16  16  16  16  16  16  16              20         
                         20                      16                                      16              20         
                         20                      16       2   2   2                      16              20         
                         20                      16       2       2                      16              20         
                         20      14  14  14      16       2       2                      16              20         
                         20      14      14      16       2       2                      16              20         
                         20  20  -1  21  -2  22  -1   5  -1   6  -2   7   7   7   7   7  -2   8   8   8  -1   9   9 
                                 13      15      15       3       1                      17              19       9 
                                 13      15  15  15       3       1                      17              19       9 
                                 13                       3       1                      17              19       9 
 11  11  11  11  11              13                       3       1                      17              19       9 
 11              11              13                       3       1                      17              19       9 
 11       1   1  -2   4   4   4  -1   3   3   3   3   3   3       1              11  11  -1  10  10      19       9 
 11       1      12              12                               1              11      18      10      19       9 
 11       1      12  12  12  12  12                               1              11      18      10      19       9 
 11       1                                                       1              11      18      10      19       9 
 11       1   1   1   1   1   1   1   1   1   1   1   1   1   1   1              11      18      10      19       9 
 11                                                                              11      18      10      19       9 
 11  11  11  11  11  11  11  11  11  11  11  11  11  11  11  11  11  11  11  11  11      18      10      19       9 
                                                                                         18      10      19       9 
                                                                          9   9   9   9  -2  10  10      19       9 
                                                                          9              19              19       9 
                                                                          9              19  19  19  19  19       9 
                                                                          9                                       9 
                                                                          9   9   9   9   9   9   9   9   9   9   9 
