  4   4   4   4   4   4   4   4   4   4   4   4   4   4   4   4   4                                         
  4                                                               4                                         
  4      14  14  14  14  14  14  14  14  14  14  14  14  14  14  -1  15  15  15  15  15  15  15  15  15  15 
  4      14                                                       3                                      15 
  4      14      19  19  19  19  19  19  19  19  19  19  19  19  -1  20  20  20  20  20  20  20  20      15 
  4      14      19                                               2                              20      15 
  4      14      19       8   8   8   8   8   8   8   8   8   8  -2   9   9   9   9   9   9      20      15 
  4      14      19       8                                       1                       9      20      15 
  4      14      19       8      22  22  22  22  22  22  22  22  -1  21  21  21  21       9      20      15 
  4      14      19       8      22                               6              21       9      20      15 
  4      14      19       8      22      17  17  17  17  17       6              21       9      20      15 
  4      14      19       8      22      17              17       6              21       9      20      15 
  4      14      19       8      22  22  -1  13  13      17  17  -1  16  16      21       9      20      15 
  4      14      19       8              18      13               5      16      21       9      20      15 
  4      14      19       8   8   8   8  -1   7  -1  12  12  12  -2  11  -1  10  -1   9   9      20      15 
  4      14      19                      19      14               4      15      20              20      15 
  4      14      19                      19      14               4      15      20  20  20  20  20      15 
  4      14      19                      19      14               4      15                              15 
  4      14      19  19  19  19  19  19  19      14               4      15                              15 
  4      14                                      14               4      15                              15 
  4      14                                      14               4      15  15  15  15  15  15  15  15  15 
  4      14                                      14               4                                         
  4      14  14  14  14  14  14  14  14  14  14  14               4                                         
  4                                                               4                                         
  4   4   4   4   4   4   4   4   4   4   4   4   4   4   4   4   4                                         
