                          8   8   8   8   8   8   8   8   8   8   8   8   8   8   8   8   8   8   8   8   8   8   8   8   8 
                          8                                                                                               8 
                          8               4   4   4   4   4   4   4   4   4   4   4   4   4   4   4   4   4   4   4       8 
                          8               4                                                                       4       8 
                          8               4      21  21  21  21  21  21  21  21  21  21  21  21  21  21  21       4       8 
                          8               4      21                                                      21       4       8 
                          8               4      21      10  10  10  10  10  10  10  10  10  10  10      21       4       8 
                          8               4      21      10                                      10      21       4       8 
                          8               4      21      10                              20  20  -1  21  21       4       8 
                          8               4      21      10                              20       9               4       8 
                          8               4      21      10      12  12  12  12  12      20       9               4       8 
                          8               4      21      10      12              12      20       9               4       8 
                          8               4      21      10  10  -2   1   1   1  -1   2  -1   3  -2   4   4   4   4       8 
                          8               4      21              11              13      19       8                       8 
                          8               4      21              11              13      19       8   8   8   8   8   8   8 
                          8               4      21              11              13      19                                 
 19  19  19  19  19  19  -1  18  18  18  -2  17  -1  16  16  16  -2  15  15      13      19                                 
 19                       7               5      22              22      15      13      19                                 
 19                       7               5      22  22  22  22  22      15      13      19                                 
 19                       7               5                              15      13      19                                 
 19      13  13  13  13  -1  14  14       5                              15      13      19                                 
 19      13               6      14       5                              15      13      19                                 
 19      13      15  15  -2  14  14       5                              15      13      19                                 
 19      13      15       5               5                              15      13      19                                 
 19      13      15       5   5   5   5   5                              15      13      19                                 
 19      13      15                                                      15      13      19                                 
 19      13      15  15  15  15  15  15  15  15  15  15  15  15  15  15  15      13      19                                 
 19      13                                                                      13      19                                 
 19      13  13  13  13  13  13  13  13  13  13  13  13  13  13  13  13  13  13  13      19                                 
 19                                                                                      19                                 
 19  19  19  19  19  19  19  19  19  19  19  19  19  19  19  19  19  19  19  19  19  19  19                                 
