                                 18  18  18  18  18  18  18  18  18  18  18  18  18  18  18  18  18  18  18  18  18  18  18  18  18 
                                 18                                                                                              18 
                                 18       5   5   5   5   5   5   5   5   5   5   5   5   5   5   5   5   5   5   5   5   5      18 
                                 18       5                                                                               5      18 
                                 18       5       7   7   7   7   7   7   7   7   7   7   7   7   7   7   7   7   7       5      18 
                                 18       5       7                                                               7       5      18 
                                 18       5       7      16  16  16  16  16  16  16  16  16  16  16  16  16       7       5      18 
                                 18       5       7      16                                              16       7       5      18 
                                 18       5       7      16      22  22  22  22  22  22  22              16       7       5      18 
                                 18       5       7      16      22                      22              16       7       5      18 
                                 18       5       7      16      22               9   9  -1   8   8   8  -2   7   7       5      18 
                                 18       5       7      16      22               9      21              17               5      18 
                                 18       5       7      16      22               9   9  -2  10  10  10  -1   5   5   5   5      18 
                                 18       5       7      16      22                      20              18                      18 
                                 18       5       7      16      22                      20              18  18  18  18  18  18  18 
                                 18       5       7      16      22                      20                                         
 14  14  14  14  14  14  14      18       5       7      16      22                      20                                         
 14                      14      18       5       7      16      22                      20                                         
 14      19  19  19  19  -1  18  18       5       7      16  16  -2  15  15  15  15  15  -1  14  14                                 
 14      19              13               5       7              11                      19      14                                 
 14      19       4   4  -2   3   3   3  -2   2  -1   1   1   1  -1   4   4              19      14                                 
 14      19       4      12               6       6              12       4              19      14                                 
 14      19       4      12               6   6   6              12       4              19      14                                 
 14      19       4      12                                      12       4              19      14                                 
 14      19       4      12  12  12  12  12  12  12  12  12  12  12       4              19      14                                 
 14      19       4                                                       4              19      14                                 
 14      19       4   4   4   4   4   4   4   4   4   4   4   4   4   4   4              19      14                                 
 14      19                                                                              19      14                                 
 14      19  19  19  19  19  19  19  19  19  19  19  19  19  19  19  19  19  19  19  19  19      14                                 
 14                                                                                              14                                 
 14  14  14  14  14  14  14  14  14  14  14  14  14  14  14  14  14  14  14  14  14  14  14  14  14                                 
