  1   1   1   1   1   1   1   1   1   1   1   1   1   1   1   1   1   1   1   1   1                                         
  1                                                                               1                                         
  1                                                                               1       3   3   3   3   3   3   3   3   3 
  1                                                                               1       3                               3 
  1      14  14  14  14  14  14  14  14  14  14  14  14  14  14  14  14  14       1       3                               3 
  1      14                                                              14       1       3                               3 
  1      14      21  21  21  21  21  21  21  21  21  21  21  21  21      14       1       3                               3 
  1      14      21                                              21      14       1       3                               3 
  1      14      21      19  19  19  19  19  19  19              21      14       1       3                               3 
  1      14      21      19                      19              21      14       1       3                               3 
  1      14      21      19       4   4   4      19              21      14       1       3                               3 
  1      14      21      19       4       4      19              21      14       1       3                               3 
  1      14      21      19       4       4      19              21      14       1       3      18  18  18  18  18       3 
  1      14      21      19       4       4      19              21      14       1       3      18              18       3 
  1      14  14  -2  13  -1  12  -2  11  -1  10  -2   9   9   9  -1   8  -2   7  -2   6  -1   5  -1  16  16      18       3 
  1              20      20       1       3      18              22      15       2       2      17      16      18       3 
  1              20  20  20       1       3      18              22      15       2       2      17      16      18       3 
  1                               1       3      18              22      15       2       2      17      16      18       3 
  1                               1       3      18              22      15       2   2   2      17      16      18       3 
  1                               1       3      18              22      15                      17      16      18       3 
  1   1   1   1   1   1   1   1   1       3      18              22      15                      17      16      18       3 
                                          3      18              22      15                      17      16      18       3 
                                          3      18      16  16  -2  15  15                      17      16      18       3 
                                          3      18      16      17                              17      16      18       3 
                                          3      18      16      17  17  17  17  17  17  17  17  17      16      18       3 
                                          3      18      16                                              16      18       3 
                                          3      18      16  16  16  16  16  16  16  16  16  16  16  16  16      18       3 
                                          3      18                                                              18       3 
                                          3      18  18  18  18  18  18  18  18  18  18  18  18  18  18  18  18  18       3 
                                          3                                                                               3 
                                          3   3   3   3   3   3   3   3   3   3   3   3   3   3   3   3   3   3   3   3   3 
