  8   8   8   8   8   8   8   8   8   8   8                                         
  8                                       8                                         
  8              15  15  15  15  15  15  -1  14  14                                 
  8              15                       7      14                                 
  8              15      13  13  13  13  -2  14  14                                 
  8              15      13               6                                         
  8              15      13      20  20  -1  21  21  21  21  21  21  21  21  21  21 
  8              15      13      20       5                                      21 
  8              15      13      20  20  -2  19  19  19  19  19  19  19  19      21 
  8              15      13               4                              19      21 
  8              15      13  13  13  13  -1  12  12  12  12              19      21 
  8              15                       3              12              19      21 
  8              15  15  15  15  15  15  -2  16  16  16  -1  17  17      19      21 
  8                                       2              11      17      19      21 
  8      10  10  10  10  10  10  10  10  -2  11  11  11  11      17      19      21 
  8      10                               1                      17      19      21 
  8      10                               1              17  17  17      19      21 
  8      10                               1              17              19      21 
  8      10  10  10  10  10  10  10  10  -1   9   9   9  -1  22  22  22  -2  21  21 
  8                                       8              18              18         
  8                                       8              18  18  18  18  18         
  8                                       8                                         
  8   8   8   8   8   8   8   8   8   8   8                                         
