  3   3   3   3   3   3   3   3   3   3   3   3   3   3   3   3   3   3   3   3   3   3   3   3   3                                 
  3                                                                                               3                                 
  3      15  15  15  15  15  15  15  15  15  15  15  15  15  15  15  15  15  15  15  15  15       3                                 
  3      15                                                                              15       3                                 
  3      15      10  10  10  10  10  10  10  10  10  10  10  10  10  10  10  10  10      15       3                                 
  3      15      10                                                              10      15       3                                 
  3      15      10      16  16  16  16  16  16  16                              10      15       3                                 
  3      15      10      16                      16                              10      15       3                                 
  3      15      10      16       2   2   2      16                              10      15       3                                 
  3      15      10      16       2       2      16                              10      15       3                                 
  3      15      10      16       2       2      16                              10      15       3      12  12  12  12  12         
  3      15      10      16       2       2      16                              10      15       3      12              12         
  3      15      10      16       2       2      16      18  18  18  18  18      10      15       3      12              12         
  3      15      10      16       2       2      16      18              18      10      15       3      12              12         
  3      15      10  10  -1   5  -1   6  -2   7  -2   8  -1   9   9   9  -2  10  10      15       3   3  -1   4   4   4  -2   1   1 
  3      15              15       3       1      17      17              19              15              13              11       1 
  3      15              15       3       1      17  17  17              19              15              13              11       1 
  3      15              15       3       1                              19              15              13              11       1 
  3      15  15  15  15  15       3       1                              19              15              13              11       1 
  3                               3       1                              19              15              13              11       1 
  3   3   3   3   3   3   3   3   3       1                              19              15              13              11       1 
                                          1                              19              15              13              11       1 
                                          1                      11  11  -1  22  22  22  -2  21  21  21  -1  20  20      11       1 
                                          1                      11      20              14              14      20      11       1 
                                          1                      11      20              14  14  14  14  14      20      11       1 
                                          1                      11      20                                      20      11       1 
                                          1                      11      20  20  20  20  20  20  20  20  20  20  20      11       1 
                                          1                      11                                                      11       1 
                                          1                      11  11  11  11  11  11  11  11  11  11  11  11  11  11  11       1 
                                          1                                                                                       1 
                                          1   1   1   1   1   1   1   1   1   1   1   1   1   1   1   1   1   1   1   1   1   1   1 
