                                                                                                                  4   4   4   4   4   4   4   4   4 
                                                                                                                  4                               4 
  9   9   9   9   9   9   9   9   9   9   9   9   9   9   9   9   9   9   9   9   9   9   9   9   9   9   9   9  -1   8   8   8   8   8   8       4 
  9                                                                                                               3                       8       4 
  9      13  13  13  13  13  13  13  13  13  13  13  13  13  13  13  13  13  13  13  13  13  13  13  13  13  13  -2  14  14  14  14       8       4 
  9      13                                                                                                       2              14       8       4 
  9      13       6   6   6   6   6   6   6   6   6   6   6   6   6   6   6   6   6   6   6                       2              14       8       4 
  9      13       6                                                                       6                       2              14       8       4 
  9      13       6      10  10  10  10  10  10  10  10  10  10  10  10  10  10  10       6                       2              14       8       4 
  9      13       6      10                                                      10       6                       2              14       8       4 
  9      13       6      10      19  19  19  19  19  19  19  19  19              10       6                       2              14       8       4 
  9      13       6      10      19                              19              10       6                       2              14       8       4 
  9      13       6      10      19      11  11  11              19              10       6                       2              14       8       4 
  9      13       6      10      19      11      11              19              10       6                       2              14       8       4 
  9      13       6      10      19  19  -2  20  -1  21  21      19              10       6   6   6   6   6   6  -2   7   7      14       8       4 
  9      13       6      10              10      12      21      19              10                               1       7      14       8       4 
  9      13       6      10  10  10  10  10      12      21      19              10                               1       7      14       8       4 
  9      13       6                              12      21      19              10                               1       7      14       8       4 
  9      13       6                              12      21      19              10  10  10  10  10  10  10       1       7      14       8       4 
  9      13       6                              12      21      19                                      10       1       7      14       8       4 
  9      13       6                              12      21      19  19  19  19  19  19  19  19  19      10       1       7      14       8       4 
  9      13       6                              12      21                                      19      10       1       7      14       8       4 
  9      13       6                              12      21  21  21  21  21                      19      10       1       7      14       8       4 
  9      13       6                              12                      21                      19      10       1       7      14       8       4 
  9      13       6   6   6   6   6   6   6   6  -2   5   5   5   5   5  -1  18  18  18  18  18  -2  17  -1  16  -1  15  -2  14  14       8       4 
  9      13                                      13                      22                      22       9       4       8               8       4 
  9      13                                      13                      22  22  22  22  22  22  22       9       4       8               8       4 
  9      13                                      13                                                       9       4       8               8       4 
  9      13  13  13  13  13  13  13  13  13  13  13                                                       9       4       8               8       4 
  9                                                                                                       9       4       8               8       4 
  9   9   9   9   9   9   9   9   9   9   9   9   9   9   9   9   9   9   9   9   9   9   9   9   9   9   9       4       8               8       4 
                                                                                                                  4       8               8       4 
                                                                                                                  4       8   8   8   8   8       4 
                                                                                                                  4                               4 
                                                                                                                  4   4   4   4   4   4   4   4   4 
