 15  15  15  15  15  15  15  15  15  15  15  15  15  15  15  15  15  15  15  15  15  15  15  15  15  15  15  15  15                         
 15                                                                                                              15                         
 15      20  20  20  20  20  20  20  20  20  20  20  20  20  20  20  20  20  20  20  20  20  20  20  20  20      15                         
 15      20                                                                                              20      15                         
 15      20      14  14  14  14  14  14  14  14  14  14  14  14  14  14  14  14  14  14  14  14  14      20      15                         
 15      20      14                                                                              14      20      15                         
 15      20      14      21  21  21  21  21  21  21  21  21  21  21  21  21  21  21  21  21  21  -1  20  20      15                         
 15      20      14      21                                                                      13              15                         
 15      20      14      21                                               2   2   2   2   2      13              15                         
 15      20      14      21                                               2               2      13              15                         
 15      20      14      21                                               2               2      13              15      17  17  17  17  17 
 15      20      14      21                                               2               2      13              15      17              17 
 15      20      14      21      18  18  18  18  18                       2               2      13              15      17              17 
 15      20      14      21      18              18                       2               2      13              15      17              17 
 15      20      14      21  21  -2  22  22  22  -1   5   5   5   5   5  -1   6   6   6  -2   7  -1   8   8   8  -1   9  -2  10  10      17 
 15      20      14              19              17                       3               1      12              16      16      10      17 
 15      20      14              19              17                       3               1      12              16  16  16      10      17 
 15      20      14              19              17                       3               1      12                              10      17 
 15      20      14  14  14  14  -1  15  15      17      10  10  10  10  -2  11  11       1      12                              10      17 
 15      20                      20      15      17      10               4      11       1      12                              10      17 
 15      20  20  20  20  20  20  20      15      17      10               4      11       1      12                              10      17 
 15                                      15      17      10               4      11       1      12                              10      17 
 15  15  15  15  15  15  15  15  15  15  15      17      10               4      11       1      12                              10      17 
                                                 17      10               4      11       1      12                              10      17 
                                                 17      10      12  12  -1  11  11       1      12                              10      17 
                                                 17      10      12       1               1      12                              10      17 
                                                 17      10      12       1   1   1   1   1      12                              10      17 
                                                 17      10      12                              12                              10      17 
                                                 17      10      12  12  12  12  12  12  12  12  12                              10      17 
                                                 17      10                                                                      10      17 
                                                 17      10  10  10  10  10  10  10  10  10  10  10  10  10  10  10  10  10  10  10      17 
                                                 17                                                                                      17 
                                                 17  17  17  17  17  17  17  17  17  17  17  17  17  17  17  17  17  17  17  17  17  17  17 
