  3   3   3   3   3   3   3   3   3   3   3   3   3   3   3   3   3   3   3   3   3   3   3   3   3   3   3 
  3                                                                                                       3 
  3              20  20  20  20  20  20  20  20  20  20  20  20  20                                       3 
  3              20                                              20                                       3 
  3              20      14  14  14  14  14  14  14  14  14      20                                       3 
  3              20      14                              14      20                                       3 
  3              20  20  -1  21  21                      14      20                                       3 
  3                      13      21                      14      20                                       3 
  3                      13      21                      14      20      18  18  18  18  18  18  18       3 
  3                      13      21                      14      20      18                      18       3 
  3                      13      21                      14      20      18      10  10  10      18       3 
  3                      13      21                      14      20      18      10      10      18       3 
  3   3   3   3   3   3  -2   4  -1   5   5   5   5   5  -2   6  -1   7  -2   8  -2   1  -1   2  -1   3   3 
                         12      22                      15      19      19       9      11      17         
                         12      22  22  22  22  22      15      19      19       9      11      17         
                         12                      22      15      19      19       9      11      17         
                         12                      22      15      19  19  19       9      11      17         
                         12                      22      15                       9      11      17         
         17  17  17  17  -1  16  16  16  16      22  22  -1   9   9   9   9   9   9      11      17         
         17              11              16              16                              11      17         
         17              11              16  16  16  16  16                              11      17         
         17              11                                                              11      17         
         17              11  11  11  11  11  11  11  11  11  11  11  11  11  11  11  11  11      17         
         17                                                                                      17         
         17  17  17  17  17  17  17  17  17  17  17  17  17  17  17  17  17  17  17  17  17  17  17         
