 15  15  15  15  15  15  15  15  15  15  15  15  15  15  15  15  15  15  15  15  15  15  15  15  15  15  15                         
 15                                                                                                      15                         
 15       6   6   6   6   6   6   6   6   6   6   6   6   6   6   6   6   6   6   6   6   6   6   6      15                         
 15       6                                                                                       6      15                         
 15       6      12  12  12  12  12  12  12  12  12  12  12  12  12  12  12  12  12  12  12       6      15                         
 15       6      12                                                                      12       6      15                         
 15       6      12       5   5   5   5   5   5   5   5   5   5   5   5   5   5   5      12       6      15                         
 15       6      12       5                                                       5      12       6      15                         
 15       6      12       5              19  19  19  19  19                       5      12       6      15                         
 15       6      12       5              19              19                       5      12       6      15                         
 15       6      12  12  -1  13  13  13  -1  14  14      19                       5      12       6      15                         
 15       6               6              22      14      19                       5      12       6      15                         
 15       6   6   6   6   6              22      14      19                       5      12       6      15                         
 15                                      22      14      19                       5      12       6      15                         
 15  15  15  15  15  15  15  15  15  15  -2  14  14      19                       5      12       6      15                         
                                         21              19                       5      12       6      15                         
                                  9   9  -1  10  10  10  -2  11  11  11  11  11  -2  12  12       6      15                         
                                  9      20              20                      18               6      15                         
                                  9      20  20  20  20  20                      18               6      15                         
                                  9                                              18               6      15                         
                                  9                                              18               6      15       9   9   9   9   9 
                                  9                                              18               6      15       9               9 
                                  9                               4   4   4   4  -2   1   1   1  -1   2  -2   3  -1   4   4       9 
                                  9                               4              17               7      16       8       4       9 
                                  9                               4       8   8  -1   7   7   7   7      16       8       4       9 
                                  9                               4       8      16                      16       8       4       9 
                                  9                               4       8      16  16  16  16  16  16  16       8       4       9 
                                  9                               4       8                                       8       4       9 
                                  9                               4       8   8   8   8   8   8   8   8   8   8   8       4       9 
                                  9                               4                                                       4       9 
                                  9                               4   4   4   4   4   4   4   4   4   4   4   4   4   4   4       9 
                                  9                                                                                               9 
                                  9   9   9   9   9   9   9   9   9   9   9   9   9   9   9   9   9   9   9   9   9   9   9   9   9 
