                                                  1   1   1   1   1   1   1   1   1   1   1   1   1   1   1   1   1   1   1   1   1   1   1 
                                                  1                                                                                       1 
                                                  1       3   3   3   3   3   3   3   3   3   3   3   3   3   3   3   3   3   3   3       1 
                                                  1       3                                                                       3       1 
                                                  1       3              10  10  10  10  10  10  10  10  10  10  10  10  10       3       1 
                                                  1       3              10                                              10       3       1 
                                                  1       3              10                               4   4   4      10       3       1 
                                                  1       3              10                               4       4      10       3       1 
 20  20  20  20  20  20  20  20  20  20  20       1       3              10                               4       4      10       3       1 
 20                                      20       1       3              10                               4       4      10       3       1 
 20      18  18  18  18  18  18  18      20       1       3              10                               4       4      10       3       1 
 20      18                      18      20       1       3              10                               4       4      10       3       1 
 20      18                      18      20       1       3              10              19  19  19       4       4      10       3       1 
 20      18                      18      20       1       3              10              19      19       4       4      10       3       1 
 20      18      21  21  21  21  -1  20  20       1       3      15  15  -1  14  14  14  -2  13  -1  12  -2  11  -1  10  10       3       1 
 20      18      21              17               1       3      15       9              18      20       1       3               3       1 
 20      18      21              17               1       3      15       9              18      20       1       3   3   3   3   3       1 
 20      18      21              17               1       3      15       9              18      20       1                               1 
 20      18      21              17               1       3      15       9              18      20       1   1   1   1   1   1   1   1   1 
 20      18      21              17               1       3      15       9              18      20                                         
 20      18      21       8   8  -2   7   7   7  -2   6  -1   5  -1  22  -2  21  21      18      20                                         
 20      18      21       8      16               2       2      16       8      21      18      20                                         
 20      18      21       8      16               2   2   2      16       8      21      18      20                                         
 20      18      21       8      16                              16       8      21      18      20                                         
 20      18      21       8      16  16  16  16  16  16  16  16  16       8      21      18      20                                         
 20      18      21       8                                               8      21      18      20                                         
 20      18      21       8   8   8   8   8   8   8   8   8   8   8   8   8      21      18      20                                         
 20      18      21                                                              21      18      20                                         
 20      18      21  21  21  21  21  21  21  21  21  21  21  21  21  21  21  21  21      18      20                                         
 20      18                                                                              18      20                                         
 20      18  18  18  18  18  18  18  18  18  18  18  18  18  18  18  18  18  18  18  18  18      20                                         
 20                                                                                              20                                         
 20  20  20  20  20  20  20  20  20  20  20  20  20  20  20  20  20  20  20  20  20  20  20  20  20                                         
