  9   9   9   9   9   9   9   9   9   9   9   9   9   9   9   9   9   9   9   9   9   9   9   9   9   9   9   9   9         
  9                                                                                                               9         
  9      17  17  17  17  17  17  17  17  17  17  17  17  17  17  17  17  17  17  17  17  17  17  17  17  17       9         
  9      17                                                                                              17       9         
  9      17       6   6   6   6   6   6   6   6   6   6   6   6   6   6   6   6   6   6   6   6   6      17       9         
  9      17       6                                                                               6      17       9         
  9      17       6      12  12  12  12  12  12  12  12  12  12  12  12  12  12  12  12  12       6      17       9         
  9      17       6      12                                                              12       6      17       9         
  9      17       6      12      21  21  21  21  21  21  21  21  21  21  21  21  21      12       6      17       9         
  9      17       6      12      21                                              21      12       6      17       9         
  9      17       6      12      21      13  13  13                              21      12       6      17       9         
  9      17       6      12      21      13      13                              21      12       6      17       9         
  9      17       6      12      21  21  -2  22  -1   5   5                      21      12       6      17       9         
  9      17       6      12              12      14       5                      21      12       6      17       9         
  9      17       6      12  12  12  12  12      14       5                      21      12       6      17       9         
  9      17       6                              14       5                      21      12       6      17       9         
  9      17       6   6   6   6   6   6   6   6  -2   5   5                      21      12       6      17       9         
  9      17                                      15                              21      12       6      17       9         
  9      17  17  17  17  17  17  17  17  17      15                              21      12       6      17       9         
  9                                      17      15                              21      12       6      17       9         
  9   9   9   9   9   9   9   9   9   9  -2  10  -1  11  11  11  11  11  11  11  -2  12  12       6      17       9         
                                         16      16                              20               6      17       9         
                                         16  16  16                              20               6      17       9         
                                                                                 20               6      17       9         
                                                                  4   4   4   4  -2   1   1   1  -1   2  -2   3  -1   4   4 
                                                                  4              19               7      18       8       4 
                                                                  4       8   8  -1   7   7   7   7      18       8       4 
                                                                  4       8      18                      18       8       4 
                                                                  4       8      18  18  18  18  18  18  18       8       4 
                                                                  4       8                                       8       4 
                                                                  4       8   8   8   8   8   8   8   8   8   8   8       4 
                                                                  4                                                       4 
                                                                  4   4   4   4   4   4   4   4   4   4   4   4   4   4   4 
