  3   3   3   3   3   3   3   3   3   3   3   3   3                                                 
  3                                               3                                                 
  3                              18  18  18  18  -1  17  17  17  17  17  17  17  17  17  17  17  17 
  3                              18               2                                              17 
  3                              18      10  10  -2  11  11  11  11  11  11  11  11  11  11      17 
  3                              18      10       1                                      11      17 
  3                              18      10  10  -1   9   9   9   9   9   9              11      17 
  3                              18               8                       9              11      17 
  3                              18  18  18  18  -2  19  19  19  19       9              11      17 
  3                                               7              19       9              11      17 
  3      20  20  20  20  20  20  20  20  20  20  -1  19  19  19  19       9              11      17 
  3      20                                       6                       9              11      17 
  3      20      14  14  14  14  14  14  14  14  -2  15  15  15  15  15  -2  16  16      11      17 
  3      20      14                               5                      22      16      11      17 
  3      20      14                               5      22  22  22  22  22      16      11      17 
  3      20      14                               5      22                      16      11      17 
  3      20      14                               5      22              16  16  16      11      17 
  3      20      14                               5      22              16              11      17 
  3      20      14      21  21  21  21  21  21  -2  22  22              16              11      17 
  3      20      14      21                       4                      16              11      17 
  3      20      14  14  -1  13  13  13  13  13  -1  12  12  12  12  12  -2  11  11  11  11      17 
  3      20              20                       3                      17                      17 
  3      20  20  20  20  20                       3                      17                      17 
  3                                               3                      17                      17 
  3                                               3                      17  17  17  17  17  17  17 
  3                                               3                                                 
  3   3   3   3   3   3   3   3   3   3   3   3   3                                                 
