                                                          1   1   1   1   1   1   1   1   1   1   1   1   1   1   1   1   1   1   1   1   1 
                                                          1                                                                               1 
                                                          1       7   7   7   7   7   7   7   7   7   7   7   7   7   7   7   7   7       1 
                                                          1       7                                                               7       1 
                                                          1       7                                               2   2   2       7       1 
                                                          1       7                                               2       2       7       1 
                                                          1       7      17  17  17  17  17                       2       2       7       1 
                                                          1       7      17              17                       2       2       7       1 
                                                          1       7      17              17      19  19  19       2       2       7       1 
                                                          1       7      17              17      19      19       2       2       7       1 
                                                          1       7   7  -2   8   8   8  -1   9  -2  10  -1   5  -1   6  -2   7   7       1 
                                                          1              16              18      18      20       3       1               1 
                                                          1              16              18  18  18      20       3       1               1 
                                                          1              16                              20       3       1               1 
                                                          1              16                              20       3       1   1   1   1   1 
                                                          1              16                              20       3                         
  3   3   3   3   3   3   3   3   3   3   3   3   3       1              16                              20       3                         
  3                                               3       1              16                              20       3                         
  3      20  20  20  20  20  20  20  20  20       3       1              16                              20       3                         
  3      20                              20       3       1              16                              20       3                         
  3      20      22  22  22  22  22      20       3       1              16                              20       3                         
  3      20      22              22      20       3       1              16                              20       3                         
  3      20      22      15  15  -1  14  -2  13  -1  12  -2  11  11  11  -1  22  22                      20       3                         
  3      20      22      15      21      21       4       4              15      22                      20       3                         
  3      20      22      15      21  21  21       4       4              15      22                      20       3                         
  3      20      22      15                       4       4              15      22                      20       3                         
  3      20      22      15                       4   4   4              15      22                      20       3                         
  3      20      22      15                                              15      22                      20       3                         
  3      20      22      15  15  15  15  15  15  15  15  15  15  15  15  15      22                      20       3                         
  3      20      22                                                              22                      20       3                         
  3      20      22  22  22  22  22  22  22  22  22  22  22  22  22  22  22  22  22                      20       3                         
  3      20                                                                                              20       3                         
  3      20  20  20  20  20  20  20  20  20  20  20  20  20  20  20  20  20  20  20  20  20  20  20  20  20       3                         
  3                                                                                                               3                         
  3   3   3   3   3   3   3   3   3   3   3   3   3   3   3   3   3   3   3   3   3   3   3   3   3   3   3   3   3                         
