  3   3   3   3   3   3   3   3   3   3   3   3   3   3   3   3   3   3   3   3   3   3   3   3   3   3   3                                         
  3                                                                                                       3                                         
  3      11  11  11  11  11  11  11  11  11  11  11  11  11  11  11  11  11  11  11  11  11  11  11       3                                         
  3      11                                                                                      11       3                                         
  3      11      21  21  21  21  21  21  21  21  21  21  21  21  21  21  21  21  21  21  21      11       3                                         
  3      11      21                                                                      21      11       3                                         
  3      11      21      12  12  12  12  12  12  12  12  12  12  12                      21      11       3                                         
  3      11      21      12                                      12                      21      11       3                                         
  3      11      21  21  -1  20  20  20  20  20  20  20  20  20  -2  19  19  19  19      21      11       3                                         
  3      11              11                                       5              19      21      11       3                                         
  3      11  11  11  11  11                                       5              19      21      11       3                                         
  3                                                               5              19      21      11       3                                         
  3   3   3   3   3   3   3   3   3   3   3   3   3   3   3   3  -2   2   2      19      21      11       3                                         
                                                                  6       2      19      21      11       3                                         
                                  1   1   1   1   1   1   1   1  -1   2   2      19      21      11       3                                         
                                  1                               7              19      21      11       3                                         
                                  1      18  18  18  18  18  18  -1  19  19  19  19      21      11       3                                         
                                  1      18                       8                      21      11       3                                         
                                  1      18      22  22  22  22  -2  21  21  21  21  21  21      11       3                                         
                                  1      18      22               9                              11       3                                         
                                  1      18      22               9                              11       3       1   1   1   1   1   1   1   1   1 
                                  1      18      22               9                              11       3       1                               1 
                                  1      18      22               9                              11       3       1      18  18  18  18  18       1 
                                  1      18      22               9                              11       3       1      18              18       1 
                                  1      18      22      17  17  -2  16  16  16  16  16  16  16  -1  15  -1  14  -2  13  -1  22  22      18       1 
                                  1      18      22      17      10                              10       4       4      17      22      18       1 
                                  1      18      22      17      10  10  10  10  10  10  10  10  10       4       4      17      22      18       1 
                                  1      18      22      17                                               4       4      17      22      18       1 
                                  1      18      22      17                                               4   4   4      17      22      18       1 
                                  1      18      22      17                                                              17      22      18       1 
                                  1      18      22      17  17  17  17  17  17  17  17  17  17  17  17  17  17  17  17  17      22      18       1 
                                  1      18      22                                                                              22      18       1 
                                  1      18      22  22  22  22  22  22  22  22  22  22  22  22  22  22  22  22  22  22  22  22  22      18       1 
                                  1      18                                                                                              18       1 
                                  1      18  18  18  18  18  18  18  18  18  18  18  18  18  18  18  18  18  18  18  18  18  18  18  18  18       1 
                                  1                                                                                                               1 
                                  1   1   1   1   1   1   1   1   1   1   1   1   1   1   1   1   1   1   1   1   1   1   1   1   1   1   1   1   1 
