         11  11  11  11  11  11  11  11  11  11  11  11  11                                         
         11                                              11                                         
         11      21  21  21  21  21  21  21  21  21      11                                         
         11      21                              21      11                                         
         11      21      16  16  16  16  16      21      11                                         
         11      21      16              16      21      11                                         
         11      21      16      20  20  -2  21  21      11                                         
         11      21      16      20      15              11                                         
         11      21      16      20      15              11      13  13  13                         
         11      21      16      20      15              11      13      13                         
         11      21      16      20      15              11      13      13      18  18  18         
         11      21      16      20      15              11      13      13      18      18         
  8   8  -1   7  -2   6  -2   5  -1   4  -1   3   3   3  -2   2  -1   1  -2  10  -2   9  -1   8   8 
  8      22      22      17      19      14              12      12      14      19      17       8 
  8      22  22  22      17      19      14              12      12      14      19      17       8 
  8                      17      19      14              12      12      14      19      17       8 
  8                      17      19      14              12  12  12      14      19      17       8 
  8                      17      19      14                              14      19      17       8 
  8                      17      19      14  14  14  14  14  14  14  14  14      19      17       8 
  8                      17      19                                              19      17       8 
  8                      17      19  19  19  19  19  19  19  19  19  19  19  19  19      17       8 
  8                      17                                                              17       8 
  8                      17  17  17  17  17  17  17  17  17  17  17  17  17  17  17  17  17       8 
  8                                                                                               8 
  8   8   8   8   8   8   8   8   8   8   8   8   8   8   8   8   8   8   8   8   8   8   8   8   8 
