                 14  14  14  14  14  14  14  14  14  14  14  14  14  14  14  14  14  14  14  14  14  14  14  14  14  14  14 
                 14                                                                                                      14 
                 14      21  21  21  21  21  21  21  21  21  21  21  21  21  21  21  21  21  21  21  21  21  21  21      14 
                 14      21                                                                                      21      14 
                 14      21      10  10  10  10  10  10  10  10  10                                              21      14 
                 14      21      10                              10                                              21      14 
                 14      21  21  -1  20  20  20  20              10                                              21      14 
                 14               9              20              10                                              21      14 
                 14               9              20              10              15  15  15  15  15  15  15      21      14 
                 14               9              20              10              15                      15      21      14 
                 14  14  14  14  -2  13  13  13  -1  12  12      10      17  17  -1  22  22  22  22  22  -2  21  21      14 
                                  8              19      12      10      17      16                      14              14 
                                  8              19      12      10      17      16                      14  14  14  14  14 
                                  8              19      12      10      17      16                                         
                                  8      19  19  19      12      10      17      16                                         
                                  8      19              12      10      17      16                                         
                                  8      19      12  12  12      10      17      16                                         
                                  8      19      12              10      17      16                                         
 18  18  18  18  18  18  18  18  -1  19  19      12              10      17  17  -2  18  18  18  18                         
 18                               7              12              10               5              18                         
 18       2   2   2   2   2   2  -1   1   1   1  -1   4   4   4  -2   3   3   3  -2   2   2      18                         
 18       2                       6              11              11               6       2      18                         
 18       2                       6              11  11  11  11  11               6       2      18                         
 18       2                       6                                               6       2      18                         
 18       2                       6   6   6   6   6   6   6   6   6   6   6   6   6       2      18                         
 18       2                                                                               2      18                         
 18       2   2   2   2   2   2   2   2   2   2   2   2   2   2   2   2   2   2   2   2   2      18                         
 18                                                                                              18                         
 18  18  18  18  18  18  18  18  18  18  18  18  18  18  18  18  18  18  18  18  18  18  18  18  18                         
