          8   8   8   8   8   8   8   8   8   8   8   8   8   8   8   8   8   8   8   8   8 
          8                                                                               8 
          8              19  19  19  19  19  19  19  19  19  19  19  19  19  19  19       8 
          8              19                                                      19       8 
          8              19       6   6   6   6   6   6   6   6   6   6   6      19       8 
          8              19       6                                       6      19       8 
 16  16  -1  17  17      19       6      20  20  20  20  20  20  20  20  -1  19  19       8 
 16       7      17      19       6      20                               1               8 
 16       7      17      19       6      20       3   3   3   3   3       1               8 
 16       7      17      19       6      20       3               3       1               8 
 16  16  -2  15  -1  14  -2  13  -2  12  -1  11  -2  10  10  10  -1   9  -2   8   8   8   8 
         22      18      18       5      21       4               2       2                 
         22      18  18  18       5      21       4               2       2                 
         22                       5      21       4               2       2                 
         22                       5      21       4               2   2   2                 
         22                       5      21       4                                         
         22                       5      21  21  -1  22  22                                 
         22                       5               5      22                                 
         22                       5   5   5   5   5      22                                 
         22                                              22                                 
         22  22  22  22  22  22  22  22  22  22  22  22  22                                 
