                                                                                                 17  17  17  17  17  17  17 
                                                                                                 17                      17 
 21  21  21  21  21  21  21  21  21  21  21  21  21  21  21  21  21  21  21  21  21  21  21  21  -1  20  20              17 
 21                                                                                              18      20              17 
 21       4   4   4   4   4   4   4   4   4   4   4   4   4   4   4   4   4   4   4   4   4      18      20              17 
 21       4                                                                               4      18      20              17 
 21       4      22  22  22  22  22  22  22  22  22  22  22  22  22  22  22  22  22       4      18      20              17 
 21       4      22                                                              22       4      18      20              17 
 21       4      22       6   6   6   6   6   6   6   6   6   6   6   6   6      22       4      18      20              17 
 21       4      22       6                                               6      22       4      18      20              17 
 21       4      22       6       2   2   2   2   2   2   2   2   2       6      22       4      18      20              17 
 21       4      22       6       2                               2       6      22       4      18      20              17 
 21       4      22       6       2              16  16  16       2       6      22       4      18      20              17 
 21       4      22       6       2              16      16       2       6      22       4      18      20              17 
 21       4      22       6   6  -2   7   7   7  -1   8  -2   9  -1  10  -2  11  -1  12  -2  13  -2  14  -1  15  15      17 
 21       4      22               1              17      15       3       5       5       3      19      19      15      17 
 21       4      22               1              17      15       3       5       5       3      19  19  19      15      17 
 21       4      22               1              17      15       3       5       5       3                      15      17 
 21       4      22               1              17      15       3       5   5   5       3                      15      17 
 21       4      22               1              17      15       3                       3                      15      17 
 21       4      22               1              17      15       3   3   3   3   3   3   3                      15      17 
 21       4      22               1              17      15                                                      15      17 
 21       4      22               1              17      15  15  15  15  15  15  15  15  15  15  15  15  15  15  15      17 
 21       4      22               1              17                                                                      17 
 21       4      22               1              17  17  17  17  17  17  17  17  17  17  17  17  17  17  17  17  17  17  17 
 21       4      22               1                                                                                         
 21       4      22  22  22  22  -1  21  21                                                                                 
 21       4                       4      21                                                                                 
 21       4   4   4   4   4   4   4      21                                                                                 
 21                                      21                                                                                 
 21  21  21  21  21  21  21  21  21  21  21                                                                                 
