  1   1   1   1   1   1   1   1   1   1   1   1   1   1   1   1   1   1   1   1   1   1   1   1   1                         
  1                                                                                               1                         
  1       3   3   3   3   3   3   3   3   3   3   3   3   3   3   3   3   3   3   3   3   3       1                         
  1       3                                                                               3       1                         
  1       3      20  20  20  20  20  20  20  20  20  20  20  20  20  20  20  20  20       3       1                         
  1       3      20                                                              20       3       1                         
  1       3      20      17  17  17  17  17  17  17  17  17  17  17  17  17      20       3       1                         
  1       3      20      17                                              17      20       3       1                         
  1       3      20      17      19  19  19  19  19  19  19  19  19      17      20       3       1                         
  1       3      20      17      19                              19      17      20       3       1                         
  1       3      20      17      19       8   8   8   8   8      19      17      20       3       1                         
  1       3      20      17      19       8               8      19      17      20       3       1                         
  1       3      20      17      19       8               8      19      17      20       3       1      22  22  22  22  22 
  1       3      20      17      19       8               8      19      17      20       3       1      22              22 
  1       3      20      17  17  -1  16  -1  15  15  15  -2  14  -2  13  -1  12  -2  11  -2  10  -1   9  -1  18  18      22 
  1       3      20              20       5               7      22      18      21       4       4      21      18      22 
  1       3      20  20  20  20  20       5               7      22      18      21       4       4      21      18      22 
  1       3                               5               7      22      18      21       4       4      21      18      22 
  1       3                               5               7      22      18      21       4   4   4      21      18      22 
  1       3                               5               7      22      18      21                      21      18      22 
  1       3                               5               7      22      18      21  21  21  21  21  21  21      18      22 
  1       3                               5               7      22      18                                      18      22 
  1       3                               5               7      22      18  18  18  18  18  18  18  18  18  18  18      22 
  1       3                               5               7      22                                                      22 
  1       3                               5               7      22  22  22  22  22  22  22  22  22  22  22  22  22  22  22 
  1       3                               5               7                                                                 
  1       3   3   3   3   3   3   3   3  -2   2   2       7                                                                 
  1                                       6       2       7                                                                 
  1   1   1   1   1   1   1   1   1   1  -1   2   2       7                                                                 
                                          7               7                                                                 
                                          7   7   7   7   7                                                                 
