                  8   8   8   8   8   8   8   8   8   8   8   8   8   8   8   8   8   8   8   8   8   8   8   8   8   8   8   8   8 
                  8                                                                                                               8 
                  8      17  17  17  17  17  17  17  17  17  17  17  17  17  17  17  17  17  17  17  17  17  17  17  17  17       8 
                  8      17                                                                                              17       8 
                  8      17      11  11  11  11  11  11  11  11  11  11  11  11  11  11  11  11  11  11  11  11  11      17       8 
                  8      17      11                                                                              11      17       8 
                  8      17      11      13  13  13  13  13  13  13  13  13  13  13  13  13  13  13  13  13      11      17       8 
                  8      17      11      13                                                              13      11      17       8 
                  8      17      11      13      19  19  19  19  19  19  19  19  19  19  19  19  19      13      11      17       8 
                  8      17      11      13      19                                              19      13      11      17       8 
                  8      17      11      13      19                      14  14  14  14  14      19      13      11      17       8 
                  8      17      11      13      19                      14              14      19      13      11      17       8 
                  8      17      11      13      19      10  10  10  10  -1   9   9      14  14  -1  13  13      11      17       8 
                  8      17      11      13      19      10              15       9              18              11      17       8 
 16  16  16  16  -1  17  17      11      13      19  19  -1  20  20  20  -2  21  -2  22  22  22  -1  11  11  11  11      17       8 
 16               7              11      13               5              16       8              17                      17       8 
 16               7              11      13               5              16       8              17  17  17  17  17  17  17       8 
 16               7              11      13               5              16       8                                               8 
 16               7              11      13               5              16       8   8   8   8   8   8   8   8   8   8   8   8   8 
 16               7              11      13               5              16                                                         
 16       2   2  -1   1   1   1  -2   4  -1   3   3   3  -2   2   2      16                                                         
 16       2       6              12      12               6       2      16                                                         
 16       2       6              12  12  12               6       2      16                                                         
 16       2       6                                       6       2      16                                                         
 16       2       6   6   6   6   6   6   6   6   6   6   6       2      16                                                         
 16       2                                                       2      16                                                         
 16       2   2   2   2   2   2   2   2   2   2   2   2   2   2   2      16                                                         
 16                                                                      16                                                         
 16  16  16  16  16  16  16  16  16  16  16  16  16  16  16  16  16  16  16                                                         
