  2   2   2   2   2   2   2   2   2   2   2   2   2   2   2   2   2   2   2   2   2   2   2   2   2   2   2 
  2                                                                                                       2 
  2      18  18  18  18  18  18  18  18  18  18  18  18  18  18  18  18  18  18  18                       2 
  2      18                                                                      18                       2 
  2      18      10  10  10  10  10  10  10  10  10  10  10  10  10              18                       2 
  2      18      10                                              10              18                       2 
  2      18  18  -1  19  19  19  19  19  19                      10              18                       2 
  2               9                      19                      10              18                       2 
  2               9      14  14  14      19                      10              18                       2 
  2               9      14      14      19                      10              18                       2 
  2   2   2   2  -1   1  -1   6  -2   5  -1   4   4   4   4   4  -2   3   3   3  -2   2   2   2   2   2   2 
                  8      13      15      20                      11              17                         
                  8      13      15      20      11  11  11  11  11              17                         
                  8      13      15      20      11                              17                         
                  8      13      15      20      11               7   7   7   7  -1   8   8   8   8         
                  8      13      15      20      11               7              16               8         
                  8      13      15      20      11      21  21  -1  22  22  22  -1  13  13       8         
                  8      13      15      20      11      21      12              15      13       8         
                  8      13      15      20      11      21  21  -2  20  20      15      13       8         
                  8      13      15      20      11              11      20      15      13       8         
                  8      13      15      20      11  11  11  11  11      20      15      13       8         
                  8      13      15      20                              20      15      13       8         
                  8      13      15      20  20  20  20  20  20  20  20  20      15      13       8         
                  8      13      15                                              15      13       8         
                  8      13      15  15  15  15  15  15  15  15  15  15  15  15  15      13       8         
                  8      13                                                              13       8         
                  8      13  13  13  13  13  13  13  13  13  13  13  13  13  13  13  13  13       8         
                  8                                                                               8         
                  8   8   8   8   8   8   8   8   8   8   8   8   8   8   8   8   8   8   8   8   8         
