         13  13  13  13  13  13  13  13  13  13  13  13  13  13  13  13  13                         
         13                                                              13                         
         13      17  17  17  17  17  17  17  17  17  17  17  17  17      13                         
         13      17                                              17      13                         
         13  13  -2  14  14                                      17      13                         
                 16      14                                      17      13                         
                 16      14              10  10  10  10  10      17      13                         
                 16      14              10              10      17      13                         
                 16      14              10              10      17      13      21  21  21         
                 16      14              10              10      17      13      21      21         
  6   6   6   6  -1   7  -2   8   8   8  -2   1   1   1  -1   2  -2   3  -1   4  -2   5  -1   6   6 
  6              15      15               9              11      18      12      22      20       6 
  6              15  15  15               9              11      18      12      22      20       6 
  6                                       9              11      18      12      22      20       6 
  6                              20  20  -1  19  19      11  11  -1  12  12      22      20       6 
  6                              20      22      19              19              22      20       6 
  6                              20      22      19  19  19  19  19              22      20       6 
  6                              20      22                                      22      20       6 
  6                              20      22  22  22  22  22  22  22  22  22  22  22      20       6 
  6                              20                                                      20       6 
  6                              20  20  20  20  20  20  20  20  20  20  20  20  20  20  20       6 
  6                                                                                               6 
  6   6   6   6   6   6   6   6   6   6   6   6   6   6   6   6   6   6   6   6   6   6   6   6   6 
