  6   6   6   6   6   6   6   6   6   6   6   6   6   6   6   6   6   6   6   6   6   6   6   6   6                                         
  6                                                                                               6                                         
  6      10  10  10  10  10  10  10  10  10  10  10  10  10  10  10  10  10  10  10  10  10       6                                         
  6      10                                                                              10       6                                         
  6      10      22  22  22  22  22  22  22  22  22  22  22  22  22  22  22  22  22      10       6                                         
  6      10      22                                                              22      10       6                                         
  6      10      22      18  18  18  18  18  18  18  18  18  18  18  18  18      22      10       6                                         
  6      10      22      18                                              18      22      10       6                                         
  6      10      22      18      12  12  12                              18      22      10       6                                         
  6      10      22      18      12      12                              18      22      10       6                                         
  6      10      22  22  -1  21  -1  20  -2  19  19  19  19  19  19  19  -2  22  22      10       6                                         
  6      10               5      11      13                              17              10       6                                         
  6      10  10  10  10  -1  11  11      13       9   9   9   9   9   9  -2  10  10  10  10       6                                         
  6                       6              13       9                      16                       6                                         
  6   6   6   6   6   6   6              13       9                      16                       6                                         
                                         13       9                      16                       6                                         
                                         13       9                      16                       6      13  13  13  13  13  13  13  13  13 
                                         13       9                      16                       6      13                              13 
                                         13       9                      16                       6      13       9   9   9   9   9      13 
                                         13       9                      16                       6      13       9               9      13 
                                         13       9       4   4   4   4  -2   1   1   1   1   1  -1   2  -2   3  -1   4   4       9      13 
                                         13       9       4              15                       7      14       8       4       9      13 
                                         13       9       4       8   8  -1   7   7   7   7   7   7      14       8       4       9      13 
                                         13       9       4       8      14                              14       8       4       9      13 
                                         13       9       4       8      14  14  14  14  14  14  14  14  14       8       4       9      13 
                                         13       9       4       8                                               8       4       9      13 
                                         13       9       4       8   8   8   8   8   8   8   8   8   8   8   8   8       4       9      13 
                                         13       9       4                                                               4       9      13 
                                         13       9       4   4   4   4   4   4   4   4   4   4   4   4   4   4   4   4   4       9      13 
                                         13       9                                                                               9      13 
                                         13       9   9   9   9   9   9   9   9   9   9   9   9   9   9   9   9   9   9   9   9   9      13 
                                         13                                                                                              13 
                                         13  13  13  13  13  13  13  13  13  13  13  13  13  13  13  13  13  13  13  13  13  13  13  13  13 
