  5   5   5   5   5   5   5   5   5   5   5                                                                 
  5                                       5                                                                 
  5      16  16  16  16  16  16  16  16  -1  15  15  15  15  15  15  15  15  15  15  15  15  15  15  15  15 
  5      16                               4                                                              15 
  5      16      11  11  11  11  11  11  -2  10  10  10  10  10  10  10  10  10  10  10  10  10  10      15 
  5      16      11                       3                                                      10      15 
  5      16      11               8   8  -1   7   7   7   7   7   7   7   7   7   7   7   7      10      15 
  5      16      11               8       2                                               7      10      15 
  5      16      11               8   8  -2   9   9   9   9   9   9   9   9   9   9       7      10      15 
  5      16      11                       1                                       9       7      10      15 
  5      16      11                       1              18  18  18  18  18       9       7      10      15 
  5      16      11                       1              18              18       9       7      10      15 
  5      16      11      17  17  17  17  -2  18  18  18  18      21  21  -2  22  -2   7   7      10      15 
  5      16      11      17               6                      21      19      10              10      15 
  5      16      11      17               6                      21      19      10  10  10  10  10      15 
  5      16      11      17               6                      21      19                              15 
  5      16      11      17               6      21  21  21  21  21      19                              15 
  5      16      11      17               6      21                      19                              15 
  5      16      11  11  -1  12  12  12  -1  13  -2  14  14  14  14  14  -1  15  15  15  15  15  15  15  15 
  5      16              16               5      20                      20                                 
  5      16              16               5      20  20  20  20  20  20  20                                 
  5      16              16               5                                                                 
  5      16  16  16  16  16               5                                                                 
  5                                       5                                                                 
  5   5   5   5   5   5   5   5   5   5   5                                                                 
