  2   2   2   2   2   2   2   2   2   2   2   2   2   2   2   2   2   2   2   2   2   2   2   2   2   2   2 
  2                                                                                                       2 
  2               9   9   9   9   9   9   9   9   9   9   9   9   9   9   9   9   9   9   9   9   9       2 
  2               9                                                                               9       2 
  2               9                                      20  20  20  20  20  20  20  20  20       9       2 
  2               9                                      20                              20       9       2 
  2               9                                      20      10  10  10  10  10  10  -1   9   9       2 
  2               9                                      20      10                      21               2 
  2               9                      14  14  14      20      10                      21               2 
  2               9                      14      14      20      10                      21               2 
  2   2   2   2  -1   1   1   1   1   1  -1   6  -2   5  -1   4  -2   3   3   3   3   3  -2   2   2   2   2 
                  8                      13      15      19      11                      22                 
         17  17  -2  16  16  16  16      13      15      19  19  -1  18  18  18  18      22                 
         17       7              16      13      15              12              18      22                 
         17  17  -1  18  18      16      13      15  15  15  15  -2  16  16      18      22                 
                 22      18      16      13                      13      16      18      22                 
                 22      18      16      13  13  13  13  13  13  13      16      18      22                 
                 22      18      16                                      16      18      22                 
                 22      18      16  16  16  16  16  16  16  16  16  16  16      18      22                 
                 22      18                                                      18      22                 
                 22      18  18  18  18  18  18  18  18  18  18  18  18  18  18  18      22                 
                 22                                                                      22                 
                 22  22  22  22  22  22  22  22  22  22  22  22  22  22  22  22  22  22  22                 
