 18  18  18  18  18  18  18  18  18  18  18  18  18  18  18  18  18  18  18  18  18  18  18  18  18  18  18                         
 18                                                                                                      18                         
 18      20  20  20  20  20  20  20  20  20  20  20  20  20  20  20  20  20  20  20  20  20  20  20      18                         
 18      20                                                                                      20      18                         
 18      20      17  17  17  17  17  17  17  17  17  17  17  17  17  17  17  17  17              20      18                         
 18      20      17                                                              17              20      18                         
 18      20      17       7   7   7   7   7   7   7   7   7   7   7   7   7      17              20      18                         
 18      20      17       7                                               7      17              20      18                         
 18      20      17       7      16  16  16  16  16                       7      17              20      18                         
 18      20      17       7      16              16                       7      17              20      18                         
 18      20      17       7   7  -2   8   8   8  -1   9   9   9   9       7      17              20      18                         
 18      20      17              17              15               9       7      17              20      18                         
 18      20      17  17  17  17  17              15               9       7      17              20      18                         
 18      20                                      15               9       7      17              20      18                         
 18      20  20  20  20  20  20  20  20  20  20  -1  19  19       9       7      17              20      18                         
 18                                              14      19       9       7      17              20      18                         
 18  18  18  18  18  18  18  18  18  18  18  18  -2  19  19       9       7      17  17  17  17  -1  18  18                         
                                                 13               9       7                      21                                 
                                          4   4  -1   3   3   3  -2   2  -1   1   1   1   1   1  -2   4   4   4   4   4   4   4   4 
                                          4      12              10       6                      22                               4 
                                          4      12              10       6              11  11  -1  12  12  12  12  12  12       4 
                                          4      12              10       6              11       5                      12       4 
                                          4      12              10       6              11  11  -2  10  10  10  10      12       4 
                                          4      12              10       6                       6              10      12       4 
                                          4      12              10       6   6   6   6   6   6   6              10      12       4 
                                          4      12              10                                              10      12       4 
                                          4      12              10  10  10  10  10  10  10  10  10  10  10  10  10      12       4 
                                          4      12                                                                      12       4 
                                          4      12  12  12  12  12  12  12  12  12  12  12  12  12  12  12  12  12  12  12       4 
                                          4                                                                                       4 
                                          4   4   4   4   4   4   4   4   4   4   4   4   4   4   4   4   4   4   4   4   4   4   4 
