                                                          4   4   4   4   4   4   4   4   4   4   4 
                                                          4                                       4 
 11  11  11  11  11  11  11  11  11  11  11  11  11  11  -1  10  10  10  10  10  10  10  10       4 
 11                                                       3                              10       4 
 11      19  19  19  19  19  19  19  19  19  19  19  19  -2  20  20  20  20  20  20      10       4 
 11      19                                               2                      20      10       4 
 11      19       8   8   8   8   8   8   8   8   8   8  -2   9   9   9   9      20      10       4 
 11      19       8                                       1               9      20      10       4 
 11      19       8                      22  22  22  22  -1  21  21  21  -1  20  20      10       4 
 11      19       8                      22               6              10              10       4 
 11      19       8                      22               6              10  10  10  10  10       4 
 11      19       8                      22               6                                       4 
 11      19       8      18  18  18      22               6                                       4 
 11      19       8      18      18      22               6                                       4 
 11      19       8   8  -1   7  -2  22  22      15  15  -1  14  14                               4 
 11      19              19      17              15       5      14                               4 
 11      19  19  19  19  19      17              15       5      14                               4 
 11                              17              15       5      14                               4 
 11  11  11  11  11  11  11  11  -2  12  12  12  -1  13  -2  14  14                               4 
                                 16              16       4                                       4 
                                 16  16  16  16  16       4                                       4 
                                                          4                                       4 
                                                          4   4   4   4   4   4   4   4   4   4   4 
