                                                                          4   4   4   4   4   4   4   4   4 
                                                                          4                               4 
                          9   9   9   9   9   9   9   9   9   9   9   9  -1   8   8   8   8   8   8       4 
                          9                                               3                       8       4 
                          9      19  19  19  19  19  19  19  19  19  19  -2  20  20  20  20       8       4 
                          9      19                                       2              20       8       4 
                          9      19       6   6   6   6   6   6   6   6  -2   7   7      20       8       4 
                          9      19       6                               1       7      20       8       4 
                          9      19       6      12  12  12  12  12       1       7      20       8       4 
                          9      19       6      12              12       1       7      20       8       4 
                          9      19       6   6  -2   5   5   5  -1  22  -1  21  -2  20  20       8       4 
                          9      19              13              11       4       8               8       4 
                          9      19              13              11       4       8   8   8   8   8       4 
                          9      19              13              11       4                               4 
                          9      19              13              11       4   4   4   4   4   4   4   4   4 
                          9      19              13              11                                         
                          9      19  19  19  19  -1  18  18      11                                         
                          9                      14      18      11                                         
 11  11  11  11  11       9                      14      18      11                                         
 11              11       9                      14      18      11                                         
 11      15  15  -2  16  -1  17  17  17  17  17  -2  18  18      11                                         
 11      15      10      10                      15              11                                         
 11      15      10  10  10                      15              11                                         
 11      15                                      15              11                                         
 11      15  15  15  15  15  15  15  15  15  15  15              11                                         
 11                                                              11                                         
 11  11  11  11  11  11  11  11  11  11  11  11  11  11  11  11  11                                         
