  6   6   6   6   6   6   6   6   6   6   6   6   6   6   6   6   6   6   6   6   6   6   6   6   6   6   6   6   6                                         
  6                                                                                                               6                                         
  6      13  13  13  13  13  13  13  13  13  13  13  13  13  13  13  13  13  13  13  13  13  13  13  13  13       6                                         
  6      13                                                                                              13       6                                         
  6      13      19  19  19  19  19  19  19  19  19  19  19  19  19  19  19  19  19  19  19  19  19      13       6                                         
  6      13      19                                                                              19      13       6                                         
  6      13      19       5   5   5   5   5   5   5   5   5   5   5   5   5                      19      13       6                                         
  6      13      19       5                                               5                      19      13       6                                         
  6      13      19       5      20  20  20  20  20  20  20  20  20       5                      19      13       6                                         
  6      13      19       5      20                              20       5                      19      13       6                                         
  6      13      19       5      20      12  12  12  12  12      20       5                      19      13       6                                         
  6      13      19       5      20      12              12      20       5                      19      13       6                                         
  6      13      19       5   5  -1  22  -2  21  21  21  -1  20  20       5                      19      13       6                                         
  6      13      19              19      13              11               5                      19      13       6                                         
  6      13      19  19  19  19  19      13              11               5                      19      13       6                                         
  6      13                              13              11               5                      19      13       6                                         
  6      13  13  13  13  13  13  13  13  13              11               5                      19      13       6                                         
  6                                                      11               5                      19      13       6                                         
  6   6   6   6   6   6   6   6   6   6   6   6   6   6  -2   5   5   5   5                      19      13       6                                         
                                                         10                                      19      13       6                                         
                                                 15  15  -1  14  14  14  14  14  14  14  14  14  -2  13  13       6                                         
                                                 15       9                                      18               6                                         
                                                 15       9                                      18               6      15  15  15  15  15  15  15  15  15 
                                                 15       9                                      18               6      15                              15 
                                                 15       9                                      18               6      15       9   9   9   9   9      15 
                                                 15       9                                      18               6      15       9               9      15 
                                                 15       9                       4   4   4   4  -2   1   1   1  -1   2  -2   3  -1   4   4       9      15 
                                                 15       9                       4              17               7      16       8       4       9      15 
                                                 15       9                       4       8   8  -1   7   7   7   7      16       8       4       9      15 
                                                 15       9                       4       8      16                      16       8       4       9      15 
                                                 15       9                       4       8      16  16  16  16  16  16  16       8       4       9      15 
                                                 15       9                       4       8                                       8       4       9      15 
                                                 15       9                       4       8   8   8   8   8   8   8   8   8   8   8       4       9      15 
                                                 15       9                       4                                                       4       9      15 
                                                 15       9                       4   4   4   4   4   4   4   4   4   4   4   4   4   4   4       9      15 
                                                 15       9                                                                                       9      15 
                                                 15       9   9   9   9   9   9   9   9   9   9   9   9   9   9   9   9   9   9   9   9   9   9   9      15 
                                                 15                                                                                                      15 
                                                 15  15  15  15  15  15  15  15  15  15  15  15  15  15  15  15  15  15  15  15  15  15  15  15  15  15  15 
