                                                 10  10  10  10  10  10  10  10  10  10  10  10  10  10  10  10  10  10  10  10  10  10  10  10  10 
                                                 10                                                                                              10 
                                                 10       4   4   4   4   4   4   4   4   4   4   4   4   4   4   4   4   4   4   4   4   4      10 
                                                 10       4                                                                               4      10 
                                                 10       4      22  22  22  22  22  22  22  22  22  22  22  22  22  22  22  22  22       4      10 
                                                 10       4      22                                                              22       4      10 
                                                 10       4      22                      12  12  12  12  12  12  12  12  12      22       4      10 
                                                 10       4      22                      12                              12      22       4      10 
                                                 10       4      22              14  14  -2  13  13  13  13              12      22       4      10 
                                                 10       4      22              14       5              13              12      22       4      10 
                                                 10       4      22              14  14  -1  15  15      13  13  13  13  -1  22  22       4      10 
                                                 10       4      22                       6      15                      11               4      10 
 16  16  16  16  16  16  16  16  16  16  16      10       4      22                       6      15                      11               4      10 
 16                                      16      10       4      22                       6      15                      11               4      10 
 16       7   7   7   7   7   7   7      16      10       4      22                       6      15                      11               4      10 
 16       7                       7      16      10       4      22                       6      15                      11               4      10 
 16       7                       7      16      10       4      22                       6      15  15  15  15  15      11               4      10 
 16       7                       7      16      10       4      22                       6                      15      11               4      10 
 16       7      17  17  17  17  -2  16  16      10       4   4  -1   1   1   1   1   1  -1   2   2   2   2   2  -2   3  -2   4   4   4   4      10 
 16       7      17               8              10              21                       7                      16      10                      10 
 16       7      17               8              10              21                       7                      16      10  10  10  10  10  10  10 
 16       7      17               8              10              21                       7                      16                                 
 16       7      17      20  20  -1  19  19  19  -2  18  18  18  -1  17  17               7                      16                                 
 16       7      17      20       9               9              20      17               7                      16                                 
 16       7      17      20       9   9   9   9   9              20      17               7                      16                                 
 16       7      17      20                                      20      17               7                      16                                 
 16       7      17      20  20  20  20  20  20  20  20  20  20  20      17               7                      16                                 
 16       7      17                                                      17               7                      16                                 
 16       7      17  17  17  17  17  17  17  17  17  17  17  17  17  17  17               7                      16                                 
 16       7                                                                               7                      16                                 
 16       7   7   7   7   7   7   7   7   7   7   7   7   7   7   7   7   7   7   7   7   7                      16                                 
 16                                                                                                              16                                 
 16  16  16  16  16  16  16  16  16  16  16  16  16  16  16  16  16  16  16  16  16  16  16  16  16  16  16  16  16                                 
