                 17  17  17  17  17  17  17  17  17  17  17  17  17  17  17  17  17  17  17  17  17  17  17  17  17 
                 17                                                                                              17 
                 17      19  19  19  19  19  19  19  19  19  19  19                                              17 
                 17      19                                      19                                              17 
                 17      19      10  10  10  10  10  10  10      19                                              17 
                 17      19      10                      10      19                                              17 
                 17      19  19  -1  18  18              10      19                                              17 
                 17               9      18              10      19                                              17 
                 17  17  17  17  -2  18  18              10      19                                              17 
                                  8                      10      19                                              17 
                                  8                      10      19      16  16  16  16  16  16  16  16  16      17 
                                  8                      10      19      16                              16      17 
                                  8                      10      19      16              14  14  14      16      17 
                                  8                      10      19      16              14      14      16      17 
 13  13  13  13  13  13  13  13  -2  12  12  12  12      10      19  19  -1  20  20  20  -2  21  -1  22  -2  17  17 
 13                               7              12      10               5              13      15      15         
 13                               7              12      10               5              13      15  15  15         
 13                               7              12      10               5              13                         
 13       2   2   2   2   2   2  -1   1   1   1  -2   4  -1   3   3   3  -2   2   2      13                         
 13       2                       6              11      11               6       2      13                         
 13       2                       6              11  11  11               6       2      13                         
 13       2                       6                                       6       2      13                         
 13       2                       6   6   6   6   6   6   6   6   6   6   6       2      13                         
 13       2                                                                       2      13                         
 13       2   2   2   2   2   2   2   2   2   2   2   2   2   2   2   2   2   2   2      13                         
 13                                                                                      13                         
 13  13  13  13  13  13  13  13  13  13  13  13  13  13  13  13  13  13  13  13  13  13  13                         
