                 21  21  21  21  21  21  21  21  21  21  21  21  21  21  21  21  21  21  21         
                 21                                                                      21         
                 21      13  13  13  13  13  13  13  13  13  13  13  13  13  13  13      21         
                 21      13                                                      13      21         
                 21  21  -2  20  20      22  22  22  22  22  22  22  22  22  22  -1  21  21         
                         14      20      22                                      12                 
                         14      20      22      10  10  10  10  10  10  10      12                 
                         14      20      22      10                      10      12                 
                         14      20      22      10      17  17  17      10      12                 
                         14      20      22      10      17      17      10      12                 
  3   3   3   3   3   3  -1   4  -2   5  -1   6  -2   7  -2   8  -1   1  -1   2  -2   3   3   3   3 
  3                      15      19       9       9      16      18      11      11               3 
  3                      15      19       9       9      16      18      11  11  11               3 
  3                      15      19       9       9      16      18                               3 
  3                      15      19       9   9   9      16      18                               3 
  3                      15      19                      16      18                               3 
  3      18  18  18  18  -1  19  19                      16      18                               3 
  3      18              16                              16      18                               3 
  3      18              16  16  16  16  16  16  16  16  16      18                               3 
  3      18                                                      18                               3 
  3      18  18  18  18  18  18  18  18  18  18  18  18  18  18  18                               3 
  3                                                                                               3 
  3   3   3   3   3   3   3   3   3   3   3   3   3   3   3   3   3   3   3   3   3   3   3   3   3 
