                          2   2   2                                                                         
                          2       2                                                                         
                          2       2      15  15  15  15  15  15  15  15  15  15  15  15  15  15  15         
                          2       2      15                                                      15         
                          2       2      15      13  13  13  13  13  13  13  13  13  13  13      15         
                          2       2      15      13                                      13      15         
                          2       2      15      13       4   4   4                      13      15         
                          2       2      15      13       4       4                      13      15         
                          2       2      15      13       4       4      18  18  18      13      15         
                          2       2      15      13       4       4      18      18      13      15         
 20  20  20  20  20       2       2      15      13       4       4      18      18      13      15         
 20              20       2       2      15      13       4       4      18      18      13      15         
 20      22  22  -1   5  -1   6  -2   7  -1   8  -2   9  -1  10  -2  11  -2  12  -1  13  13      15         
 20      22      19       3       1      14      14       1       3      19      17              15         
 20      22      19       3       1      14  14  14       1       3      19      17              15         
 20      22      19       3       1                       1       3      19      17              15         
 20      22      19       3       1   1   1   1   1   1   1       3      19      17              15         
 20      22      19       3                                       3      19      17              15         
 20      22      19       3   3   3   3   3   3   3   3   3   3   3      19      17              15         
 20      22      19                                                      19      17              15         
 20      22      19  19  19  19  19  19  19  19  19  19  19  19  19  19  19      17              15         
 20      22                                                                      17              15         
 20      22  22  22  22  22  22  22  22  22  22  22  22  22  22  22  22  22  22  -2  21  21  21  -1  20  20 
 20                                                                              16              16      20 
 20                                                                              16  16  16  16  16      20 
 20                                                                                                      20 
 20  20  20  20  20  20  20  20  20  20  20  20  20  20  20  20  20  20  20  20  20  20  20  20  20  20  20 
