                                          4   4   4   4   4   4   4   4   4   4   4 
                                          4                                       4 
 11  11  11  11  11  11  11  11  11  11  -1  10  10  10  10  10  10  10  10       4 
 11                                       3                              10       4 
 11      19  19  19  19  19  19  19  19  -2  20  20  20  20  20  20      10       4 
 11      19                               2                      20      10       4 
 11      19       8   8   8   8   8   8  -2   9   9   9   9      20      10       4 
 11      19       8                       1               9      20      10       4 
 11      19       8      16  16  16  16  -1  15  15       9      20      10       4 
 11      19       8      16               6      15       9      20      10       4 
 11      19       8      16      14  14  -2  15  15       9      20      10       4 
 11      19       8      16      14       5               9      20      10       4 
 11      19       8   8  -1   7  -2  22  -1  21  21  21  -1  20  20      10       4 
 11      19              17      13       4              10              10       4 
 11      19              17      13       4              10  10  10  10  10       4 
 11      19              17      13       4                                       4 
 11      19              17      13       4   4   4   4   4   4   4   4   4   4   4 
 11      19              17      13                                                 
 11  11  -1  12  12  12  -2  13  13                                                 
         18              18                                                         
         18  18  18  18  18                                                         
