  6   6   6   6   6   6   6   6   6   6   6   6   6   6   6                                                         
  6                                                       6                                                         
  6      15  15  15  15  15  15  15  15  15  15  15  15  -1  14  14  14  14  14  14  14  14  14  14  14  14  14  14 
  6      15                                               5                                                      14 
  6      15                                      11  11  -2  12  12  12  12  12  12  12  12  12  12  12  12      14 
  6      15                                      11       4                                              12      14 
  6      15                                      11  11  -1  10  10  10  10  10  10  10  10  10  10      12      14 
  6      15                                               3                                      10      12      14 
  6      15      17  17  17  17  17  17  17  17  17  17  -1  18  18  18  18  18  18  18  18      10      12      14 
  6      15      17                                       2                              18      10      12      14 
  6      15      17       8   8   8   8   8   8   8   8  -2   9   9   9   9   9   9      18      10      12      14 
  6      15      17       8                               1                       9      18      10      12      14 
  6      15      17       8                               1      13  13  13       9      18      10      12      14 
  6      15      17       8                               1      13      13       9      18      10      12      14 
  6      15      17       8      16  16  16               1      13      13       9      18      10      12      14 
  6      15      17       8      16      16               1      13      13       9      18      10      12      14 
  6      15      17       8   8  -2   7  -1  22  22  22  -2  21  -1  20  -2  19  -2  18  18      10      12      14 
  6      15      17              17      15               6      14      12      10              10      12      14 
  6      15      17  17  17  17  17      15               6      14      12      10              10      12      14 
  6      15                              15               6      14      12      10              10      12      14 
  6      15  15  15  15  15  15  15  15  15               6      14      12      10              10      12      14 
  6                                                       6      14      12      10              10      12      14 
  6                                                       6      14      12      10  10  10  10  10      12      14 
  6                                                       6      14      12                              12      14 
  6                                                       6      14      12  12  12  12  12  12  12  12  12      14 
  6                                                       6      14                                              14 
  6                                                       6      14  14  14  14  14  14  14  14  14  14  14  14  14 
  6                                                       6                                                         
  6   6   6   6   6   6   6   6   6   6   6   6   6   6   6                                                         
