                 12  12  12  12  12  12  12  12  12  12  12  12  12  12  12  12  12  12  12  12  12  12  12 
                 12                                                                                      12 
                 12      18  18  18  18  18  18  18  18  18  18  18  18  18  18  18  18  18  18  18      12 
                 12      18                                                                      18      12 
                 12      18       5   5   5   5   5   5   5   5   5   5   5   5   5   5   5      18      12 
                 12      18       5                                                       5      18      12 
                 12      18       5       7   7   7   7   7                               5      18      12 
                 12      18       5       7               7                               5      18      12 
                 12      18       5       7               7              21  21  21       5      18      12 
                 12      18       5       7               7              21      21       5      18      12 
                 12      18       5       7      14  14  -2  15  15  15  -2  16  -1  17  -2  18  18      12 
                 12      18       5       7      14       8              20      22      22              12 
                 12      18       5       7      14       8              20      22  22  22              12 
                 12      18       5       7      14       8              20                              12 
 19  19  19  19  -1  18  18       5       7      14  14  -1  13  13  13  -1  12  12  12  12  12  12  12  12 
 19              11               5       7               9              19                                 
 19       4   4  -1   3   3   3  -2   2  -1   1   1   1  -2   4   4      19                                 
 19       4      10               6       6              10       4      19                                 
 19       4      10               6   6   6              10       4      19                                 
 19       4      10                                      10       4      19                                 
 19       4      10  10  10  10  10  10  10  10  10  10  10       4      19                                 
 19       4                                                       4      19                                 
 19       4   4   4   4   4   4   4   4   4   4   4   4   4   4   4      19                                 
 19                                                                      19                                 
 19  19  19  19  19  19  19  19  19  19  19  19  19  19  19  19  19  19  19                                 
