  6   6   6   6   6   6   6   6   6   6   6                                         
  6                                       6                                         
  6      12  12  12  12  12  12  12  12  -1  13  13  13  13  13  13  13  13         
  6      12                               5                              13         
  6      12      16  16  16  16  16  16  -2  15  15  15  15  15  15      13         
  6      12      16                       4                      15      13         
  6      12      16      11  11  11  11  -1  10  10              15      13         
  6      12      16      11               3      10              15      13         
  6      12      16  16  -1  17  17  17  -2  18  -1  19  19      15      13         
  6      12              12               2       9      19      15      13         
  6      12  12  12  12  12               2       9      19      15      13         
  6                                       2       9      19      15      13         
  6                               8   8  -2   9   9      19      15      13         
  6                               8       1              19      15      13         
  6                               8       1      19  19  19      15      13         
  6                               8       1      19              15      13         
  6                               8   8  -1   7  -1  22  22  22  -2  21  -1  20  20 
  6                                       6      20              14      14      20 
  6                                       6      20              14  14  14      20 
  6                                       6      20                              20 
  6                                       6      20  20  20  20  20  20  20  20  20 
  6                                       6                                         
  6   6   6   6   6   6   6   6   6   6   6                                         
