                          3   3   3   3   3   3   3   3   3   3   3   3   3                 
                          3                                               3                 
                          3       1   1   1   1   1   1   1   1   1       3                 
                          3       1                               1       3                 
                          3       1      17  17  17  17  17       1       3                 
                          3       1      17              17       1       3                 
                          3       1      17       8   8  -2   7  -2   6  -1   5   5   5   5 
                          3       1      17       8      16       2       2               5 
                          3       1      17       8      16       2   2   2               5 
                          3       1      17       8      16                               5 
                          3       1      17       8   8  -1   5   5   5   5   5   5   5   5 
                          3       1      17              15                                 
                          3       1      17              15      13  13  13                 
                          3       1      17              15      13      13                 
 19  19  19  19  19       3       1      17              15      13      13                 
 19              19       3       1      17              15      13      13                 
 19      12  12  -1  11  -1  10  -2   9  -2  22  22  22  -1  21  -2  20  -1  19  19         
 19      12      18       4       4      18              14      14      12      19         
 19      12      18       4       4      18              14  14  14      12      19         
 19      12      18       4       4      18                              12      19         
 19      12      18       4   4   4      18                              12      19         
 19      12      18                      18                              12      19         
 19      12      18  18  18  18  18  18  18                              12      19         
 19      12                                                              12      19         
 19      12  12  12  12  12  12  12  12  12  12  12  12  12  12  12  12  12      19         
 19                                                                              19         
 19  19  19  19  19  19  19  19  19  19  19  19  19  19  19  19  19  19  19  19  19         
