         21  21  21  21  21  21  21  21  21  21  21  21  21  21  21  21  21  21  21         
         21                                                                      21         
         21                              18  18  18  18  18  18  18  18  18      21         
         21                              18                              18      21         
         21                              18      20  20  20  20  20  20  -1  21  21         
         21                              18      20                      17                 
         21                              18      20       2   2   2      17                 
         21                              18      20       2       2      17                 
         21      13  13  13  13  13      18      20       2       2      17                 
         21      13              13      18      20       2       2      17                 
  8   8  -2   9  -1  10  10  10  -2  11  -2  12  -1   5  -1   6  -2   7  -1   8   8   8   8 
  8      22      22              14      19      19       3       1      16               8 
  8      22  22  22              14      19      19       3       1      16               8 
  8                              14      19      19       3       1      16               8 
  8                              14      19  19  19       3       1      16               8 
  8                              14                       3       1      16               8 
  8                       4   4  -1   3   3   3   3   3   3       1      16               8 
  8                       4      15                               1      16               8 
  8                       4   4  -2   1   1   1   1   1   1   1   1      16               8 
  8                              16                                      16               8 
  8                              16  16  16  16  16  16  16  16  16  16  16               8 
  8                                                                                       8 
  8   8   8   8   8   8   8   8   8   8   8   8   8   8   8   8   8   8   8   8   8   8   8 
