  9   9   9   9   9   9   9   9   9   9   9   9   9   9   9   9   9   9   9   9   9   9   9   9   9 
  9                                                                                               9 
  9                       1   1   1   1   1   1   1   1   1   1   1   1   1   1   1   1   1       9 
  9                       1                                                               1       9 
  9                       1       3   3   3   3   3   3   3   3   3   3   3   3   3       1       9 
  9                       1       3                                               3       1       9 
  9      16  16  16       1       3                                               3       1       9 
  9      16      16       1       3                                               3       1       9 
  9      16      16       1       3                      19  19  19               3       1       9 
  9      16      16       1       3                      19      19               3       1       9 
  9      16      16       1       3      21  21  21      19      19               3       1       9 
  9      16      16       1       3      21      21      19      19               3       1       9 
  9   9  -1   8  -2   7  -2   6  -1   5  -1  14  -2  13  -1  12  -2  11  11  11  -2  10  -1   9   9 
         15      17       2       2      22      20      20      18               4       4         
         15      17       2       2      22      20  20  20      18               4       4         
         15      17       2       2      22                      18               4       4         
         15      17       2       2      22                      18               4   4   4         
         15      17       2       2      22                      18                                 
         15      17       2   2   2      22                      18                                 
         15      17                      22                      18                                 
         15      17                      22  22  22  22  22  22  -1  15  15                         
         15      17                                              17      15                         
         15      17  17  17  17  17  17  17  17  17  17  17  17  17      15                         
         15                                                              15                         
         15  15  15  15  15  15  15  15  15  15  15  15  15  15  15  15  15                         
