  4   4   4   4   4   4   4   4   4   4   4   4   4                                                         
  4                                               4                                                         
  4      11  11  11  11  11  11  11  11  11  11  -1  10  10  10  10  10  10  10  10  10  10  10  10  10  10 
  4      11                                       3                                                      10 
  4      11      15  15  15  15  15  15  15  15  -2  16  16  16  16  16  16  16  16  16  16  16  16      10 
  4      11      15                               2                                              16      10 
  4      11      15       6   6   6   6   6   6  -2   7   7   7   7   7   7   7   7   7   7      16      10 
  4      11      15       6                       1                                       7      16      10 
  4      11      15       6                       1      18  18  18  18  18  18  18       7      16      10 
  4      11      15       6                       1      18                      18       7      16      10 
  4      11      15       6                       1      18       8   8   8      18       7      16      10 
  4      11      15       6                       1      18       8       8      18       7      16      10 
  4      11      15       6      13  13  13       1      18       8       8      18       7      16      10 
  4      11      15       6      13      13       1      18       8       8      18       7      16      10 
  4      11      15       6   6  -2   5  -1  22  -1  21  -2  20  -1  19  -2  18  18       7      16      10 
  4      11      15              12      14       4      17       9       7               7      16      10 
  4      11      15              12      14       4      17       9       7   7   7   7   7      16      10 
  4      11      15              12      14       4      17       9                              16      10 
  4      11      15  15  15  15  -1  14  14       4      17  17  -2  16  16  16  16  16  16  16  16      10 
  4      11                      11               4              10                                      10 
  4      11  11  11  11  11  11  11               4              10                                      10 
  4                                               4              10                                      10 
  4                                               4              10  10  10  10  10  10  10  10  10  10  10 
  4                                               4                                                         
  4   4   4   4   4   4   4   4   4   4   4   4   4                                                         
