                 13  13  13  13  13  13  13  13  13  13  13  13  13  13  13  13  13  13  13  13  13  13  13  13  13  13  13 
                 13                                                                                                      13 
                 13                               5   5   5   5   5   5   5   5   5   5   5   5   5   5   5   5   5      13 
                 13                               5                                                               5      13 
                 13                               5      14  14  14  14  14  14  14  14  14  14  14  14  14       5      13 
                 13                               5      14                                              14       5      13 
                 13                               5      14              10  10  10  10  10  10  10      14       5      13 
                 13                               5      14              10                      10      14       5      13 
                 13                               5      14              10       8   8   8      10      14       5      13 
                 13                               5      14              10       8       8      10      14       5      13 
                 13                               5   5  -2   6   6   6  -2   1  -1   2  -2   3  -1   4  -1   5   5      13 
                 13                                      15               9       9       7      11      13              13 
                 13                                      15               9       9       7      11      13  13  13  13  13 
                 13                                      15               9       9       7      11                         
                 13                                      15               9   9   9       7      11                         
                 13                                      15                               7      11                         
                 13      17  17  17  17  17              15                               7      11                         
                 13      17              17              15                               7      11                         
                 13  13  -1  22  22  22  -2  21  21  21  -1  20  20                       7      11                         
                         18              16              16      20                       7      11                         
                         18              16  16  16  16  16      20                       7      11                         
                         18                                      20                       7      11                         
 11  11  11  11  11  11  -2  12  12                              20                       7      11                         
 11                      19      12                              20                       7      11                         
 11       7   7   7   7  -1  12  12                              20                       7      11                         
 11       7              20                                      20                       7      11                         
 11       7              20  20  20  20  20  20  20  20  20  20  20                       7      11                         
 11       7                                                                               7      11                         
 11       7   7   7   7   7   7   7   7   7   7   7   7   7   7   7   7   7   7   7   7   7      11                         
 11                                                                                              11                         
 11  11  11  11  11  11  11  11  11  11  11  11  11  11  11  11  11  11  11  11  11  11  11  11  11                         
