                                          5   5   5   5   5   5   5   5   5   5   5   5   5   5   5   5   5   5   5   5   5   5   5   5   5 
                                          5                                                                                               5 
                                          5      10  10  10  10  10  10  10  10  10  10  10  10  10  10  10  10  10  10  10  10  10       5 
                                          5      10                                                                              10       5 
                                          5      10       6   6   6   6   6   6   6   6   6   6   6   6   6   6   6              10       5 
                                          5      10       6                                                       6              10       5 
                                          5      10       6      12  12  12  12  12  12  12                       6              10       5 
                                          5      10       6      12                      12                       6              10       5 
                                          5      10  10  -1   1  -1   2   2   2   2   2  -2   3   3   3   3   3  -2   4   4   4  -1   5   5 
                                          5               5      13                      11                       7               9         
                                          5   5   5   5   5      13                      11                       7               9         
                                                                 13                      11                       7               9         
 18  18  18  18  18  18  18  18  18  18  18  18  18  18  18  18  -2  19  19  19  19      11      16  16  16  16  -2  17  17       9         
 18                                                              14              19      11      16               8      17       9         
 18      16  16  16  16  16  16  16  16  16  16  16  16  16      14              19      11      16               8      17       9         
 18      16                                              16      14              19      11      16               8      17       9         
 18      16      11  11  11  11  11                      16      14              19      11      16               8      17       9         
 18      16      11              11                      16      14              19      11      16               8      17       9         
 18      16      11      19  19  -1  20  20  20  20  20  -2  21  -1  22  22      19      11      16      18  18  -1  17  17       9         
 18      16      11      19      22                      15      15      22      19      11      16      18       9               9         
 18      16      11      19      22                      15  15  15      22      19      11      16      18       9               9         
 18      16      11      19      22                                      22      19      11      16      18       9               9         
 18      16      11      19      22  22  22  22  22  22  22  22  22  22  22      19      11      16      18       9               9         
 18      16      11      19                                                      19      11      16      18       9               9         
 18      16      11      19  19  19  19  19  19  19  19  19  19  19  19  19  19  19      11      16      18       9               9         
 18      16      11                                                                      11      16      18       9               9         
 18      16      11  11  11  11  11  11  11  11  11  11  11  11  11  11  11  11  11  11  11      16      18       9               9         
 18      16                                                                                      16      18       9               9         
 18      16  16  16  16  16  16  16  16  16  16  16  16  16  16  16  16  16  16  16  16  16  16  16      18       9               9         
 18                                                                                                      18       9               9         
 18  18  18  18  18  18  18  18  18  18  18  18  18  18  18  18  18  18  18  18  18  18  18  18  18  18  18       9               9         
                                                                                                                  9               9         
                                                                                                                  9   9   9   9   9         
