                                          5   5   5   5   5   5   5   5   5   5   5 
                                          5                                       5 
 13  13  13  13  13  13  13  13  13  13  -1  14  14  14  14  14  14  14  14       5 
 13                                       4                              14       5 
 13      11  11  11  11  11  11  11  11  -1  10  10  10  10  10  10      14       5 
 13      11                               3                      10      14       5 
 13      11      17  17  17  17  17  17  -2  18  18  18  18      10      14       5 
 13      11      17                       2              18      10      14       5 
 13      11      17       8   8   8   8  -2   9   9      18      10      14       5 
 13      11      17       8               1       9      18      10      14       5 
 13      11      17       8      20  20  -1  19  -1  18  18      10      14       5 
 13      11      17       8      20       6      10              10      14       5 
 13      11      17       8      20       6      10  10  10  10  10      14       5 
 13      11      17       8      20       6                              14       5 
 13      11      17  17  -2  16  -1  15  -2  14  14  14  14  14  14  14  14       5 
 13      11               7      21       5                                       5 
 13      11               7      21       5   5   5   5   5   5   5   5   5   5   5 
 13      11               7      21                                                 
 13  13  -2  22  22  22  -1  21  21                                                 
         12              12                                                         
         12  12  12  12  12                                                         
