                                                  5   5   5   5   5   5   5   5   5   5   5   5   5   5   5   5   5   5   5   5   5   5   5   5   5   5   5 
                                                  5                                                                                                       5 
                                                  5       7   7   7   7   7   7   7   7   7   7   7   7   7   7   7   7   7   7   7   7   7   7   7       5 
                                                  5       7                                                                                       7       5 
                                                  5       7      14  14  14  14  14  14  14  14  14  14  14  14  14  14  14  14  14  14  14       7       5 
                                                  5       7      14                                                                      14       7       5 
                                                  5       7      14       8   8   8   8   8   8   8   8   8   8   8   8   8   8   8      14       7       5 
                                                  5       7      14       8                                                       8      14       7       5 
                                                  5       7      14       8                      22  22  22  22  22  22  22       8      14       7       5 
                                                  5       7      14       8                      22                      22       8      14       7       5 
                                                  5       7      14       8              17  17  -1  16  16  16  16  16  -2  15  -1  14  14       7       5 
                                                  5       7      14       8              17      21                       5       7               7       5 
                                                  5       7      14       8              17      21                       5       7   7   7   7   7       5 
                                                  5       7      14       8              17      21                       5                               5 
                                                  5       7      14       8              17      21                       5   5   5   5   5   5   5   5   5 
                                                  5       7      14       8              17      21                                                         
                                                  5       7      14       8              17  17  -2  18  18  18  18                                         
                                                  5       7      14       8                      20              18                                         
 18  18  18  18  18  18  18  18  18  18  18       5       7      14       8                      20              18                                         
 18                                      18       5       7      14       8                      20              18                                         
 18      12  12  12  12  12  12  12      18       5       7      14       8                      20              18                                         
 18      12                      12      18       5       7      14       8                      20              18                                         
 18      12      19  19  19  19  -1  18  18       5       7      14  14  -2  13  13  13  13  13  -1  12  12      18                                         
 18      12      19              11               5       7               9                      19      12      18                                         
 18      12      19       4   4  -1   3   3   3  -2   2  -1   1   1   1  -2   4   4              19      12      18                                         
 18      12      19       4      10               6       6              10       4              19      12      18                                         
 18      12      19       4      10               6   6   6              10       4              19      12      18                                         
 18      12      19       4      10                                      10       4              19      12      18                                         
 18      12      19       4      10  10  10  10  10  10  10  10  10  10  10       4              19      12      18                                         
 18      12      19       4                                                       4              19      12      18                                         
 18      12      19       4   4   4   4   4   4   4   4   4   4   4   4   4   4   4              19      12      18                                         
 18      12      19                                                                              19      12      18                                         
 18      12      19  19  19  19  19  19  19  19  19  19  19  19  19  19  19  19  19  19  19  19  19      12      18                                         
 18      12                                                                                              12      18                                         
 18      12  12  12  12  12  12  12  12  12  12  12  12  12  12  12  12  12  12  12  12  12  12  12  12  12      18                                         
 18                                                                                                              18                                         
 18  18  18  18  18  18  18  18  18  18  18  18  18  18  18  18  18  18  18  18  18  18  18  18  18  18  18  18  18                                         
