                  8   8   8   8   8   8   8   8   8   8   8   8   8   8   8   8   8   8   8   8   8   8   8   8   8   8   8   8   8   8   8   8   8 
                  8                                                                                                                               8 
                  8      14  14  14  14  14  14  14  14  14  14  14  14  14  14  14  14  14  14  14  14  14  14  14  14  14  14  14  14  14       8 
                  8      14                                                                                                              14       8 
                  8      14      12  12  12  12  12  12  12  12  12  12  12  12  12  12  12  12  12  12  12  12  12  12  12  12  12      14       8 
                  8      14      12                                                                                              12      14       8 
                  8      14      12      10  10  10  10  10  10  10  10  10  10  10  10  10  10  10  10  10  10  10  10  10      12      14       8 
                  8      14      12      10                                                                              10      12      14       8 
                  8      14      12      10              21  21  21  21  21  21  21  21  21  21  21  21  21  21  21      10      12      14       8 
                  8      14      12      10              21                                                      21      10      12      14       8 
                  8      14      12      10              21                       9   9   9   9   9   9   9      21      10      12      14       8 
                  8      14      12      10              21                       9                       9      21      10      12      14       8 
                  8      14      12      10              21                       9      13  13  13       9      21      10      12      14       8 
                  8      14      12      10              21                       9      13      13       9      21      10      12      14       8 
                  8      14      12      10      16  16  -1  17  17  17  17  17  -2  18  -1  19  -2  20  -1  21  21      10      12      14       8 
                  8      14      12      10      16      22                       8      14      12      10              10      12      14       8 
                  8      14      12      10      16      22                       8      14      12      10  10  10  10  10      12      14       8 
                  8      14      12      10      16      22                       8      14      12                              12      14       8 
                  8      14      12      10      16      22                       8      14      12  12  12  12  12  12  12  12  12      14       8 
                  8      14      12      10      16      22                       8      14                                              14       8 
                  8      14      12      10      16      22                       8      14  14  14  14  14  14  14  14  14  14  14  14  14       8 
                  8      14      12      10      16      22                       8                                                               8 
                  8      14      12      10      16      22                       8   8   8   8   8   8   8   8   8   8   8   8   8   8   8   8   8 
                  8      14      12      10      16      22                                                                                         
 15  15  15  15  -1  14  14      12      10      16  16  -2  15  15  15  15                                                                         
 15               7              12      10               5              15                                                                         
 15       2   2  -1   1   1   1  -1   4  -2   3   3   3  -2   2   2      15                                                                         
 15       2       6              11      11               6       2      15                                                                         
 15       2       6              11  11  11               6       2      15                                                                         
 15       2       6                                       6       2      15                                                                         
 15       2       6   6   6   6   6   6   6   6   6   6   6       2      15                                                                         
 15       2                                                       2      15                                                                         
 15       2   2   2   2   2   2   2   2   2   2   2   2   2   2   2      15                                                                         
 15                                                                      15                                                                         
 15  15  15  15  15  15  15  15  15  15  15  15  15  15  15  15  15  15  15                                                                         
