  9   9   9   9   9   9   9   9   9   9   9   9   9   9   9   9   9   9   9   9   9   9   9   9   9   9   9   9   9 
  9                                                                                                               9 
  9                       1   1   1   1   1   1   1   1   1   1   1   1   1   1   1   1   1   1   1   1   1       9 
  9                       1                                                                               1       9 
  9                       1       3   3   3   3   3   3   3   3   3   3   3   3   3   3   3   3   3       1       9 
  9                       1       3                                                               3       1       9 
  9      14  14  14       1       3                                                               3       1       9 
  9      14      14       1       3                                                               3       1       9 
  9      14      14       1       3      18  18  18  18  18  18  18                               3       1       9 
  9      14      14       1       3      18                      18                               3       1       9 
  9   9  -1   8  -2   7  -2   6  -1   5  -1  12  12  12  12  12  -2  11  11  11  11  11  11  11  -2  10  -1   9   9 
         13      15       2       2      17                      19                               4       4         
         13      15       2       2      17                      19                               4   4   4         
         13      15       2       2      17                      19                                                 
         13      15       2   2   2      17                      19                                                 
         13      15                      17                      19                                                 
         13      15                      17      22  22  22  22  -1  13  13  13  13  13  13                         
         13      15                      17      22              20                      13                         
         13      15                      17      22      16  16  -2  15  15  15  15      13                         
         13      15                      17      22      16      21              15      13                         
         13      15                      17      22      16  16  -1  17  17      15      13                         
         13      15                      17      22              22      17      15      13                         
         13      15                      17      22  22  22  22  22      17      15      13                         
         13      15                      17                              17      15      13                         
         13      15                      17  17  17  17  17  17  17  17  17      15      13                         
         13      15                                                              15      13                         
         13      15  15  15  15  15  15  15  15  15  15  15  15  15  15  15  15  15      13                         
         13                                                                              13                         
         13  13  13  13  13  13  13  13  13  13  13  13  13  13  13  13  13  13  13  13  13                         
