                 22  22  22  22  22  22  22  22  22  22  22  22  22  22  22  22  22  22  22  22  22 
                 22                                                                              22 
                 22       1   1   1   1   1   1   1   1   1   1   1   1   1                      22 
                 22       1                                               1                      22 
                 22  22  -2  21  21                                       1                      22 
                          8      21                                       1                      22 
                          8      21       5   5   5   5   5   5   5       1                      22 
                          8      21       5                       5       1                      22 
                          8      21       5       3   3   3       5       1                      22 
                          8      21       5       3       3       5       1                      22 
                          8      21       5       3       3       5       1      18  18  18      22 
                          8      21       5       3       3       5       1      18      18      22 
 17  17  17  17  17  17  -1  16  -1  15  -2  14  -1  13  -2  12  -1  11  -2  10  -2   9  -1  22  22 
 17                       7      20       6       2       4       4       2      19      17         
 17                       7      20       6       2       4   4   4       2      19      17         
 17                       7      20       6       2                       2      19      17         
 17                       7      20       6       2   2   2   2   2   2   2      19      17         
 17                       7      20       6                                      19      17         
 17      19  19  19  19  -1  20  20       6                                      19      17         
 17      19               6               6                                      19      17         
 17      19               6   6   6   6   6                                      19      17         
 17      19                                                                      19      17         
 17      19  19  19  19  19  19  19  19  19  19  19  19  19  19  19  19  19  19  19      17         
 17                                                                                      17         
 17  17  17  17  17  17  17  17  17  17  17  17  17  17  17  17  17  17  17  17  17  17  17         
