                 13  13  13  13  13  13  13  13  13  13  13  13  13  13  13  13  13  13  13  13  13  13  13         
                 13                                                                                      13         
                 13      21  21  21  21  21  21  21  21  21  21  21  21  21  21  21  21  21  21  21      13         
                 13      21                                                                      21      13         
                 13      21      14  14  14  14  14  14  14  14  14  14  14  14  14  14  14      21      13         
                 13      21      14                                                      14      21      13         
                 13      21      14       6   6   6   6   6   6   6   6   6              14      21      13         
                 13      21      14       6                               6              14      21      13         
                 13      21      14       6              15  15  15  15  -1  14  14  14  14      21      13         
                 13      21      14       6              15               5                      21      13         
                 13      21      14       6              15  15  15  15  -2  16  16              21      13         
                 13      21      14       6                              12      16              21      13         
                 13      21      14       6      17  17  17  17  17  17  -1  16  16              21      13         
                 13      21      14       6      17                      11                      21      13         
                 13      21      14       6      17              22  22  -1  21  21  21  21  21  21      13         
                 13      21      14       6      17              22      10                              13         
                 13  13  -1  14  14       6      17              22  22  -2  13  13  13  13  13  13  13  13         
                         20               6      17                       9                                         
  4   4   4   4   4   4  -2   1   1   1  -1   2  -2   3   3   3   3   3  -1   4   4   4   4   4   4   4   4   4   4 
  4                      19               7      18                       8                                       4 
  4       8   8   8   8  -1   7   7   7   7      18                       8                                       4 
  4       8              18                      18                       8                                       4 
  4       8              18  18  18  18  18  18  18                       8                                       4 
  4       8                                                               8                                       4 
  4       8   8   8   8   8   8   8   8   8   8   8   8   8   8   8   8   8                                       4 
  4                                                                                                               4 
  4   4   4   4   4   4   4   4   4   4   4   4   4   4   4   4   4   4   4   4   4   4   4   4   4   4   4   4   4 
