         14  14  14  14  14  14  14  14  14  14  14  14  14  14  14  14  14  14  14  14  14  14  14  14  14         
         14                                                                                              14         
         14      16  16  16  16  16  16  16  16  16  16  16  16  16  16  16  16  16  16  16  16  16      14         
         14      16                                                                              16      14         
         14      16       9   9   9   9   9                                                      16      14         
         14      16       9               9                                                      16      14         
         14      16       9               9      11  11  11  11  11  11  11  11  11  11  11      16      14         
         14      16       9               9      11                                      11      16      14         
         14      16  16  -1  15  15       9      11      17  17  17  17  17  17  17  17  -1  16  16      14         
         14               8      15       9      11      17                              12              14         
         14               8      15       9      11      17      22  22  22  22  22      12              14         
         14               8      15       9      11      17      22              22      12              14         
         14  14  14  14  -2  15  15       9      11      17  17  -2  18  18  18  -1  19  -2  20  20  20  -1  21  21 
                          7               9      11               5              21      13              13      21 
                          7               9      11               5              21      13  13  13  13  13      21 
                          7               9      11               5              21                              21 
                          7               9      11               5              21  21  21  21  21  21  21  21  21 
                          7               9      11               5                                                 
  2   2   2   2   2   2  -1   1   1   1  -2   4  -1   3   3   3  -2   2   2                                         
  2                       6              10      10               6       2                                         
  2                       6              10  10  10               6       2                                         
  2                       6                                       6       2                                         
  2                       6   6   6   6   6   6   6   6   6   6   6       2                                         
  2                                                                       2                                         
  2   2   2   2   2   2   2   2   2   2   2   2   2   2   2   2   2   2   2                                         
