  6   6   6   6   6   6   6   6   6                                                                                 
  6                               6                                                                                 
  6      18  18  18  18  18  18  -1  19  19  19  19  19  19  19  19  19  19  19  19  19  19  19  19  19  19  19  19 
  6      18                       5                                                                              19 
  6      18              12  12  -1  11  11  11  11  11  11  11  11  11  11  11  11  11  11  11  11  11  11      19 
  6      18              12       4                                                                      11      19 
  6      18              12  12  -2  13  13  13  13  13  13  13  13  13  13  13  13  13  13  13  13      11      19 
  6      18                       3                                                              13      11      19 
  6      18       8   8   8   8  -1   7   7   7   7   7   7   7   7   7   7   7   7   7   7      13      11      19 
  6      18       8               2                                                       7      13      11      19 
  6      18       8               2                       9   9   9   9   9   9   9       7      13      11      19 
  6      18       8               2                       9                       9       7      13      11      19 
  6      18       8   8   8   8  -2   9   9   9   9   9   9              22  22  -2   7   7      13      11      19 
  6      18                       1                                      22      10              13      11      19 
  6      18                       1      22  22  22  22  22  22  22  22  22      10              13      11      19 
  6      18                       1      22                                      10              13      11      19 
  6      18                       1      22      20  20  20  20  20              10              13      11      19 
  6      18                       1      22      20              20              10              13      11      19 
  6      18  18  18  18  18  18  -2  17  -1  16  -2  15  15  15  -1  14  14  14  -1  13  13  13  13      11      19 
  6                               6      21      21              19              11                      11      19 
  6                               6      21  21  21              19              11                      11      19 
  6                               6                              19              11                      11      19 
  6                               6                              19              11  11  11  11  11  11  11      19 
  6                               6                              19                                              19 
  6                               6                              19  19  19  19  19  19  19  19  19  19  19  19  19 
  6                               6                                                                                 
  6   6   6   6   6   6   6   6   6                                                                                 
