                 14  14  14  14  14  14  14  14  14  14  14  14  14  14  14  14  14  14  14  14  14  14  14 
                 14                                                                                      14 
                 14      20  20  20  20  20  20  20  20  20  20  20  20  20  20  20  20  20  20  20      14 
                 14      20                                                                      20      14 
                 14      20       7   7   7   7   7   7   7   7   7   7   7   7   7   7   7      20      14 
                 14      20       7                                                       7      20      14 
                 14      20       7              19  19  19  19  19  19  19  19  19  19  -2  20  20      14 
                 14      20       7              19                                      22              14 
                 14      20       7              19      10  10  10  10  10              22              14 
                 14      20       7              19      10              10              22              14 
 21  21  21  21  -1  20  20       7       9   9  -1  10  10      16  16  -1  15  15  15  -1  14  14  14  14 
 21              13               7       9      18              16      11              21                 
 21       4   4  -1   3   3   3  -2   2  -1   1  -2   6   6   6  -1   5  -2   4   4      21                 
 21       4      12               8       8      17              17      12       4      21                 
 21       4      12               8       8      17  17  17  17  17      12       4      21                 
 21       4      12               8       8                              12       4      21                 
 21       4      12               8   8   8                              12       4      21                 
 21       4      12                                                      12       4      21                 
 21       4      12  12  12  12  12  12  12  12  12  12  12  12  12  12  12       4      21                 
 21       4                                                                       4      21                 
 21       4   4   4   4   4   4   4   4   4   4   4   4   4   4   4   4   4   4   4      21                 
 21                                                                                      21                 
 21  21  21  21  21  21  21  21  21  21  21  21  21  21  21  21  21  21  21  21  21  21  21                 
