         22  22  22  22  22  22  22  22  22  22  22  22  22  22  22  22  22  22  22  22  22  22  22  22  22  22  22 
         22                                                                                                      22 
         22      18  18  18  18  18  18  18  18  18  18  18  18  18  18  18  18  18  18  18  18  18  18  18      22 
         22      18                                                                                      18      22 
         22      18       1   1   1   1   1   1   1   1   1   1   1   1   1   1   1   1   1   1   1      18      22 
         22      18       1                                                                       1      18      22 
         22      18       1                                      16  16  16  16  16  16  16       1      18      22 
         22      18       1                                      16                      16       1      18      22 
         22      18       1                                      16       6   6   6   6  -1   1   1      18      22 
         22      18       1                                      16       6              15              18      22 
         22      18       1                                      16  16  -1  17  17  17  -2  18  18  18  18      22 
         22      18       1                                               5              22                      22 
         22      18       1                                               5              22  22  22  22  22  22  22 
         22      18       1                                               5                                         
         22      18       1       3   3   3   3   3   3   3               5                                         
         22      18       1       3                       3               5                                         
         22      18       1       3      20  20  20       3               5                                         
         22      18       1       3      20      20       3               5                                         
 11  11  -1  10  -2   9  -2   8  -1   7  -1  14  -2  13  -2  12  12  12  -1  11  11                                 
 11      21      19       2       2      19      21       4               4      11                                 
 11      21      19       2       2      19      21       4   4   4   4   4      11                                 
 11      21      19       2       2      19      21                              11                                 
 11      21      19       2   2   2      19      21                              11                                 
 11      21      19                      19      21                              11                                 
 11      21      19  19  19  19  19  19  19      21                              11                                 
 11      21                                      21                              11                                 
 11      21  21  21  21  21  21  21  21  21  21  21                              11                                 
 11                                                                              11                                 
 11  11  11  11  11  11  11  11  11  11  11  11  11  11  11  11  11  11  11  11  11                                 
