 11  11  11  11  11  11  11  11  11  11  11  11  11  11  11  11  11  11  11  11  11  11  11  11  11  11  11                         
 11                                                                                                      11                         
 11       6   6   6   6   6   6   6   6   6   6   6   6   6   6   6   6   6   6   6   6   6   6   6      11                         
 11       6                                                                                       6      11                         
 11       6      22  22  22  22  22  22  22  22  22  22  22  22  22  22  22  22  22  22  22       6      11                         
 11       6      22                                                                      22       6      11                         
 11       6      22      15  15  15  15  15  15  15  15  15  15  15  15  15  15  15      22       6      11                         
 11       6      22      15                                                      15      22       6      11                         
 11       6      22      15       5   5   5                                      15      22       6      11                         
 11       6      22      15       5       5                                      15      22       6      11                         
 11       6      22      15       5       5      10  10  10                      15      22       6      11                         
 11       6      22      15       5       5      10      10                      15      22       6      11                         
 11       6      22  22  -1  17  -2  18  -1  19  -2  20  -1  21  21  21  21  21  -2  22  22       6      11                         
 11       6              16      16       6      11       9                      14               6      11                         
 11       6              16  16  16       6      11       9                      14               6      11                         
 11       6                               6      11       9                      14               6      11                         
 11       6   6   6   6   6   6   6   6   6      11       9                      14               6      11                         
 11                                              11       9                      14               6      11                         
 11  11  11  11  11  11  11  11  11  11  11  11  11       9                      14               6      11                         
                                                          9                      14               6      11                         
                                                          9                      14               6      11       9   9   9   9   9 
                                                          9                      14               6      11       9               9 
                                                          9       4   4   4   4  -2   1   1   1  -1   2  -2   3  -1   4   4       9 
                                                          9       4              13               7      12       8       4       9 
                                                          9       4       8   8  -1   7   7   7   7      12       8       4       9 
                                                          9       4       8      12                      12       8       4       9 
                                                          9       4       8      12  12  12  12  12  12  12       8       4       9 
                                                          9       4       8                                       8       4       9 
                                                          9       4       8   8   8   8   8   8   8   8   8   8   8       4       9 
                                                          9       4                                                       4       9 
                                                          9       4   4   4   4   4   4   4   4   4   4   4   4   4   4   4       9 
                                                          9                                                                       9 
                                                          9   9   9   9   9   9   9   9   9   9   9   9   9   9   9   9   9   9   9 
