                 19  19  19  19  19  19  19  19  19  19  19  19  19  19  19  19  19  19  19  19  19  19  19  19  19  19  19 
                 19                                                                                                      19 
                 19       9   9   9   9   9                                                                              19 
                 19       9               9                                                                              19 
                 19  19  -1  20  20       9                                                                              19 
                          8      20       9                                                                              19 
                          8      20       9      11  11  11  11  11  11  11  11  11  11  11  11  11  11  11  11  11      19 
                          8      20       9      11                                                              11      19 
                          8      20       9      11      14  14  14  14  14  14  14  14  14  14  14              11      19 
                          8      20       9      11      14                                      14              11      19 
                          8      20       9      11      14      18  18  18  18  18              14              11      19 
                          8      20       9      11      14      18              18              14              11      19 
 21  21  21  21  21  21  -2  20  20       9      11      14  14  -2  13  13  13  -1  12  12  12  -2  11  11  11  11      19 
 21                       7               9      11               5              17              15                      19 
 21       2   2   2   2  -1   1   1   1  -2   4  -1   3   3   3  -2   2   2      17      22  22  -2  19  19  19  19  19  19 
 21       2               6              10      10               6       2      17      22      16                         
 21       2               6              10  10  10               6       2      17      22      16                         
 21       2               6                                       6       2      17      22      16                         
 21       2               6   6   6   6   6   6   6   6   6   6   6       2      17      22      16                         
 21       2                                                               2      17      22      16                         
 21       2   2   2   2   2   2   2   2   2   2   2   2   2   2   2   2   2      17      22      16                         
 21                                                                              17      22      16                         
 21                                                                              17      22  22  -1  21  21                 
 21                                                                              17              17      21                 
 21                                                                              17  17  17  17  17      21                 
 21                                                                                                      21                 
 21  21  21  21  21  21  21  21  21  21  21  21  21  21  21  21  21  21  21  21  21  21  21  21  21  21  21                 
