                          8   8   8   8   8   8   8   8   8   8   8   8   8   8   8   8   8   8   8   8   8 
                          8                                                                               8 
                          8      10  10  10  10  10                                                       8 
                          8      10              10                                                       8 
                          8      10              10      15  15  15  15  15  15  15  15  15  15  15       8 
                          8      10              10      15                                      15       8 
                          8      10              10      15      13  13  13  13  13  13  13      15       8 
                          8      10              10      15      13                      13      15       8 
                          8      10              10      15      13      20  20  20      13      15       8 
                          8      10              10      15      13      20      20      13      15       8 
                          8   8  -2   1   1   1  -1   2  -2   3  -1   4  -1   5  -2   6  -2   7  -1   8   8 
                                  9              11      16      12      19      21      14      14         
                                  9              11      16      12      19      21      14  14  14         
                                  9              11      16      12      19      21                         
 21  21  21  21  21               9              11      16      12      19      21                         
 21              21               9              11      16      12      19      21                         
 21      19  19  -1  18  18  18  -2  17  17      11  11  -1  12  12      19      21                         
 21      19      22              22      17              17              19      21                         
 21      19      22  22  22  22  22      17              17              19      21                         
 21      19                              17              17              19      21                         
 21      19                              17  17  17  17  17              19      21                         
 21      19                                                              19      21                         
 21      19  19  19  19  19  19  19  19  19  19  19  19  19  19  19  19  19      21                         
 21                                                                              21                         
 21  21  21  21  21  21  21  21  21  21  21  21  21  21  21  21  21  21  21  21  21                         
