                  8   8   8   8   8   8   8   8   8   8   8   8   8   8   8   8   8   8   8   8   8   8   8   8   8   8   8   8   8   8   8   8   8 
                  8                                                                                                                               8 
                  8      17  17  17  17  17  17  17  17  17  17  17  17  17  17  17  17  17  17  17  17  17  17  17  17  17  17  17  17  17       8 
                  8      17                                                                                                              17       8 
                  8      17       9   9   9   9   9   9   9   9   9   9   9   9   9   9   9   9   9   9   9   9   9   9   9   9   9      17       8 
                  8      17       9                                                                                               9      17       8 
                  8      17       9      11  11  11  11  11  11  11  11  11  11  11  11  11  11  11  11  11  11  11  11  11       9      17       8 
                  8      17       9      11                                                                              11       9      17       8 
                  8      17       9      11      15  15  15  15  15  15  15  15  15  15  15  15  15  15  15  15  15      11       9      17       8 
                  8      17       9      11      15                                                              15      11       9      17       8 
                  8      17       9      11      15      20  20  20  20  20  20  20  20  20  20  20  20  20      15      11       9      17       8 
                  8      17       9      11      15      20                                              20      15      11       9      17       8 
                  8      17       9      11      15      20      13  13  13  13  13  13  13              20      15      11       9      17       8 
                  8      17       9      11      15      20      13                      13              20      15      11       9      17       8 
                  8      17       9      11      15      20  20  -1  21  21  21  21  21  -2  22  22  22  -1  15  15      11       9      17       8 
                  8      17       9      11      15              14                      12              19              11       9      17       8 
 16  16  16  16  -1  17  17       9      11      15  15  15  15  -2  16  16  16  16      12  12  12  12  -2  11  11  11  11       9      17       8 
 16               7               9      11                       5              16                      18                       9      17       8 
 16       2   2  -1   1   1   1  -2   4  -1   3   3   3   3   3  -2   2   2      16               8   8  -1   9   9   9   9   9   9      17       8 
 16       2       6              10      10                       6       2      16               8      17                              17       8 
 16       2       6              10      10                       6       2      16               8      17  17  17  17  17  17  17  17  17       8 
 16       2       6              10      10                       6       2      16               8                                               8 
 16       2       6              10  10  10                       6       2      16               8                                               8 
 16       2       6                                               6       2      16               8                                               8 
 16       2       6                                               6       2      16               8   8   8   8   8   8   8   8   8   8   8   8   8 
 16       2       6                                               6       2      16                                                                 
 16       2       6   6   6   6   6   6   6   6   6   6   6   6   6       2      16                                                                 
 16       2                                                               2      16                                                                 
 16       2   2   2   2   2   2   2   2   2   2   2   2   2   2   2   2   2      16                                                                 
 16                                                                              16                                                                 
 16  16  16  16  16  16  16  16  16  16  16  16  16  16  16  16  16  16  16  16  16                                                                 
