                                                                                          9   9   9   9   9   9   9   9   9   9   9   9   9 
                                                                                          9                                               9 
                                                                                          9       4   4   4   4   4   4   4   4   4       9 
                                                                                          9       4                               4       9 
                                                                                          9   9  -1   8   8   8   8   8   8       4       9 
                                                                                                  3                       8       4       9 
 13  13  13  13  13  13  13  13  13  13  13  13  13  13  13  13  13  13  13  13  13  13  13  13  -1  14  14  14  14       8       4       9 
 13                                                                                               2              14       8       4       9 
 13       6   6   6   6   6   6   6   6   6   6   6   6   6   6   6   6   6   6   6   6   6   6  -2   7   7      14       8       4       9 
 13       6                                                                                       1       7      14       8       4       9 
 13       6      10  10  10  10  10  10  10  10  10  10  10  10  10  10  10  10  10               1       7      14       8       4       9 
 13       6      10                                                              10               1       7      14       8       4       9 
 13       6      10       5   5   5   5   5   5   5   5   5   5   5   5   5      10               1       7      14       8       4       9 
 13       6      10       5                                               5      10               1       7      14       8       4       9 
 13       6      10       5      21  21  21  21  21  21  21  21  21       5      10               1       7      14       8       4       9 
 13       6      10       5      21                              21       5      10               1       7      14       8       4       9 
 13       6      10       5      21      12  12  12  12  12      21       5      10               1       7      14       8       4       9 
 13       6      10       5      21      12              12      21       5      10               1       7      14       8       4       9 
 13       6      10       5      21  21  -1  20  20  20  -2  19  -1  18  -2  17  -1  16  16  16  -2  15  -2  14  14       8       4       9 
 13       6      10       5              11              13      22      22       9               4       8               8       4       9 
 13       6      10       5              11              13      22  22  22       9               4       8               8       4       9 
 13       6      10       5              11              13                       9               4       8               8       4       9 
 13       6      10       5              11              13                       9               4       8   8   8   8   8       4       9 
 13       6      10       5              11              13                       9               4                               4       9 
 13       6      10       5              11              13                       9               4   4   4   4   4   4   4   4   4       9 
 13       6      10       5              11              13                       9                                                       9 
 13       6      10       5              11              13                       9   9   9   9   9   9   9   9   9   9   9   9   9   9   9 
 13       6      10       5              11              13                                                                                 
 13       6      10       5   5   5   5  -2   6   6      13                                                                                 
 13       6      10                      10       6      13                                                                                 
 13       6      10  10  10  10  10  10  10       6      13                                                                                 
 13       6                                       6      13                                                                                 
 13       6   6   6   6   6   6   6   6   6   6   6      13                                                                                 
 13                                                      13                                                                                 
 13  13  13  13  13  13  13  13  13  13  13  13  13  13  13                                                                                 
