         21  21  21  21  21  21  21  21  21  21  21  21  21  21  21  21  21  21  21  21  21  21  21  21  21  21  21 
         21                                                                                                      21 
         21      16  16  16  16  16  16  16  16  16  16  16  16  16  16  16  16  16  16  16  16  16  16  16      21 
         21      16                                                                                      16      21 
         21      16      20  20  20  20  20  20  20  20  20                                              16      21 
         21      16      20                              20                                              16      21 
         21      16      20      13  13  13  13  13      20                                              16      21 
         21      16      20      13              13      20                                              16      21 
         21      16      20      13      19  19  -2  20  20                                              16      21 
         21      16      20      13      19      12                                                      16      21 
         21      16      20      13      19      12                              22  22  22  22  22      16      21 
         21      16      20      13      19      12                              22              22      16      21 
         21  21  -1  20  20      13      19  19  -1  18  18  18  18  18  18  18  -2  17  17  17  -1  16  16      21 
                 15              13              11                               7              21              21 
                 15              13              11                               7              21  21  21  21  21 
                 15              13              11                               7                                 
                 15              13              11               9   9   9       7                                 
                 15              13              11               9       9       7                                 
  6   6   6   6  -1   5   5   5  -2   4   4   4  -1   3   3   3  -2   2  -1   1  -2   6   6                         
  6              14              14              10              10       8       8       6                         
  6              14  14  14  14  14              10              10       8       8       6                         
  6                                              10              10       8       8       6                         
  6                                              10  10  10  10  10       8       8       6                         
  6                                                                       8       8       6                         
  6                                                                       8   8   8       6                         
  6                                                                                       6                         
  6   6   6   6   6   6   6   6   6   6   6   6   6   6   6   6   6   6   6   6   6   6   6                         
