                                 10  10  10  10  10  10  10  10  10  10  10  10  10  10  10  10  10  10  10  10  10  10  10  10  10  10  10 
                                 10                                                                                                      10 
                                 10      15  15  15  15  15  15  15  15  15  15  15  15  15  15  15  15  15  15  15  15  15  15  15      10 
                                 10      15                                                                                      15      10 
                                 10      15       5   5   5   5   5   5   5   5   5   5   5   5   5   5   5   5   5   5   5      15      10 
                                 10      15       5                                                                       5      15      10 
                                 10      15       5      16  16  16  16  16  16  16  16  16  16  16  16  16  16  16       5      15      10 
                                 10      15       5      16                                                      16       5      15      10 
                                 10      15       5      16      11  11  11  11  11  11  11  11  11  11  11      16       5      15      10 
                                 10      15       5      16      11                                      11      16       5      15      10 
                                 10      15       5      16  16  -2  17  17  17  17                      11      16       5      15      10 
                                 10      15       5              12              17                      11      16       5      15      10 
  7   7   7   7   7   7   7      10      15       5              12              17                      11      16       5      15      10 
  7                       7      10      15       5              12              17                      11      16       5      15      10 
  7                       7      10      15       5              12              17       8   8   8      11      16       5      15      10 
  7                       7      10      15       5              12              17       8       8      11      16       5      15      10 
  7       9   9   9   9  -1  10  10      15       5   5   5   5  -2   6   6   6  -2   1  -1   2  -2   3  -1   4  -1   5   5      15      10 
  7       9              22              15                      13              18       9       7      10      15              15      10 
  7       9              22              15                      13              18       9       7      10      15  15  15  15  15      10 
  7       9              22              15                      13              18       9       7      10                              10 
  7       9              22              15                      13              18       9       7      10  10  10  10  10  10  10  10  10 
  7       9              22              15                      13              18       9       7                                         
  7       9      18  18  -1  19  19  19  -2  20  20  20  20  20  -1  21  21      18       9       7                                         
  7       9      18      21              14                      14      21      18       9       7                                         
  7       9      18      21              14  14  14  14  14  14  14      21      18       9       7                                         
  7       9      18      21                                              21      18       9       7                                         
  7       9      18      21  21  21  21  21  21  21  21  21  21  21  21  21      18       9       7                                         
  7       9      18                                                              18       9       7                                         
  7       9      18  18  18  18  18  18  18  18  18  18  18  18  18  18  18  18  18       9       7                                         
  7       9                                                                               9       7                                         
  7       9   9   9   9   9   9   9   9   9   9   9   9   9   9   9   9   9   9   9   9   9       7                                         
  7                                                                                               7                                         
  7   7   7   7   7   7   7   7   7   7   7   7   7   7   7   7   7   7   7   7   7   7   7   7   7                                         
