                 13  13  13  13  13  13  13  13  13  13  13  13  13  13  13  13  13  13  13  13  13  13  13  13  13 
                 13                                                                                              13 
                 13                              11  11  11  11  11  11  11  11  11  11  11  11  11  11  11      13 
                 13                              11                                                      11      13 
                 13                              11      18  18  18  18  18  18  18  18  18              11      13 
                 13                              11      18                              18              11      13 
                 13                              11      18      12  12  12  12  12  12  -1  11  11  11  11      13 
                 13                              11      18      12                      19                      13 
                 13       9   9   9   9   9      11      18      12                      19                      13 
                 13       9               9      11      18      12                      19                      13 
                 13  13  -1  14  14       9      11      18      12              22  22  -1  13  13  13  13  13  13 
                          8      14       9      11      18      12              22      20                         
 15  15  15  15  15  15  -2  14  14       9      11      18  18  -1  17  17  17  -1  16  -2  15  15                 
 15                       7               9      11               5              21      21      15                 
 15                       7               9      11               5              21  21  21      15                 
 15                       7               9      11               5                              15                 
 15       2   2   2   2  -1   1   1   1  -2   4  -1   3   3   3  -2   2   2                      15                 
 15       2               6              10      10               6       2                      15                 
 15       2               6              10  10  10               6       2                      15                 
 15       2               6                                       6       2                      15                 
 15       2               6   6   6   6   6   6   6   6   6   6   6       2                      15                 
 15       2                                                               2                      15                 
 15       2   2   2   2   2   2   2   2   2   2   2   2   2   2   2   2   2                      15                 
 15                                                                                              15                 
 15  15  15  15  15  15  15  15  15  15  15  15  15  15  15  15  15  15  15  15  15  15  15  15  15                 
