                 20  20  20  20  20  20  20  20  20  20  20  20  20  20  20  20  20  20  20  20  20  20  20  20  20         
                 20                                                                                              20         
                 20      18  18  18  18  18  18  18  18  18  18  18  18  18  18  18                              20         
                 20      18                                                      18                              20         
                 20      18      13  13  13  13  13  13  13  13  13  13  13      18                              20         
                 20      18      13                                      13      18                              20         
                 20      18      13      11  11  11  11  11  11  11      13      18                              20         
                 20      18      13      11                      11      13      18                              20         
                 20      18      13  13  -1  14  14  14  14      11      13      18                              20         
                 20      18              10              14      11      13      18                              20         
                 20      18  18  18  18  -1  19  19      14      11      13      18                              20         
                 20                       9      19      14      11      13      18                              20         
                 20  20  20  20  20  20  -2  19  19      14      11      13      18                              20         
                                          8              14      11      13      18                              20         
                                          8              14      11      13      18      22  22  22  22  22      20         
                                          8              14      11      13      18      22              22      20         
 15  15  15  15  15  15  15  15  15  15  -2  14  14  14  14      11      13      18  18  -2  17  17  17  -1  16  -2  15  15 
 15                                       7                      11      13               5              21      21      15 
 15                                       7                      11      13               5              21  21  21      15 
 15                                       7                      11      13               5                              15 
 15       2   2   2   2   2   2   2   2  -1   1   1   1   1   1  -2   4  -1   3   3   3  -2   2   2                      15 
 15       2                               6                      12      12               6       2                      15 
 15       2                               6                      12  12  12               6       2                      15 
 15       2                               6                                               6       2                      15 
 15       2                               6   6   6   6   6   6   6   6   6   6   6   6   6       2                      15 
 15       2                                                                                       2                      15 
 15       2   2   2   2   2   2   2   2   2   2   2   2   2   2   2   2   2   2   2   2   2   2   2                      15 
 15                                                                                                                      15 
 15  15  15  15  15  15  15  15  15  15  15  15  15  15  15  15  15  15  15  15  15  15  15  15  15  15  15  15  15  15  15 
