  2   2   2   2   2   2   2   2   2   2   2   2   2   2   2   2   2   2   2   2   2                         
  2                                                                               2                         
  2      16  16  16  16  16  16  16  16  16  16  16  16  16  16  16  16  16       2                         
  2      16                                                              16       2                         
  2      16      18  18  18  18  18  18  18  18  18  18  18  18  18      16       2                         
  2      16      18                                              18      16       2                         
  2      16      18       6   6   6   6   6   6   6   6   6      18      16       2                         
  2      16      18       6                               6      18      16       2                         
  2      16      18       6      13  13  13  13  13       6      18      16       2                         
  2      16      18       6      13              13       6      18      16       2                         
  2      16      18       6   6  -2   5   5      13       6      18      16       2                         
  2      16      18              12       5      13       6      18      16       2                         
  2      16      18              12       5      13       6      18      16       2      15  15  15  15  15 
  2      16      18              12       5      13       6      18      16       2      15              15 
  2      16      18  18  18  18  -1  19  -2  20  -2  21  -1  22  -2   7  -1   8  -2   9  -1  10  10      15 
  2      16                      11       4      14       1      17      17       1      14      10      15 
  2      16                      11       4      14       1      17  17  17       1      14      10      15 
  2      16                      11       4      14       1                       1      14      10      15 
  2      16                      11       4      14       1   1   1   1   1   1   1      14      10      15 
  2      16                      11       4      14                                      14      10      15 
  2      16                      11       4      14  14  14  14  14  14  14  14  14  14  14      10      15 
  2      16                      11       4                                                      10      15 
  2   2  -2   3   3   3   3   3  -1   4   4                                                      10      15 
         15                      10                                                              10      15 
         15                      10  10  10  10  10  10  10  10  10  10  10  10  10  10  10  10  10      15 
         15                                                                                              15 
         15  15  15  15  15  15  15  15  15  15  15  15  15  15  15  15  15  15  15  15  15  15  15  15  15 
