                                                          4   4   4   4   4   4   4   4   4 
                                                          4                               4 
  9   9   9   9   9   9   9   9   9   9   9   9   9   9  -1   8   8   8   8   8   8       4 
  9                                                       3                       8       4 
  9      13  13  13  13  13  13  13  13  13  13  13  13  -1  14  14  14  14       8       4 
  9      13                                               2              14       8       4 
  9      13       6   6   6   6   6   6   6   6   6   6  -2   7   7      14       8       4 
  9      13       6                                       1       7      14       8       4 
  9      13       6      21  21  21  21  21  21  21       1       7      14       8       4 
  9      13       6      21                      21       1       7      14       8       4 
  9      13       6      21      11  11  11      21       1       7      14       8       4 
  9      13       6      21      11      11      21       1       7      14       8       4 
  9      13       6   6  -2   5  -1  18  -2  17  -1  16  -2  15  -2  14  14       8       4 
  9      13              20      12      10      22       4       8               8       4 
  9      13              20      12      10      22       4       8   8   8   8   8       4 
  9      13              20      12      10      22       4                               4 
  9      13              20      12      10      22       4   4   4   4   4   4   4   4   4 
  9      13              20      12      10      22                                         
  9      13  13  13  13  -1  12  12      10      22                                         
  9                      19              10      22                                         
  9   9   9   9   9   9  -2  10  10  10  10      22                                         
                         22                      22                                         
                         22  22  22  22  22  22  22                                         
