  8   8   8   8   8   8   8   8   8   8   8   8   8   8   8   8   8   8   8   8   8   8   8   8   8   8   8   8   8 
  8                                                                                                               8 
  8      17  17  17  17  17  17  17  17  17  17  17  17  17  17  17  17  17  17  17  17  17  17  17               8 
  8      17                                                                                      17               8 
  8      17       1   1   1   1   1   1   1   1   1   1   1   1   1   1   1   1   1   1   1      17               8 
  8      17       1                                                                       1      17               8 
  8      17       1                      18  18  18  18  18  18  18  18  18  18  18       1      17               8 
  8      17       1                      18                                      18       1      17               8 
  8      17       1      12  12  12  12  -2  11  11  11  11  11  11  11  11      18  18  -1  17  17               8 
  8      17       1      12              19                              11               4                       8 
  8   8  -1   7  -2   6  -2   5   5   5  -1  10  10  10  10  10  10  10  -2   9   9   9  -1   8   8   8   8   8   8 
         16       2      13              20                              22               3                         
         16       2      13              20              22  22  22  22  22               3                         
         16       2      13              20              22                               3                         
         16       2      13  13  13  13  -2  14  14      22      15  15  15  15  15  15  -2  16  16  16  16         
         16       2                      21      14      22      15                       2              16         
         16       2              15  15  -1  14  14      22      15                       2              16         
         16       2              15      22              22      15                       2              16         
         16       2              15      22  22  22  22  22      15                       2              16         
         16       2              15                              15                       2              16         
         16       2              15  15  15  15  15  15  15  15  15                       2              16         
         16       2                                                                       2              16         
         16       2   2   2   2   2   2   2   2   2   2   2   2   2   2   2   2   2   2   2              16         
         16                                                                                              16         
         16  16  16  16  16  16  16  16  16  16  16  16  16  16  16  16  16  16  16  16  16  16  16  16  16         
