                         20  20  20  20  20  20  20  20  20  20  20  20  20  20  20  20  20  20  20  20  20  20  20  20  20  20  20 
                         20                                                                                                      20 
                         20      10  10  10  10  10  10  10  10  10  10  10  10  10  10  10  10  10  10  10  10  10  10  10      20 
                         20      10                                                                                      10      20 
                         20      10      17  17  17  17  17  17  17  17  17  17  17  17  17  17  17  17  17  17  17      10      20 
                         20      10      17                                                                      17      10      20 
                         20      10      17               9   9   9   9   9   9   9   9   9   9   9   9   9      17      10      20 
                         20      10      17               9                                               9      17      10      20 
                         20      10      17               9              21  21  21  21  21  21  21       9      17      10      20 
                         20      10      17               9              21                      21       9      17      10      20 
                         20      10      17               9      14  14  -2  15  15  15  15  15  -1  16  -1  17  17      10      20 
                         20      10      17               9      14      22                      20      10              10      20 
                         20      10      17               9      14      22                      20      10  10  10  10  10      20 
                         20      10      17               9      14      22                      20                              20 
                         20      10      17               9      14      22                      20  20  20  20  20  20  20  20  20 
                         20      10      17               9      14      22                                                         
                         20      10      17               9      14  14  -1  13  13  13  13                                         
                         20      10      17               9               7              13                                         
 13  13  13  13  13      20      10      17               9               7              13                                         
 13              13      20      10      17               9               7              13                                         
 13       6   6  -1   5  -2   4  -2   3  -1   2   2   2  -1   1   1   1  -2   6   6      13                                         
 13       6      12      19      11      18               8               8       6      13                                         
 13       6      12      19      11      18               8   8   8   8   8       6      13                                         
 13       6      12      19      11      18                                       6      13                                         
 13       6      12      19      11  11  -1  12  12                               6      13                                         
 13       6      12      19              19      12                               6      13                                         
 13       6      12      19  19  19  19  19      12                               6      13                                         
 13       6      12                              12                               6      13                                         
 13       6      12  12  12  12  12  12  12  12  12                               6      13                                         
 13       6                                                                       6      13                                         
 13       6   6   6   6   6   6   6   6   6   6   6   6   6   6   6   6   6   6   6      13                                         
 13                                                                                      13                                         
 13  13  13  13  13  13  13  13  13  13  13  13  13  13  13  13  13  13  13  13  13  13  13                                         
