         13  13  13  13  13  13  13  13  13  13  13  13  13  13  13  13  13  13  13  13  13  13  13  13  13  13  13 
         13                                                                                                      13 
         13      15  15  15  15  15  15  15  15  15  15  15  15  15  15  15  15  15  15  15  15  15  15  15      13 
         13      15                                                                                      15      13 
         13      15                                              22  22  22  22  22  22  22  22  22      15      13 
         13      15                                              22                              22      15      13 
         13      15                                              22              14  14  14      22      15      13 
         13      15                                              22              14      14      22      15      13 
         13      15              19  19  19  19  19  19  19      22              14      14      22      15      13 
         13      15              19                      19      22              14      14      22      15      13 
         13      15      10  10  -2   9   9   9   9      19  19  -1  20  20  20  -2  21  -1  22  22      15      13 
         13      15      10      18               9               7              13      15              15      13 
         13      15      10      18               9               7              13      15  15  15  15  15      13 
         13      15      10      18               9               7              13                              13 
         13      15      10      18               9               7              13  13  13  13  13  13  13  13  13 
         13      15      10      18               9               7                                                 
  6   6  -1   5  -2   4  -2   3  -1   2   2   2  -1   1   1   1  -2   6   6                                         
  6      12      16      11      17               8               8       6                                         
  6      12      16      11      17               8   8   8   8   8       6                                         
  6      12      16      11      17                                       6                                         
  6      12      16      11  11  -1  12  12                               6                                         
  6      12      16              16      12                               6                                         
  6      12      16  16  16  16  16      12                               6                                         
  6      12                              12                               6                                         
  6      12  12  12  12  12  12  12  12  12                               6                                         
  6                                                                       6                                         
  6   6   6   6   6   6   6   6   6   6   6   6   6   6   6   6   6   6   6                                         
