  6   6   6   6   6   6   6   6   6   6   6   6   6   6   6   6   6   6   6   6   6   6   6   6   6                                         
  6                                                                                               6                                         
  6      10  10  10  10  10  10  10  10  10  10  10  10  10  10  10  10  10  10  10  10  10       6                                         
  6      10                                                                              10       6                                         
  6      10       5   5   5                                                              10       6                                         
  6      10       5       5                                                              10       6                                         
  6      10       5       5      21  21  21  21  21  21  21  21  21  21  21              10       6                                         
  6      10       5       5      21                                      21              10       6                                         
  6      10  10  -1  11  -2  12  -1  13  13  13  13  13  13  13  13  13  -2  14  14      10       6                                         
  6               6      22      22                                      20      14      10       6                                         
  6               6      22  22  22                                      20      14      10       6                                         
  6               6                                                      20      14      10       6                                         
  6   6   6   6   6                                                      20      14      10       6                                         
                                                                         20      14      10       6                                         
                                         15  15  15  15  15  15  15  15  -1  14  14      10       6                                         
                                         15                              19              10       6                                         
                                         15       9   9   9   9   9   9  -2  10  10  10  10       6                                         
                                         15       9                      18                       6                                         
                                         15       9                      18                       6      15  15  15  15  15  15  15  15  15 
                                         15       9                      18                       6      15                              15 
                                         15       9                      18                       6      15       9   9   9   9   9      15 
                                         15       9                      18                       6      15       9               9      15 
                                         15       9       4   4   4   4  -2   1   1   1   1   1  -1   2  -2   3  -1   4   4       9      15 
                                         15       9       4              17                       7      16       8       4       9      15 
                                         15       9       4       8   8  -1   7   7   7   7   7   7      16       8       4       9      15 
                                         15       9       4       8      16                              16       8       4       9      15 
                                         15       9       4       8      16  16  16  16  16  16  16  16  16       8       4       9      15 
                                         15       9       4       8                                               8       4       9      15 
                                         15       9       4       8   8   8   8   8   8   8   8   8   8   8   8   8       4       9      15 
                                         15       9       4                                                               4       9      15 
                                         15       9       4   4   4   4   4   4   4   4   4   4   4   4   4   4   4   4   4       9      15 
                                         15       9                                                                               9      15 
                                         15       9   9   9   9   9   9   9   9   9   9   9   9   9   9   9   9   9   9   9   9   9      15 
                                         15                                                                                              15 
                                         15  15  15  15  15  15  15  15  15  15  15  15  15  15  15  15  15  15  15  15  15  15  15  15  15 
