                 10  10  10  10  10  10  10  10  10  10  10  10  10  10  10  10  10  10  10  10  10  10  10 
                 10                                                                                      10 
 20  20  20  20  -1  21  21                                                                              10 
 20               9      21                                                                              10 
 20               9      21       1   1   1   1   1   1   1   1   1   1   1   1   1   1   1   1   1      10 
 20               9      21       1                                                               1      10 
 20               9      21       1                               3   3   3   3   3   3   3       1      10 
 20               9      21       1                               3                       3       1      10 
 20               9      21       1       7   7   7               3                       3       1      10 
 20               9      21       1       7       7               3                       3       1      10 
 20      18  18  -2  17  -1  16  -1  15  -2  14  -1  13  13  13  -2  12  12  12  12  12  -1  11  -2  10  10 
 20      18      22      22       8       8       6               4                       2       2         
 20      18      22  22  22       8       8       6               4                       2       2         
 20      18                       8       8       6               4                       2       2         
 20      18                       8   8   8       6               4                       2       2         
 20      18                                       6               4                       2       2         
 20      18                                       6               4                       2   2   2         
 20      18                                       6               4                                         
 20      18                                       6      19  19  -2  20  20  20  20                         
 20      18                                       6      19       5              20                         
 20      18                                       6      19  19  -1  18  18      20                         
 20      18                                       6               6      18      20                         
 20      18                                       6   6   6   6   6      18      20                         
 20      18                                                              18      20                         
 20      18  18  18  18  18  18  18  18  18  18  18  18  18  18  18  18  18      20                         
 20                                                                              20                         
 20  20  20  20  20  20  20  20  20  20  20  20  20  20  20  20  20  20  20  20  20                         
