  7   7   7   7   7   7   7   7   7   7   7   7   7   7   7   7   7   7   7   7   7   7   7   7   7                                         
  7                                                                                               7                                         
  7       9   9   9   9   9   9   9   9   9   9   9   9   9   9   9   9   9                       7                                         
  7       9                                                               9                       7                                         
  7       9       4   4   4   4   4   4   4   4   4   4   4   4   4       9                       7                                         
  7       9       4                                               4       9                       7                                         
  7       9       4      10  10  10  10  10  10  10  10  10       4       9                       7                                         
  7       9       4      10                              10       4       9                       7                                         
  7       9       4      10       6   6   6              10       4       9                       7                                         
  7       9       4      10       6       6              10       4       9                       7                                         
  7       9       4   4  -1   1  -1   2  -2   3   3   3  -2   4   4       9                       7                                         
  7       9               9       7       5              11               9                       7                                         
  7       9   9   9   9   9       7       5              11               9                       7                                         
  7                               7       5              11               9                       7                                         
  7   7   7   7   7   7   7   7   7       5              11               9                       7                                         
                                          5              11               9                       7                                         
                                          5              11               9                       7       5   5   5   5   5   5   5   5   5 
                                          5              11               9                       7       5                               5 
                                          5              11               9                       7       5      19  19  19  19  19       5 
                                          5              11               9                       7       5      19              19       5 
                                          5              11               9      21  21  21       7       5      19              19       5 
                                          5              11               9      21      21       7       5      19              19       5 
                                          5      19  19  -1  18  18  18  -2  17  -1  16  -2  15  -1  14  -2  13  -1  22  22      19       5 
                                          5      19      12              12      22      20       8       8      20      22      19       5 
                                          5      19      12  12  12  12  12      22      20       8       8      20      22      19       5 
                                          5      19                              22      20       8       8      20      22      19       5 
                                          5      19                              22      20       8   8   8      20      22      19       5 
                                          5      19                              22      20                      20      22      19       5 
                                          5      19                              22      20  20  20  20  20  20  20      22      19       5 
                                          5      19                              22                                      22      19       5 
                                          5      19                              22  22  22  22  22  22  22  22  22  22  22      19       5 
                                          5      19                                                                              19       5 
                                          5      19  19  19  19  19  19  19  19  19  19  19  19  19  19  19  19  19  19  19  19  19       5 
                                          5                                                                                               5 
                                          5   5   5   5   5   5   5   5   5   5   5   5   5   5   5   5   5   5   5   5   5   5   5   5   5 
