  6   6   6   6   6   6   6   6   6   6   6   6   6   6   6   6   6   6   6   6   6   6   6   6   6 
  6                                                                                               6 
  6      15  15  15  15  15  15  15  15  15  15  15  15  15  15  15  15  15  15  15  15  15       6 
  6      15                                                                              15       6 
  6      15      22  22  22  22  22  22  22  22  22  22  22  22  22  22  22  22  22      15       6 
  6      15      22                                                              22      15       6 
  6      15      22                      16  16  16  16  16  16  16  16  16      22      15       6 
  6      15      22                      16                              16      22      15       6 
  6      15      22      10  10  10  10  -1   9   9   9   9   9   9      16  16  -1  15  15       6 
  6      15      22      10              17                       9               7               6 
  6   6  -1   5  -2   4  -1   3   3   3  -2   2   2   2   2   2  -1   1   1   1  -2   6   6   6   6 
         14      21      11              18                       8               8                 
         14      21      11              18                       8   8   8   8   8                 
         14      21      11              18                                                         
         14      21      11  11  11  11  -2  12  12  12  12                                         
         14      21                      19              12                                         
         14      21              13  13  -1  12  12  12  12                                         
         14      21              13      20                                                         
         14      21              13  13  -2  14  14                                                 
         14      21                      21      14                                                 
         14      21  21  21  21  21  21  21      14                                                 
         14                                      14                                                 
         14  14  14  14  14  14  14  14  14  14  14                                                 
