         13  13  13  13  13  13  13  13  13  13  13  13  13  13  13  13  13  13  13  13  13  13  13 
         13                                                                                      13 
         13      20  20  20  20  20  20  20  20  20  20  20  20  20  20  20  20  20  20  20      13 
         13      20                                                                      20      13 
         13      20              16  16  16  16  16  16  16                              20      13 
         13      20              16                      16                              20      13 
         13      20              16                      16      22  22  22  22  22      20      13 
         13      20              16                      16      22              22      20      13 
         13      20      10  10  -1   9   9   9   9      16  16  -2  15  15  15  -1  14  -2  13  13 
         13      20      10      17               9               7              21      21         
         13      20      10      17               9               7              21  21  21         
         13      20      10      17               9               7                                 
  6   6  -1   5  -2   4  -1   3  -2   2   2   2  -1   1   1   1  -2   6   6                         
  6      12      19      11      18               8               8       6                         
  6      12      19      11      18               8   8   8   8   8       6                         
  6      12      19      11      18                                       6                         
  6      12      19      11  11  -1  12  12                               6                         
  6      12      19              19      12                               6                         
  6      12      19  19  19  19  19      12                               6                         
  6      12                              12                               6                         
  6      12  12  12  12  12  12  12  12  12                               6                         
  6                                                                       6                         
  6   6   6   6   6   6   6   6   6   6   6   6   6   6   6   6   6   6   6                         
