                 20  20  20  20  20  20  20  20  20  20  20  20  20  20  20  20  20  20  20  20  20         
                 20                                                                              20         
                 20      14  14  14  14  14  14  14  14  14  14  14  14  14  14  14  14  14      20         
                 20      14                                                              14      20         
                 20      14              21  21  21  21  21  21  21  21  21  21  21      14      20         
                 20      14              21                                      21      14      20         
                 20      14  14  14  14  -1  15  15                              21      14      20         
                 20                      22      15                              21      14      20         
                 20              16  16  -2  15  15                              21      14      20         
                 20              16       7                                      21      14      20         
                 20              16  16  -1  17  17  17  17  17  17  17  17      21  21  -1  20  20         
                 20                       8                              17              13                 
                 20                       8              10  10  10      17              13                 
                 20                       8              10      10      17              13                 
  6   6   6   6  -2   1   1   1   1   1  -1   2   2   2  -2   3  -1   4  -2   5   5   5  -1   6   6   6   6 
  6              19                       9               9      11      18              12               6 
  6              19                       9   9   9   9   9      11      18              12               6 
  6              19                                              11      18              12               6 
  6      12  12  -1  11  11  11  11  11  11  11  11  11  11  11  11      18              12               6 
  6      12      18                                                      18              12               6 
  6      12      18  18  18  18  18  18  18  18  18  18  18  18  18  18  18              12               6 
  6      12                                                                              12               6 
  6      12  12  12  12  12  12  12  12  12  12  12  12  12  12  12  12  12  12  12  12  12               6 
  6                                                                                                       6 
  6   6   6   6   6   6   6   6   6   6   6   6   6   6   6   6   6   6   6   6   6   6   6   6   6   6   6 
