  5   5   5   5   5   5   5   5   5   5   5   5   5   5   5   5   5   5   5   5   5   5   5   5   5   5   5   5   5   5   5   5   5 
  5                                                                                                                               5 
  5      10  10  10  10  10  10  10  10  10  10  10  10  10  10  10  10  10  10  10  10  10  10  10  10  10  10  10  10  10       5 
  5      10                                                                                                              10       5 
  5      10       6   6   6   6   6   6   6   6   6   6   6   6   6   6   6   6   6   6   6   6   6   6   6   6   6      10       5 
  5      10       6                                                                                               6      10       5 
  5      10       6                                              12  12  12  12  12  12  12  12  12  12  12       6      10       5 
  5      10       6                                              12                                      12       6      10       5 
  5      10  10  -1   1   1   1   1   1   1   1   1   1   1   1  -1   2   2   2   2   2   2   2   2   2  -2   3  -2   4  -1   5   5 
  5               5                                              13                                      11       7       9         
  5   5   5   5   5                                              13                                      11       7       9         
                                                                 13                                      11       7       9         
                                                 20  20  20  20  -2  21  21  21  21  21  21  21  21      11       7       9         
                                                 20              14                              21      11       7       9         
                                                 20  20  20  20  -1  19  19  19  19  19  19      21      11       7       9         
                                                                 15                      19      21      11       7       9         
                          9   9   9   9   9   9   9   9   9   9  -2   8   8   8   8      19      21      11       7       9         
                          9                                      16               8      19      21      11       7       9         
                          9       7   7   7   7   7   7   7   7  -1   8   8   8   8      19      21      11       7       9         
                          9       7                              17                      19      21      11       7       9         
                          9       7      11  11  11  11  11  11  -2  22  22              19      21      11       7       9         
                          9       7      11                      18      22              19      21      11       7       9         
                          9       7      11              21  21  -1  22  22              19      21      11       7       9         
                          9       7      11              21      19                      19      21      11       7       9         
                          9       7      11              21      19  19  19  19  19  19  19      21      11       7       9         
                          9       7      11              21                                      21      11       7       9         
                          9       7      11              21  21  21  21  21  21  21  21  21  21  21      11       7       9         
                          9       7      11                                                              11       7       9         
                          9       7      11  11  11  11  11  11  11  11  11  11  11  11  11  11  11  11  11       7       9         
                          9       7                                                                               7       9         
                          9       7   7   7   7   7   7   7   7   7   7   7   7   7   7   7   7   7   7   7   7   7       9         
                          9                                                                                               9         
                          9   9   9   9   9   9   9   9   9   9   9   9   9   9   9   9   9   9   9   9   9   9   9   9   9         
