 10  10  10  10  10  10  10  10  10  10  10  10  10  10  10  10  10  10  10  10  10  10  10         
 10                                                                                      10         
 10                                              19  19  19  19  19  19  19  19  19      10         
 10                                              19                              19      10         
 10                                              19       7   7   7   7   7      19      10         
 10                                              19       7               7      19      10         
 10                                              19  19  -1  20  20       7      19  19  -1  18  18 
 10                                                       6      20       7               9      18 
 10               2   2   2                               6      20       7               9      18 
 10               2       2                               6      20       7               9      18 
 10               2       2       4   4   4               6      20       7               9      18 
 10               2       2       4       4               6      20       7               9      18 
 10  10  10  10  -2  11  -1  12  -2  13  -1  14  14  14  -2  15  -1  16  -1  17  17  17  -2  18  18 
                  1       3       3       5               5      21       8              22         
                  1       3       3       5   5   5   5   5      21       8              22         
                  1       3       3                              21       8              22         
                  1       3   3   3                              21       8              22         
                  1                                              21       8              22         
         22  22  -2  21  21  21  21  21  21  21  21  21  21  21  21       8              22         
         22       8                                                       8              22         
         22       8   8   8   8   8   8   8   8   8   8   8   8   8   8   8              22         
         22                                                                              22         
         22  22  22  22  22  22  22  22  22  22  22  22  22  22  22  22  22  22  22  22  22         
