         13  13  13  13  13  13  13  13  13  13  13  13  13  13  13  13  13  13  13  13  13  13  13  13  13  13  13  13  13  13  13 
         13                                                                                                                      13 
         13      18  18  18  18  18  18  18  18  18  18  18  18  18  18  18  18  18  18  18  18  18  18  18  18  18  18  18      13 
         13      18                                                                                                      18      13 
         13      18      16  16  16  16  16  16  16  16  16  16  16  16  16  16  16  16  16  16  16  16  16  16  16      18      13 
         13      18      16                                                                                      16      18      13 
         13      18      16      10  10  10  10  10  10  10                                                      16      18      13 
         13      18      16      10                      10                                                      16      18      13 
         13      18      16  16  -1  17  17              10                                                      16      18      13 
         13      18               9      17              10                                                      16      18      13 
         13      18               9      17              10      20  20  20  20  20  20  20  20  20  20  20      16      18      13 
         13      18               9      17              10      20                                      20      16      18      13 
         13      18               9      17              10      20                      15  15  15      20      16      18      13 
         13      18               9      17              10      20                      15      15      20      16      18      13 
         13      18  18  18  18  -2  17  17              10      20      22  22  22  22  -1  21  -2  20  20      16      18      13 
         13                       8                      10      20      22              14      16              16      18      13 
         13                       8                      10      20      22              14      16  16  16  16  16      18      13 
         13                       8                      10      20      22              14                              18      13 
         13  13  13  13  13  13  -2  12  12  12  12      10      20  20  -1  19  19  19  -2  18  18  18  18  18  18  18  18      13 
                                  7              12      10               5              13                                      13 
                                  7              12      10               5              13  13  13  13  13  13  13  13  13  13  13 
                                  7              12      10               5                                                         
  2   2   2   2   2   2   2   2  -1   1   1   1  -2   4  -1   3   3   3  -2   2   2                                                 
  2                               6              11      11               6       2                                                 
  2                               6              11  11  11               6       2                                                 
  2                               6                                       6       2                                                 
  2                               6   6   6   6   6   6   6   6   6   6   6       2                                                 
  2                                                                               2                                                 
  2   2   2   2   2   2   2   2   2   2   2   2   2   2   2   2   2   2   2   2   2                                                 
