 19  19  19  19  19  19  19  19  19  19  19  19  19  19  19  19  19  19  19  19  19                                 
 19                                                                              19                                 
 19      22  22  22  22  22  22  22  22  22  22  22  22  22  22  22  22  22      19                                 
 19      22                                                              22      19                                 
 19      22      20  20  20  20  20  20  20  20  20  20  20  20  20      22      19                                 
 19      22      20                                              20      22      19                                 
 19      22      20                      15  15  15  15  15      20      22      19                                 
 19      22      20                      15              15      20      22      19                                 
 19      22      20                      15      21  21  -1  20  20      22      19                                 
 19      22      20                      15      21      16              22      19                                 
 19      22      20                      15      21  21  -2  22  22  22  22      19                                 
 19      22      20                      15              17                      19                                 
 19      22      20       2   2   2      15              17                      19                                 
 19      22      20       2       2      15              17                      19                                 
 19      22      20       2       2      15              17                      19      13  13  13  13  13  13  13 
 19      22      20       2       2      15              17                      19      13                      13 
 19      22      20       2       2      15              17                      19      13       4   4   4      13 
 19      22      20       2       2      15              17                      19      13       4       4      13 
 19      22  22  -1   5  -1   6  -2   7  -1   8   8   8  -2   9   9   9   9   9  -1  10  -2  11  -1  12  -2  13  13 
 19              19       3       1      14              18                      18      14       1       3         
 19  19  19  19  19       3       1      14              18                      18      14       1       3         
                          3       1      14              18                      18      14       1       3         
                          3       1      14              18  18  18  18  18  18  18      14       1       3         
                          3       1      14                                              14       1       3         
                          3       1      14  14  14  14  14  14  14  14  14  14  14  14  14       1       3         
                          3       1                                                               1       3         
                          3       1   1   1   1   1   1   1   1   1   1   1   1   1   1   1   1   1       3         
                          3                                                                               3         
                          3   3   3   3   3   3   3   3   3   3   3   3   3   3   3   3   3   3   3   3   3         
