                  8   8   8   8   8   8   8   8   8   8   8   8   8   8   8   8   8   8   8   8   8   8   8   8   8   8   8   8   8   8   8   8   8 
                  8                                                                                                                               8 
                  8      17  17  17  17  17  17  17  17  17  17  17  17  17  17  17  17  17  17  17  17  17  17  17  17  17  17  17  17  17       8 
                  8      17                                                                                                              17       8 
                  8      17      11  11  11  11  11  11  11  11  11  11  11  11  11  11  11  11  11  11  11  11  11  11  11  11  11      17       8 
                  8      17      11                                                                                              11      17       8 
                  8      17      11      13  13  13  13  13  13  13  13  13  13  13  13  13  13  13  13  13  13  13  13  13      11      17       8 
                  8      17      11      13                                                                              13      11      17       8 
                  8      17      11      13      15  15  15  15  15  15  15  15  15  15  15  15  15  15  15  15  15      13      11      17       8 
                  8      17      11      13      15                                                              15      13      11      17       8 
                  8      17      11      13      15      20  20  20  20  20  20  20  20  20  20  20  20  20      15      13      11      17       8 
                  8      17      11      13      15      20                                              20      15      13      11      17       8 
                  8      17      11      13      15      20                                      14  14  -1  15  15      13      11      17       8 
                  8      17      11      13      15      20                                      14      19              13      11      17       8 
                  8      17      11      13      15      20                                      14  14  -2  13  13  13  13      11      17       8 
                  8      17      11      13      15      20                                              18                      11      17       8 
                  8      17      11      13      15      20       9   9   9   9   9   9   9              18                      11      17       8 
                  8      17      11      13      15      20       9                       9              18                      11      17       8 
                  8      17      11      13      15      20  20  -1  21  21  21  21  21  -2  22  22  22  -1  11  11  11  11  11  11      17       8 
                  8      17      11      13      15              10                       8              17                              17       8 
                  8      17      11      13      15              10                       8              17  17  17  17  17  17  17  17  17       8 
                  8      17      11      13      15              10                       8                                                       8 
                  8      17      11      13      15              10                       8   8   8   8   8   8   8   8   8   8   8   8   8   8   8 
                  8      17      11      13      15              10                                                                                 
 16  16  16  16  -1  17  17      11      13      15  15  15  15  -2  16  16  16  16                                                                 
 16               7              11      13                       5              16                                                                 
 16       2   2  -1   1   1   1  -1   4  -2   3   3   3   3   3  -2   2   2      16                                                                 
 16       2       6              12      12                       6       2      16                                                                 
 16       2       6              12  12  12                       6       2      16                                                                 
 16       2       6                                               6       2      16                                                                 
 16       2       6   6   6   6   6   6   6   6   6   6   6   6   6       2      16                                                                 
 16       2                                                               2      16                                                                 
 16       2   2   2   2   2   2   2   2   2   2   2   2   2   2   2   2   2      16                                                                 
 16                                                                              16                                                                 
 16  16  16  16  16  16  16  16  16  16  16  16  16  16  16  16  16  16  16  16  16                                                                 
