                         15  15  15  15  15  15  15  15  15  15  15  15  15  15  15  15  15  15  15  15  15  15  15  15  15  15  15 
                         15                                                                                                      15 
                         15       9   9   9   9   9   9   9   9   9   9   9   9   9   9   9   9   9   9   9   9   9   9   9      15 
                         15       9                                                                                       9      15 
                         15       9                                                       2   2   2                       9      15 
                         15       9                                                       2       2                       9      15 
                         15       9                                                       2       2      16  16  16       9      15 
                         15       9                                                       2       2      16      16       9      15 
                         15       9              20  20  20  20  20  20  20  20  20       2       2      16      16       9      15 
                         15       9              20                              20       2       2      16      16       9      15 
                         15       9   9   9   9  -2  10  10  10  10  10  10  10  -1   5  -1   6  -2   7  -2   8  -1   9   9      15 
                         15                      21                              19       3       1      17      15              15 
                         15                      21                              19       3       1      17      15  15  15  15  15 
                         15                      21                              19       3       1      17                         
                         15  15  15  15  15  15  -1  14  14  14  14  14  14      19       3       1      17                         
                                                 22                      14      19       3       1      17                         
 17  17  17  17  17  17  17  17  17  17  17  17  -2  18  18  18  18      14      19       3       1      17                         
 17                                              11              18      14      19       3       1      17                         
 17       1   1   1   1   1   1   1   1   1   1  -2   4   4      18      14      19       3       1      17                         
 17       1                                      12       4      18      14      19       3       1      17                         
 17       1       3   3   3   3   3   3   3   3  -1   4   4      18      14      19       3       1      17                         
 17       1       3                              13              18      14      19       3       1      17                         
 17       1       3                      19  19  -1  18  18  18  18      14      19       3       1      17                         
 17       1       3                      19      14                      14      19       3       1      17                         
 17       1       3                      19      14  14  14  14  14  14  14      19       3       1      17                         
 17       1       3                      19                                      19       3       1      17                         
 17       1       3                      19  19  19  19  19  19  19  19  19  19  19       3       1      17                         
 17       1       3                                                                       3       1      17                         
 17       1       3   3   3   3   3   3   3   3   3   3   3   3   3   3   3   3   3   3   3       1      17                         
 17       1                                                                                       1      17                         
 17       1   1   1   1   1   1   1   1   1   1   1   1   1   1   1   1   1   1   1   1   1   1   1      17                         
 17                                                                                                      17                         
 17  17  17  17  17  17  17  17  17  17  17  17  17  17  17  17  17  17  17  17  17  17  17  17  17  17  17                         
