  9   9   9   9   9   9   9   9   9   9   9   9   9   9   9   9   9   9   9   9   9   9   9   9   9   9   9   9   9         
  9                                                                                                               9         
  9      11  11  11  11  11  11  11  11  11  11  11  11  11  11  11  11  11  11  11  11  11  11  11  11  11       9         
  9      11                                                                                              11       9         
  9      11                                       6   6   6   6   6   6   6   6   6   6   6   6   6      11       9         
  9      11                                       6                                               6      11       9         
  9      11                                       6      16  16  16  16  16  16  16  16  16       6      11       9         
  9      11                                       6      16                              16       6      11       9         
  9      11                                       6   6  -2   5   5   5   5   5   5      16       6      11       9         
  9      11                                              17                       5      16       6      11       9         
  9      11      19  19  19  19  19  19  19              17                       5      16       6      11       9         
  9      11      19                      19              17                       5      16       6      11       9         
  9      11      19      10  10  10      19              17                       5      16       6      11       9         
  9      11      19      10      10      19              17                       5      16       6      11       9         
  9      11      19  19  -2  20  -1  21  -2  22  22  22  -1  15  15  15  15  15  -2  16  16       6      11       9         
  9      11              11       9      18              18                      14               6      11       9         
  9      11              11       9      18  18  18  18  18                      14               6      11       9         
  9      11              11       9                                              14               6      11       9         
  9      11  11  11  11  11       9                                              14               6      11       9         
  9                               9                                              14               6      11       9         
  9   9   9   9   9   9   9   9   9                                              14               6      11       9         
                                                                                 14               6      11       9         
                                                                  4   4   4   4  -2   1   1   1  -1   2  -2   3  -1   4   4 
                                                                  4              13               7      12       8       4 
                                                                  4       8   8  -1   7   7   7   7      12       8       4 
                                                                  4       8      12                      12       8       4 
                                                                  4       8      12  12  12  12  12  12  12       8       4 
                                                                  4       8                                       8       4 
                                                                  4       8   8   8   8   8   8   8   8   8   8   8       4 
                                                                  4                                                       4 
                                                                  4   4   4   4   4   4   4   4   4   4   4   4   4   4   4 
