                                          1   1   1   1   1   1   1   1   1   1   1   1   1   1   1   1   1   1   1   1   1   1   1   1   1 
                                          1                                                                                               1 
                                          1                      15  15  15  15  15  15  15  15  15  15  15  15  15  15  15  15  15       1 
                                          1                      15                                                              15       1 
                                          1                      15       8   8   8   8   8   8   8   8   8   8   8   8   8      15       1 
                                          1                      15       8                                               8      15       1 
                                          1                      15       8      14  14  14  14  14  14  14  14  14       8      15       1 
                                          1                      15       8      14                              14       8      15       1 
                                          1                      15       8      14               2   2   2      14       8      15       1 
                                          1                      15       8      14               2       2      14       8      15       1 
                                          1                      15       8   8  -1   5   5   5  -1   6  -2   7  -2   8   8      15       1 
                                          1                      15              13               3       1      15              15       1 
                                          1                      15              13               3       1      15  15  15  15  15       1 
                                          1                      15              13               3       1                               1 
                                          1                      15              13               3       1   1   1   1   1   1   1   1   1 
                                          1                      15              13               3                                         
  3   3   3   3   3   3   3   3   3       1                      15              13               3                                         
  3                               3       1                      15              13               3                                         
  3                               3       1      17  17  17      15              13               3                                         
  3                               3       1      17      17      15              13               3                                         
  3      19  19  19  19  19       3       1      17      17      15              13               3                                         
  3      19              19       3       1      17      17      15              13               3                                         
  3      19      12  12  -1  11  -1  10  -2   9  -2  22  -1  21  -2  20  20  20  -1  19  19       3                                         
  3      19      12      18       4       4      18      16      16              12      19       3                                         
  3      19      12      18       4       4      18      16  16  16              12      19       3                                         
  3      19      12      18       4       4      18                              12      19       3                                         
  3      19      12      18       4   4   4      18                              12      19       3                                         
  3      19      12      18                      18                              12      19       3                                         
  3      19      12      18  18  18  18  18  18  18                              12      19       3                                         
  3      19      12                                                              12      19       3                                         
  3      19      12  12  12  12  12  12  12  12  12  12  12  12  12  12  12  12  12      19       3                                         
  3      19                                                                              19       3                                         
  3      19  19  19  19  19  19  19  19  19  19  19  19  19  19  19  19  19  19  19  19  19       3                                         
  3                                                                                               3                                         
  3   3   3   3   3   3   3   3   3   3   3   3   3   3   3   3   3   3   3   3   3   3   3   3   3                                         
