  6   6   6   6   6   6   6   6   6                                                         
  6                               6                                                         
  6      17  17  17  17  17  17  -1  16  16  16  16  16  16  16  16  16  16  16  16         
  6      17                       5                                              16         
  6      17              12  12  -1  11  11  11  11  11  11  11  11  11  11      16         
  6      17              12       4                                      11      16         
  6      17              12  12  -2  13  13  13  13  13  13  13  13      11      16         
  6      17                       3                              13      11      16         
  6      17                       3      10  10  10  10  10      13      11      16         
  6      17                       3      10              10      13      11      16         
  6      17       8   8   8   8  -1   7  -2  22  22      10      13      11      16         
  6      17       8               2       9      22      10      13      11      16         
  6      17       8   8   8   8  -2   9   9      22      10  10  -2  11  11      16         
  6      17                       1              22              14              16         
  6      17                       1      22  22  22              14              16         
  6      17                       1      22                      14              16         
  6      17  17  17  17  17  17  -2  18  -2  19  19  19  19  19  -1  20  20  20  -2  21  21 
  6                               6      21                      15              15      21 
  6                               6      21                      15  15  15  15  15      21 
  6                               6      21                                              21 
  6                               6      21  21  21  21  21  21  21  21  21  21  21  21  21 
  6                               6                                                         
  6   6   6   6   6   6   6   6   6                                                         
