                                                          9   9   9   9   9   9   9   9   9   9   9   9   9 
                                                          9                                               9 
                                                          9       4   4   4   4   4   4   4   4   4       9 
                                                          9       4                               4       9 
                                                          9   9  -1   8   8   8   8   8   8       4       9 
                                                                  3                       8       4       9 
         13  13  13  13  13  13  13  13  13  13  13  13  13  13  -2  14  14  14  14       8       4       9 
         13                                                       2              14       8       4       9 
         13       6   6   6   6   6   6   6   6   6   6   6   6  -2   7   7      14       8       4       9 
         13       6                                               1       7      14       8       4       9 
         13       6      10  10  10  10  10  10  10               1       7      14       8       4       9 
         13       6      10                      10               1       7      14       8       4       9 
         13       6      10      22  22  22      10               1       7      14       8       4       9 
         13       6      10      22      22      10               1       7      14       8       4       9 
         13       6   6  -2   5  -1  18  -2  17  -1  16  16  16  -1  15  -2  14  14       8       4       9 
         13              11      21      19       9               4       8               8       4       9 
         13              11      21      19       9               4       8   8   8   8   8       4       9 
         13              11      21      19       9               4                               4       9 
         13              11      21      19       9               4   4   4   4   4   4   4   4   4       9 
         13              11      21      19       9                                                       9 
         13              11      21      19       9   9   9   9   9   9   9   9   9   9   9   9   9   9   9 
         13              11      21      19                                                                 
 19  19  -2  20  20  20  -1  21  21      19                                                                 
 19      12              12              19                                                                 
 19      12  12  12  12  12              19                                                                 
 19                                      19                                                                 
 19  19  19  19  19  19  19  19  19  19  19                                                                 
