 13  13  13  13  13  13  13  13  13  13  13  13  13  13  13  13  13  13  13  13  13  13  13  13  13  13  13  13  13                         
 13                                                                                                              13                         
 13       6   6   6   6   6   6   6   6   6   6   6   6   6   6   6   6   6   6   6   6   6   6   6   6   6      13                         
 13       6                                                                                               6      13                         
 13       6      21  21  21  21  21  21  21  21  21  21  21  21  21  21  21  21  21  21  21  21  21       6      13                         
 13       6      21                                                                              21       6      13                         
 13       6      21      17  17  17  17  17  17  17  17  17  17  17  17  17  17  17  17  17      21       6      13                         
 13       6      21      17                                                              17      21       6      13                         
 13       6      21      17      10  10  10  10  10  10  10  10  10                      17      21       6      13                         
 13       6      21      17      10                              10                      17      21       6      13                         
 13       6      21      17      10      18  18  18              10                      17      21       6      13                         
 13       6      21      17      10      18      18              10                      17      21       6      13                         
 13       6      21      17      10  10  -1  11  -2  12  12      10                      17      21       6      13                         
 13       6      21      17              17       5      12      10                      17      21       6      13                         
 13       6      21      17  17  17  17  17       5      12      10                      17      21       6      13                         
 13       6      21                               5      12      10                      17      21       6      13                         
 13       6      21  21  21  21  21  21  21  21  -1  20  -2  19  -1  22  22  22  22  22  -2  21  21       6      13                         
 13       6                                       6      13       9                      16               6      13                         
 13       6   6   6   6   6   6   6   6   6   6   6      13       9                      16               6      13                         
 13                                                      13       9                      16               6      13                         
 13  13  13  13  13  13  13  13  13  13  13  13  13  13  13       9                      16               6      13                         
                                                                  9                      16               6      13                         
                                                                  9                      16               6      13       9   9   9   9   9 
                                                                  9                      16               6      13       9               9 
                                                                  9       4   4   4   4  -2   1   1   1  -1   2  -2   3  -1   4   4       9 
                                                                  9       4              15               7      14       8       4       9 
                                                                  9       4       8   8  -1   7   7   7   7      14       8       4       9 
                                                                  9       4       8      14                      14       8       4       9 
                                                                  9       4       8      14  14  14  14  14  14  14       8       4       9 
                                                                  9       4       8                                       8       4       9 
                                                                  9       4       8   8   8   8   8   8   8   8   8   8   8       4       9 
                                                                  9       4                                                       4       9 
                                                                  9       4   4   4   4   4   4   4   4   4   4   4   4   4   4   4       9 
                                                                  9                                                                       9 
                                                                  9   9   9   9   9   9   9   9   9   9   9   9   9   9   9   9   9   9   9 
