                                         20  20  20  20  20  20  20  20  20  20  20  20  20  20  20  20  20  20  20  20  20  20  20  20  20  20  20 
                                         20                                                                                                      20 
                                         20      22  22  22  22  22  22  22  22  22  22  22  22  22  22  22  22  22  22  22  22  22  22  22      20 
                                         20      22                                                                                      22      20 
                                         20      22      19  19  19  19  19  19  19  19  19  19  19  19  19  19  19  19  19  19  19      22      20 
                                         20      22      19                                                                      19      22      20 
                                         20      22      19       3   3   3   3   3   3   3   3   3   3   3   3   3   3   3      19      22      20 
                                         20      22      19       3                                                       3      19      22      20 
                                         20      22      19       3                               6   6   6   6   6       3      19      22      20 
                                         20      22      19       3                               6               6       3      19      22      20 
                                         20      22      19       3      10  10  10  10  10       6               6       3      19      22      20 
                                         20      22      19       3      10              10       6               6       3      19      22      20 
                                         20      22      19       3   3  -1   4   4   4  -2   1  -1   2   2   2  -2   3   3      19      22      20 
                                         20      22      19              11               9       7               5              19      22      20 
                                         20      22      19  19  19  19  -1  18  18       9       7      20  20  -1  19  19  19  19      22      20 
                                         20      22                      12      18       9       7      20      22                      22      20 
                                         20      22                      12      18       9       7      20      22  22  22  22  22  22  22      20 
                                         20      22                      12      18       9       7      20                                      20 
                                         20      22                      12      18       9       7      20  20  20  20  20  20  20  20  20  20  20 
                                         20      22                      12      18       9       7                                                 
  7   7   7   7   7   7   7   7   7      20      22                      12      18       9       7                                                 
  7                               7      20      22                      12      18       9       7                                                 
  7       9   9   9   9   9       7      20      22                      12      18       9       7                                                 
  7       9               9       7      20      22                      12      18       9       7                                                 
  7       9      13  13  -1  14  -2  15  -1  16  -2  17  17  17  17  17  -2  18  18       9       7                                                 
  7       9      13       8       8      21      21                      13               9       7                                                 
  7       9      13       8       8      21  21  21                      13               9       7                                                 
  7       9      13       8       8                                      13               9       7                                                 
  7       9      13       8   8   8                                      13               9       7                                                 
  7       9      13                                                      13               9       7                                                 
  7       9      13  13  13  13  13  13  13  13  13  13  13  13  13  13  13               9       7                                                 
  7       9                                                                               9       7                                                 
  7       9   9   9   9   9   9   9   9   9   9   9   9   9   9   9   9   9   9   9   9   9       7                                                 
  7                                                                                               7                                                 
  7   7   7   7   7   7   7   7   7   7   7   7   7   7   7   7   7   7   7   7   7   7   7   7   7                                                 
