                                                                          4   4   4   4   4   4   4   4   4 
                                                                          4                               4 
  9   9   9   9   9   9   9   9   9   9   9   9   9   9   9   9   9   9  -1   8   8   8   8   8   8       4 
  9                                                                       3                       8       4 
  9      17  17  17  17  17  17  17  17  17  17  17  17  17  17  17  17  -2  18  18  18  18       8       4 
  9      17                                                               2              18       8       4 
  9      17       6   6   6   6   6   6   6   6   6   6   6   6   6   6  -2   7   7      18       8       4 
  9      17       6                                                       1       7      18       8       4 
  9      17       6      12  12  12  12  12  12  12  12  12  12  12       1       7      18       8       4 
  9      17       6      12                                      12       1       7      18       8       4 
  9      17       6      12      14  14  14  14  14              12       1       7      18       8       4 
  9      17       6      12      14              14              12       1       7      18       8       4 
  9      17       6   6  -2   5  -1  22  22  22  -2  21  21  21  -1  20  -1  19  -2  18  18       8       4 
  9      17              13      13              15              11       4       8               8       4 
  9      17              13  13  13              15              11       4       8               8       4 
  9      17                                      15              11       4       8               8       4 
  9      17                                      15              11       4       8   8   8   8   8       4 
  9      17                                      15              11       4                               4 
  9      17                                      15              11       4   4   4   4   4   4   4   4   4 
  9      17                                      15              11                                         
  9      17                              10  10  -1  11  11  11  11                                         
  9      17                              10      16                                                         
  9      17                              10  10  -2   9   9                                                 
  9      17                                      17       9                                                 
  9      17  17  17  17  17  17  17  17  17  17  17       9                                                 
  9                                                       9                                                 
  9   9   9   9   9   9   9   9   9   9   9   9   9   9   9                                                 
