  4   4   4   4   4   4   4   4   4   4   4   4   4 
  4                                               4 
  4               6   6   6                       4 
  4               6       6                       4 
  4               6       6       9   9   9       4 
  4               6       6       9       9       4 
  4   4   4   4  -2   1  -1   2  -2   3  -1   4   4 
                  5       7      10       8         
          8   8  -1   7   7      10       8         
          8      10              10       8         
          8      10  10  10  10  10       8         
          8                               8         
          8   8   8   8   8   8   8   8   8         
