  3   3   3   3   3   3   3   3   3   3   3   3   3   3   3 
  3                                                       3 
  3                               6   6   6               3 
  3                               6       6               3 
  3              10  10  10       6       6               3 
  3              10      10       6       6               3 
  3   3   3   3  -1   4  -2   1  -1   2  -2   3   3   3   3 
                 11       9       7       5                 
          8   8  -2   9   9       7   7  -1   8   8         
          8      12                      12       8         
          8      12  12  12  12  12  12  12       8         
          8                                       8         
          8   8   8   8   8   8   8   8   8   8   8         
