  4   4   4   4   4   4   4   4   4   4   4   4   4   4   4 
  4                                                       4 
  4      11  11  11  11  11  11  11  11  11  11  11       4 
  4      11                                      11       4 
  4      11                       7   7   7      11       4 
  4      11                       7       7      11       4 
  4      11       9   9   9       7       7      11       4 
  4      11       9       9       7       7      11       4 
  4   4  -1   3  -2   2  -1   1  -2   6  -1   5  -2   4   4 
         10      10       8       8      12      12         
         10      10       8       8      12  12  12         
         10      10       8       8                         
         10  10  10       8       8                         
                          8       8                         
                          8   8   8                         
