          9   9   9   9   9   9   9   9   9   9   9   9   9   9   9 
          9                                                       9 
          9       1   1   1   1   1   1   1   1   1   1   1       9 
          9       1                                       1       9 
          9       1              10  10  10  10  10       1       9 
          9       1              10              10       1       9 
          9       1       3   3  -1   4   4   4  -2   1   1       9 
          9       1       3      11               9               9 
          9       1       3      11               9   9   9   9   9 
          9       1       3      11                                 
  8   8  -1   7  -2   6  -1   5  -2   8   8                         
  8      12       2       2      12       8                         
  8      12       2   2   2      12       8                         
  8      12                      12       8                         
  8      12  12  12  12  12  12  12       8                         
  8                                       8                         
  8   8   8   8   8   8   8   8   8   8   8                         
