  4   4   4   4   4   4   4   4   4                         
  4                               4                         
  4      11  11  11  11  11       4                         
  4      11              11       4                         
  4      11              11       4      12  12  12  12  12 
  4      11              11       4      12              12 
  4      11       6   6  -2   5  -1   8  -1   7   7      12 
  4      11       6      10       3       9       7      12 
  4      11       6      10  10  -2   9   9       7      12 
  4      11       6               2               7      12 
  4      11       6   6   6   6  -2   7   7   7   7      12 
  4      11                       1                      12 
  4      11  11  11  11  11  11  -1  12  12  12  12  12  12 
  4                               4                         
  4   4   4   4   4   4   4   4   4                         
