                                          4   4   4   4   4   4   4   4   4 
                                          4                               4 
 14  14  14  14  14  14  14  14  14       4                               4 
 14                              14       4                               4 
 14       6   6   6   6   6      14       4                               4 
 14       6               6      14       4                               4 
 14       6               6      14       4      13  13  13  13  13       4 
 14       6               6      14       4      13              13       4 
 14       6      11  11  -2  10  -1   9  -2   8  -1   7   7      13       4 
 14       6      11       5       5       3      12       7      13       4 
 14       6      11       5   5   5       3      12       7      13       4 
 14       6      11                       3      12       7      13       4 
 14       6      11  11  11  11  11  11  -1  12  12       7      13       4 
 14       6                               2               7      13       4 
 14       6   6   6   6   6   6   6   6  -2   7   7   7   7      13       4 
 14                                       1                      13       4 
 14  14  14  14  14  14  14  14  14  14  -1  13  13  13  13  13  13       4 
                                          4                               4 
                                          4   4   4   4   4   4   4   4   4 
