  3   3   3   3   3   3   3   3   3   3   3   3   3   3   3   3   3   3   3   3   3 
  3                                                                               3 
  3                                               6   6   6   6   6               3 
  3                                               6               6               3 
  3      10  10  10  10  10  10  10               6               6               3 
  3      10                      10               6               6               3 
  3   3  -1   4   4   4   4   4  -2   1   1   1  -1   2   2   2  -2   3   3   3   3 
         11                       9               7               5                 
         11      14  14  14  14  -1  13  13       7      12  12  -1  11  11         
         11      14               8      13       7      12      14      11         
         11      14      12  12  -2  13  13       7      12      14      11         
         11      14      12       7               7      12      14      11         
         11      14      12       7   7   7   7   7      12      14      11         
         11      14      12                              12      14      11         
         11      14      12  12  12  12  12  12  12  12  12      14      11         
         11      14                                              14      11         
         11      14  14  14  14  14  14  14  14  14  14  14  14  14      11         
         11                                                              11         
         11  11  11  11  11  11  11  11  11  11  11  11  11  11  11  11  11         
