  8   8   8   8   8   8   8   8   8   8   8   8   8   8   8   8   8 
  8                                                               8 
  8      13  13  13  13  13  13  13  13  13  13  13  13  13       8 
  8      13                                              13       8 
  8      13                               2   2   2      13       8 
  8      13                               2       2      13       8 
  8      13       9   9   9   9   9       2       2      13       8 
  8      13       9               9       2       2      13       8 
  8      13  13  -1  14  14  14  -2   5  -1   6  -2   7  -1   8   8 
  8               8              10       3       1      12         
  8   8   8   8   8              10       3       1      12         
                                 10       3       1      12         
                          4   4  -1   3   3       1      12         
                          4      11               1      12         
                          4   4  -2   1   1   1   1      12         
                                 12                      12         
                                 12  12  12  12  12  12  12         
