                          3   3   3   3   3   3   3   3   3   3   3   3   3 
                          3                                               3 
                          3                       6   6   6               3 
                          3                       6       6               3 
                          3      11  11  11       6       6               3 
                          3      11      11       6       6               3 
                          3   3  -1   4  -2   1  -1   2  -2   3   3   3   3 
                                 10      12       7       5                 
  8   8   8   8   8              10      12       7       5                 
  8               8              10      12       7       5                 
  8      14  14  -1  13  13  13  -2  12  12       7   7  -1   8   8         
  8      14       9               9                      14       8         
  8      14       9   9   9   9   9                      14       8         
  8      14                                              14       8         
  8      14  14  14  14  14  14  14  14  14  14  14  14  14       8         
  8                                                               8         
  8   8   8   8   8   8   8   8   8   8   8   8   8   8   8   8   8         
