  6   6   6   6   6   6   6   6   6   6   6   6   6   6   6   6   6 
  6                                                               6 
  6      10  10  10  10  10  10  10  10  10                       6 
  6      10                              10                       6 
  6      10       8   8   8   8   8      10                       6 
  6      10       8               8      10                       6 
  6      10       8               8      10      13  13  13       6 
  6      10       8               8      10      13      13       6 
  6   6  -2   1  -1   2   2   2  -2   3  -1   4  -2   5  -1   6   6 
          9       9               7      11      14      12         
          9   9   9               7      11      14      12         
                                  7      11      14      12         
                         12  12  -1  11  11      14      12         
                         12      14              14      12         
                         12      14  14  14  14  14      12         
                         12                              12         
                         12  12  12  12  12  12  12  12  12         
