  3   3   3   3   3   3   3   3   3   3   3   3   3   3   3   3   3 
  3                                                               3 
  3                                       8   8   8               3 
  3                                       8       8               3 
  3      11  11  11                       8       8               3 
  3      11      11                       8       8               3 
  3      11      11      13  13  13       8       8               3 
  3      11      11      13      13       8       8               3 
  3   3  -1   4  -2   5  -1   6  -2   1  -1   2  -2   3   3   3   3 
         10      12      12      14       9       7                 
         10      12  12  12      14       9       7                 
         10                      14       9       7                 
         10                      14       9   9  -1  10  10         
         10                      14              14      10         
         10                      14  14  14  14  14      10         
         10                                              10         
         10  10  10  10  10  10  10  10  10  10  10  10  10         
