  4   4   4   4   4   4   4   4   4   4   4   4   4   4   4   4   4   4   4   4   4 
  4                                                                               4 
  4              10  10  10  10  10  10  10  10  10  10  10  10  10  10  10       4 
  4              10                                                      10       4 
  4              10               6   6   6   6   6                      10       4 
  4              10               6               6                      10       4 
  4   4   4   4  -2   1   1   1  -1   2   2   2  -2   3   3   3   3   3  -1   4   4 
                  9               7               5                      11         
         11  11  -1  12  12       7      13  13  -1  14  14  14  14      11         
         11      14      12       7      13       8              14      11         
         11      14      12       7      13  13  -2  12  12      14      11         
         11      14      12       7               7      12      14      11         
         11      14      12       7   7   7   7   7      12      14      11         
         11      14      12                              12      14      11         
         11      14      12  12  12  12  12  12  12  12  12      14      11         
         11      14                                              14      11         
         11      14  14  14  14  14  14  14  14  14  14  14  14  14      11         
         11                                                              11         
         11  11  11  11  11  11  11  11  11  11  11  11  11  11  11  11  11         
