         14  14  14  14  14  14  14  14  14  14  14  14  14  14  14         
         14                                                      14         
         14       6   6   6   6   6   6   6   6   6   6   6      14         
         14       6                                       6      14         
         14       6      11  11  11  11  11               6      14         
         14       6      11              11               6      14         
         14       6      11       5   5  -2   6   6   6   6      14         
         14       6      11       5      10                      14         
         14       6      11       5   5  -1  14  14  14  14  14  14         
         14       6      11               9                                 
  4   4  -1   1  -1   2  -2   3   3   3  -2   4   4   4   4   4   4   4   4 
  4      13       7      12               8                               4 
  4      13       7      12  12  12  12  -2  13  13                       4 
  4      13       7                       7      13                       4 
  4      13       7   7   7   7   7   7   7      13                       4 
  4      13                                      13                       4 
  4      13  13  13  13  13  13  13  13  13  13  13                       4 
  4                                                                       4 
  4   4   4   4   4   4   4   4   4   4   4   4   4   4   4   4   4   4   4 
