         13  13  13  13  13  13  13  13  13  13  13  13  13  13  13  13  13         
         13                                                              13         
         13      15  15  15  15  15  15  15  15  15  15  15  15  15      13         
         13      15                                              15      13         
         13      15                       6   6   6   6   6      15      13         
         13      15                       6               6      15      13         
         13      15                       6      14  14  -2  15  15      13         
         13      15                       6      14       5              13         
 16  16  -1  15  15                       6      14  14  -1  13  13  13  13         
 16      12                               6               4                         
 16      12               2   2   2       6               4                         
 16      12               2       2       6               4                         
 16  16  -2   7   7   7  -1   8  -2   9  -1  10  10  10  -2  11  11  11  11  11  11 
         11               3       1       1               3                      11 
         11               3       1   1   1               3                      11 
         11               3                               3                      11 
         11               3   3   3   3   3   3   3   3   3                      11 
         11                                                                      11 
         11  11  11  11  11  11  11  11  11  11  11  11  11  11  11  11  11  11  11 
