  4   4   4   4   4   4   4   4   4   4   4   4   4   4   4   4   4   4   4 
  4                                                                       4 
  4      13  13  13  13  13  13  13  13  13  13  13                       4 
  4      13                                      13                       4 
  4      13       9   9   9   9   9   9   9      13                       4 
  4      13       9                       9      13                       4 
  4      13       9      11  11  11       9      13                       4 
  4      13       9      11      11       9      13                       4 
  4      13       9      11      11       9      13      15  15  15       4 
  4      13       9      11      11       9      13      15      15       4 
  4   4  -1   3  -2   2  -1   1  -2   8  -1   7  -2   6  -1   5  -2   4   4 
         12      10      10      12      16      14      14      16         
         12      10      10      12      16      14  14  14      16         
         12      10      10      12      16                      16         
         12      10      10      12      16  16  16  16  16  16  16         
         12      10      10      12                                         
         12      10  10  10      12                                         
         12                      12                                         
         12  12  12  12  12  12  12                                         
