  3   3   3   3   3   3   3   3   3   3   3   3   3   3   3   3   3   3   3   3   3   3   3   3   3 
  3                                                                                               3 
  3                                                               6   6   6   6   6               3 
  3                                                               6               6               3 
  3                                      12  12  12               6               6               3 
  3                                      12      12               6               6               3 
  3   3   3   3   3   3   3   3   3   3  -1   4  -2   1   1   1  -1   2   2   2  -2   3   3   3   3 
                                         13      11               7               5                 
         13  13  13  13  13  13  13  13  13      11               7               5                 
         13                                      11               7               5                 
         13      10  10  10  10  10  10  10  10  -1   9   9       7      14  14  -1  13  13         
         13      10                              16       9       7      14      10      13         
         13      10      14  14  14  14  14      16       9       7      14      10      13         
         13      10      14              14      16       9       7      14      10      13         
         13      10      14       7   7  -1   8  -2   9   9       7      14      10      13         
         13      10      14       7      15      15               7      14      10      13         
         13      10      14       7      15  15  15               7      14      10      13         
         13      10      14       7                               7      14      10      13         
         13      10      14       7   7   7   7   7   7   7   7   7      14      10      13         
         13      10      14                                              14      10      13         
         13      10      14  14  14  14  14  14  14  14  14  14  14  14  14      10      13         
         13      10                                                              10      13         
         13      10  10  10  10  10  10  10  10  10  10  10  10  10  10  10  10  10      13         
         13                                                                              13         
         13  13  13  13  13  13  13  13  13  13  13  13  13  13  13  13  13  13  13  13  13         
