                                          3   3   3   3   3   3   3   3   3   3   3   3   3   3   3   3   3 
                                          3                                                               3 
                                          3              11  11  11  11  11  11  11  11  11  11  11       3 
                                          3              11                                      11       3 
                                          3              11                       4   4   4      11       3 
                                          3              11                       4       4      11       3 
                                          3      16  16  -2   9   9   9   9   9  -1  10  -2  11  11       3 
                                          3      16      12                       1       3               3 
                                          3      16      12                       1       3   3   3   3   3 
                                          3      16      12                       1                         
                                          3      16  16  -1  15  15  15  15       1                         
                                          3              13              15       1                         
  1   1   1   1   1   1   1   1   1       3              13              15       1                         
  1                               1       3              13              15       1                         
  1      15  15  15  15  15       1       3              13              15       1                         
  1      15              15       1       3              13              15       1                         
  1      15       8   8  -1   7  -2   6  -1   5   5   5  -2   8   8      15       1                         
  1      15       8      14       2       2              14       8      15       1                         
  1      15       8      14       2   2   2              14       8      15       1                         
  1      15       8      14                              14       8      15       1                         
  1      15       8      14  14  14  14  14  14  14  14  14       8      15       1                         
  1      15       8                                               8      15       1                         
  1      15       8   8   8   8   8   8   8   8   8   8   8   8   8      15       1                         
  1      15                                                              15       1                         
  1      15  15  15  15  15  15  15  15  15  15  15  15  15  15  15  15  15       1                         
  1                                                                               1                         
  1   1   1   1   1   1   1   1   1   1   1   1   1   1   1   1   1   1   1   1   1                         
