         11  11  11  11  11  11  11  11  11  11  11  11  11  11  11  11  11  11  11 
         11                                                                      11 
         11                       7   7   7   7   7   7   7   7   7   7   7      11 
         11                       7                                       7      11 
         11                       7              12  12  12  12  12       7      11 
         11                       7              12              12       7      11 
         11                       7      15  15  -1  16  16  16  -2   7   7      11 
         11                       7      15      13              11              11 
         11                       7      15      13              11  11  11  11  11 
         11                       7      15      13                                 
         11       9   9   9       7      15      13                                 
         11       9       9       7      15      13                                 
  4   4  -1   3  -2   2  -1   1  -2   6  -1   5  -2   4   4                         
  4      10      10       8       8      14      14       4                         
  4      10      10       8       8      14  14  14       4                         
  4      10      10       8       8                       4                         
  4      10  10  10       8       8                       4                         
  4                       8       8                       4                         
  4                       8   8   8                       4                         
  4                                                       4                         
  4   4   4   4   4   4   4   4   4   4   4   4   4   4   4                         
