                  9   9   9   9   9   9   9   9   9   9   9   9   9   9   9 
                  9                                                       9 
         15  15  -1  16  16  16  16  16  16  16  16  16  16  16  16       9 
         15       8                                              16       9 
         15       8                      10  10  10  10  10      16       9 
         15       8                      10              10      16       9 
         15  15  -2  14  14      12  12  -1  11  11  11  -2  16  16       9 
                  7      14      12       5               9               9 
                  7      14      12       5               9   9   9   9   9 
                  7      14      12       5                                 
  2   2   2   2  -1   1  -2   4  -1   3  -2   2   2                         
  2               6      13      13       6       2                         
  2               6      13  13  13       6       2                         
  2               6                       6       2                         
  2               6   6   6   6   6   6   6       2                         
  2                                               2                         
  2   2   2   2   2   2   2   2   2   2   2   2   2                         
