         15  15  15  15  15  15  15  15  15  15  15  15  15  15  15         
         15                                                      15         
         15      13  13  13  13  13  13  13  13  13  13  13      15         
         15      13                                      13      15         
         15      13       3   3   3   3   3   3   3      13      15         
         15      13       3                       3      13      15         
         15      13       3      12  12  12  12  -2  13  13      15         
         15      13       3      12               4              15         
         15      13       3      12      16  16  -1  15  15  15  15         
         15      13       3      12      16       1                         
  6   6  -1   5  -2  10  -1   9  -2   8  -1   7  -2   6   6   6   6   6   6 
  6      14      14       2      11      11       2                       6 
  6      14  14  14       2      11      11       2                       6 
  6                       2      11      11       2                       6 
  6                       2      11  11  11       2                       6 
  6                       2                       2                       6 
  6                       2   2   2   2   2   2   2                       6 
  6                                                                       6 
  6   6   6   6   6   6   6   6   6   6   6   6   6   6   6   6   6   6   6 
