                         12  12  12  12  12  12  12  12  12  12  12  12  12  12  12  12  12 
                         12                                                              12 
  1   1   1   1   1   1  -2   4   4                                                      12 
  1                      11       4                                                      12 
  1       3   3   3   3  -1   4   4                                                      12 
  1       3              10                                                              12 
  1       3              10               8   8   8   8   8   8   8   8   8   8   8      12 
  1       3              10               8                                       8      12 
  1       3              10               8      13  13  13  13  13  13  13       8      12 
  1       3              10               8      13                      13       8      12 
  1       3              10               8      13       2   2   2      13       8      12 
  1       3              10               8      13       2       2      13       8      12 
  1       3      14  14  -2  15  15  15  -1  16  -2   5  -1   6  -2   7  -1   8   8      12 
  1       3      14       9               9      14       3       1      12              12 
  1       3      14       9               9      14       3       1      12  12  12  12  12 
  1       3      14       9               9      14       3       1                         
  1       3      14       9   9   9   9   9      14       3       1                         
  1       3      14                              14       3       1                         
  1       3      14  14  14  14  14  14  14  14  14       3       1                         
  1       3                                               3       1                         
  1       3   3   3   3   3   3   3   3   3   3   3   3   3       1                         
  1                                                               1                         
  1   1   1   1   1   1   1   1   1   1   1   1   1   1   1   1   1                         
