         15  15  15  15  15  15  15                                         
         15                      15                                         
         15       2   2   2      15                                         
         15       2       2      15                                         
         15       2       2      15      13  13  13  13  13  13  13         
         15       2       2      15      13                      13         
         15       2       2      15      13       4   4   4      13         
         15       2       2      15      13       4       4      13         
 12  12  -2   5  -1   6  -2   7  -1   8  -2   9  -1  10  -2  11  -1  12  12 
 12      16       3       1      14      14       1       3      16      12 
 12      16       3       1      14  14  14       1       3      16      12 
 12      16       3       1                       1       3      16      12 
 12      16       3       1   1   1   1   1   1   1       3      16      12 
 12      16       3                                       3      16      12 
 12      16       3   3   3   3   3   3   3   3   3   3   3      16      12 
 12      16                                                      16      12 
 12      16  16  16  16  16  16  16  16  16  16  16  16  16  16  16      12 
 12                                                                      12 
 12  12  12  12  12  12  12  12  12  12  12  12  12  12  12  12  12  12  12 
