  8   8   8   8   8   8   8   8   8   8   8   8   8   8   8   8   8   8   8   8   8 
  8                                                                               8 
  8      15  15  15  15  15  15  15  15  15  15  15  15  15  15  15  15  15       8 
  8      15                                                              15       8 
  8      15                                       2   2   2   2   2      15       8 
  8      15                                       2               2      15       8 
  8      15      12  12  12                       2               2      15       8 
  8      15      12      12                       2               2      15       8 
  8      15  15  -1  16  -2   5   5   5   5   5  -1   6   6   6  -2   7  -1   8   8 
  8              13      11                       3               1      14         
  8              13      11  11  11  11  11       3               1      14         
  8              13                      11       3               1      14         
  8   8   8   8  -2   9   9   9   9      11  11  -2  10  10       1      14         
                 14               9               4      10       1      14         
                 14               9   9   9   9  -1  10  10       1      14         
                 14                               1               1      14         
                 14                               1   1   1   1   1      14         
                 14                                                      14         
                 14  14  14  14  14  14  14  14  14  14  14  14  14  14  14         
