 13  13  13  13  13  13  13  13  13  13  13  13  13  13  13  13  13  13  13  13  13         
 13                                                                              13         
 13      16  16  16  16  16  16  16  16  16  16  16  16  16  16  16  16  16      13         
 13      16                                                              16      13         
 13      16      14  14  14  14  14  14  14  14  14  14  14  14  14      16      13         
 13      16      14                                              14      16      13         
 13      16      14                       2   2   2   2   2      14      16      13         
 13      16      14                       2               2      14      16      13         
 13      16  16  -2   5   5   5   5   5  -1   6   6   6  -2   7  -1   8  -2   9  -1  10  10 
 13              13                       3               1      15      15      12      10 
 13              13                       3               1      15  15  15      12      10 
 13              13                       3               1                      12      10 
 13  13  13  13  13                       3               1                      12      10 
                                          3               1                      12      10 
                         10  10  10  10  -2  11  11       1                      12      10 
                         10               4      11       1                      12      10 
                         10      12  12  -1  11  11       1                      12      10 
                         10      12       1               1                      12      10 
                         10      12       1   1   1   1   1                      12      10 
                         10      12                                              12      10 
                         10      12  12  12  12  12  12  12  12  12  12  12  12  12      10 
                         10                                                              10 
                         10  10  10  10  10  10  10  10  10  10  10  10  10  10  10  10  10 
