  8   8   8   8   8   8   8   8   8   8   8   8   8   8   8   8   8   8   8   8   8   8   8   8   8 
  8                                                                                               8 
  8      15  15  15  15  15  15  15  15  15  15  15  15  15  15  15  15  15  15  15  15  15       8 
  8      15                                                                              15       8 
  8      15                                                               2   2   2      15       8 
  8      15                                                               2       2      15       8 
  8      15       9   9   9   9   9   9   9   9   9                       2       2      15       8 
  8      15       9                               9                       2       2      15       8 
  8      15  15  -1  16  16  16  16  16  16  16  -2   5   5   5   5   5  -1   6  -2   7  -1   8   8 
  8               8                              10                       3       1      14         
  8   8   8   8   8                              10                       3       1      14         
                                                 10                       3       1      14         
                         14  14  14  14  14  14  -1  13  13  13  13       3       1      14         
                         14                      11              13       3       1      14         
                         14       1   1   1   1  -2   4   4      13       3       1      14         
                         14       1              12       4      13       3       1      14         
                         14       1       3   3  -1   4   4      13       3       1      14         
                         14       1       3      13              13       3       1      14         
                         14       1       3      13  13  13  13  13       3       1      14         
                         14       1       3                               3       1      14         
                         14       1       3   3   3   3   3   3   3   3   3       1      14         
                         14       1                                               1      14         
                         14       1   1   1   1   1   1   1   1   1   1   1   1   1      14         
                         14                                                              14         
                         14  14  14  14  14  14  14  14  14  14  14  14  14  14  14  14  14         
