                          3   3   3   3   3   3   3   3   3   3   3   3   3 
                          3                                               3 
                          3                       6   6   6               3 
                          3                       6       6               3 
                          3      12  12  12       6       6               3 
                          3      12      12       6       6               3 
                          3   3  -1   4  -2   1  -1   2  -2   3   3   3   3 
                                 13      11       7       5                 
         15  15  15              13      11       7       5                 
         15      15              13      11       7       5                 
  8   8  -2   9  -1  10  10  10  -2  11  11       7   7  -1   8   8         
  8      16      14              14                      16       8         
  8      16      14  14  14  14  14                      16       8         
  8      16                                              16       8         
  8      16  16  16  16  16  16  16  16  16  16  16  16  16       8         
  8                                                               8         
  8   8   8   8   8   8   8   8   8   8   8   8   8   8   8   8   8         
