  4   4   4   4   4   4   4   4   4   4   4   4   4                         
  4                                               4                         
  4      16  16  16  16  16  16  16  16  16       4                         
  4      16                              16       4                         
  4      16       6   6   6   6   6      16       4                         
  4      16       6               6      16       4                         
  4      16       6               6      16       4       8   8   8         
  4      16       6               6      16       4       8       8         
  4      16       6      10  10  -2  11  -1  12  -2  13  -1  14  -2  15  15 
  4      16       6      10       5       5       3       9       7      15 
  4      16       6      10       5   5   5       3       9       7      15 
  4      16       6      10                       3       9       7      15 
  4      16       6      10  10  10  10  10  10  -1   9   9       7      15 
  4      16       6                               2               7      15 
  4      16       6   6   6   6   6   6   6   6  -2   7   7   7   7      15 
  4      16                                       1                      15 
  4      16  16  16  16  16  16  16  16  16  16  -1  15  15  15  15  15  15 
  4                                               4                         
  4   4   4   4   4   4   4   4   4   4   4   4   4                         
