         14  14  14  14  14  14  14  14  14                                 
         14                              14                                 
         14      12  12  12  12  12      14                                 
         14      12              12      14                                 
         14  14  -2  15  15      12      14                                 
                 11      15      12      14                                 
                 11      15      12      14       8   8   8                 
                 11      15      12      14       8       8                 
  3   3   3   3  -1   4  -2   5  -1   6  -2   1  -1   2  -2   3   3   3   3 
  3              10      16      13      13       9       7               3 
  3              10      16      13  13  13       9       7               3 
  3              10      16                       9       7               3 
  3              10      16                       9   9  -1  10  10       3 
  3              10      16                              16      10       3 
  3              10      16  16  16  16  16  16  16  16  16      10       3 
  3              10                                              10       3 
  3              10  10  10  10  10  10  10  10  10  10  10  10  10       3 
  3                                                                       3 
  3   3   3   3   3   3   3   3   3   3   3   3   3   3   3   3   3   3   3 
