                                  4   4   4   4   4   4   4   4   4 
                                  4                               4 
 12  12  12  12  12  12  12       4                               4 
 12                      12       4                               4 
 12       5   5   5      12       4                               4 
 12       5       5      12       4                               4 
 12       5       5      12       4      15  15  15  15  15       4 
 12       5       5      12       4      15              15       4 
 12  12  -2  11  -1  10  -2   9  -1   8  -1   7   7      15       4 
         16       6      13       3      14       7      15       4 
         16       6      13  13  -2  14  14       7      15       4 
         16       6               2               7      15       4 
         16       6   6   6   6  -2   7   7   7   7      15       4 
         16                       1                      15       4 
         16  16  16  16  16  16  -1  15  15  15  15  15  15       4 
                                  4                               4 
                                  4   4   4   4   4   4   4   4   4 
