                          6   6   6   6   6   6   6   6   6   6   6   6   6   6   6   6   6 
                          6                                                               6 
                          6              10  10  10  10  10  10  10  10  10  10  10       6 
                          6              10                                      10       6 
                          6              10                       5   5   5      10       6 
                          6              10                       5       5      10       6 
                          6      13  13  -1  12  12  12  12  12  -2  11  -1  10  10       6 
                          6      13       9                      16       6               6 
                          6      13       9                      16       6   6   6   6   6 
                          6      13       9                      16                         
 16  16  16  16  16       6      13       9                      16                         
 16              16       6      13       9                      16                         
 16       4   4  -1   1  -1   2  -2   3  -2   4   4   4   4      16                         
 16       4      15       7      14       8               4      16                         
 16       4      15       7      14  14  -2  15  15       4      16                         
 16       4      15       7               7      15       4      16                         
 16       4      15       7   7   7   7   7      15       4      16                         
 16       4      15                              15       4      16                         
 16       4      15  15  15  15  15  15  15  15  15       4      16                         
 16       4                                               4      16                         
 16       4   4   4   4   4   4   4   4   4   4   4   4   4      16                         
 16                                                              16                         
 16  16  16  16  16  16  16  16  16  16  16  16  16  16  16  16  16                         
