                                          4   4   4   4   4   4   4   4   4 
                                          4                               4 
  9   9   9   9   9   9   9   9   9   9  -1   8   8   8   8   8   8       4 
  9                                       3                       8       4 
  9      13  13  13  13  13  13  13  13  -1  14  14  14  14       8       4 
  9      13                               2              14       8       4 
  9      13       6   6   6   6   6   6  -2   7   7      14       8       4 
  9      13       6                       1       7      14       8       4 
  9      13       6      10  10  10       1       7      14       8       4 
  9      13       6      10      10       1       7      14       8       4 
  9      13  13  -1  12  -2  11  -1  16  -2  15  -2  14  14       8       4 
  9               5       5       9       4       8               8       4 
  9               5       5       9       4       8   8   8   8   8       4 
  9               5       5       9       4                               4 
  9               5   5   5       9       4                               4 
  9                               9       4                               4 
  9   9   9   9   9   9   9   9   9       4                               4 
                                          4                               4 
                                          4   4   4   4   4   4   4   4   4 
