  9   9   9   9   9   9   9   9   9   9   9   9   9   9   9   9   9   9   9   9   9         
  9                                                                               9         
  9      13  13  13  13  13  13  13  13  13  13  13  13  13  13  13  13  13       9         
  9      13                                                              13       9         
  9      13       6   6   6   6   6   6   6   6   6   6   6   6   6      13       9         
  9      13       6                                               6      13       9         
  9      13       6      12  12  12  12  12  12  12               6      13       9         
  9      13       6      12                      12               6      13       9         
  9      13       6   6  -2   5   5   5   5   5  -1  10  10       6      13       9         
  9      13              13                      11      10       6      13       9         
  9      13  13  13  13  13                      11      10       6      13       9         
  9                                              11      10       6      13       9         
  9   9   9   9   9   9   9   9   9   9   9   9  -2  10  10       6      13       9         
                                                 16               6      13       9         
                                  4   4   4   4  -2   1   1   1  -1   2  -2   3  -1   4   4 
                                  4              15               7      14       8       4 
                                  4       8   8  -1   7   7   7   7      14       8       4 
                                  4       8      14                      14       8       4 
                                  4       8      14  14  14  14  14  14  14       8       4 
                                  4       8                                       8       4 
                                  4       8   8   8   8   8   8   8   8   8   8   8       4 
                                  4                                                       4 
                                  4   4   4   4   4   4   4   4   4   4   4   4   4   4   4 
