                 12  12  12  12  12  12  12  12  12  12  12  12  12  12  12  12  12  12  12  12  12 
                 12                                                                              12 
                 12      16  16  16  16  16  16  16  16  16  16  16  16  16  16  16  16  16      12 
                 12      16                                                              16      12 
                 12      16       5   5   5   5   5   5   5   5   5   5   5   5   5      16      12 
                 12      16       5                                               5      16      12 
                 12      16       5       7   7   7   7   7                       5      16      12 
                 12      16       5       7               7                       5      16      12 
                 12      16       5       7      14  14  -1  15  15  15  15  15  -2  16  16      12 
                 12      16       5       7      14       8                      12              12 
                 12      16       5       7      14       8                      12  12  12  12  12 
                 12      16       5       7      14       8                                         
 13  13  13  13  -1  16  16       5       7      14  14  -2  13  13  13  13                         
 13              11               5       7               9              13                         
 13       4   4  -1   3   3   3  -2   2  -1   1   1   1  -2   4   4      13                         
 13       4      10               6       6              10       4      13                         
 13       4      10               6   6   6              10       4      13                         
 13       4      10                                      10       4      13                         
 13       4      10  10  10  10  10  10  10  10  10  10  10       4      13                         
 13       4                                                       4      13                         
 13       4   4   4   4   4   4   4   4   4   4   4   4   4   4   4      13                         
 13                                                                      13                         
 13  13  13  13  13  13  13  13  13  13  13  13  13  13  13  13  13  13  13                         
