         16  16  16  16  16  16  16  16  16  16  16  16  16  16  16  16  16         
         16                                                              16         
         16      12  12  12  12  12  12  12  12  12  12  12  12  12      16         
         16      12                                              12      16         
         16      12      13  13  13  13  13  13  13  13  13      12      16         
         16      12      13                              13      12      16         
         16      12      13       5   5   5   5   5      13      12      16         
         16      12      13       5               5      13      12      16         
         16      12      13       5      14  14  -2  13  13      12      16         
         16      12      13       5      14       8              12      16         
         16  16  -1  13  13       5      14  14  -1  15  15  15  -2  16  16         
                 11               5               7               9                 
  4   4   4   4  -2   3   3   3  -2   2   2   2  -1   1   1   1  -1   4   4   4   4 
  4              10               6               6              10               4 
  4              10               6   6   6   6   6              10               4 
  4              10                                              10               4 
  4              10  10  10  10  10  10  10  10  10  10  10  10  10               4 
  4                                                                               4 
  4   4   4   4   4   4   4   4   4   4   4   4   4   4   4   4   4   4   4   4   4 
