                                          1   1   1   1   1   1   1   1   1   1   1   1   1   1   1   1   1 
                                          1                                                               1 
                                          1       7   7   7   7   7   7   7   7   7   7   7   7   7       1 
                                          1       7                                               7       1 
                                          1       7                               2   2   2       7       1 
                                          1       7                               2       2       7       1 
                                          1       7      14  14  14  14  14       2       2       7       1 
                                          1       7      14              14       2       2       7       1 
                                          1       7   7  -2   8   8   8  -1   5  -1   6  -2   7   7       1 
                                          1              15              13       3       1               1 
                                          1              15              13       3       1   1   1   1   1 
                                          1              15              13       3                         
  3   3   3   3   3   3   3   3   3       1              15              13       3                         
  3                               3       1              15              13       3                         
  3      13  13  13  13  13       3       1              15              13       3                         
  3      13              13       3       1              15              13       3                         
  3      13      12  12  -1  11  -1  10  -2   9   9   9  -2  12  12      13       3                         
  3      13      12      16       4       4              16      12      13       3                         
  3      13      12      16       4   4   4              16      12      13       3                         
  3      13      12      16                              16      12      13       3                         
  3      13      12      16  16  16  16  16  16  16  16  16      12      13       3                         
  3      13      12                                              12      13       3                         
  3      13      12  12  12  12  12  12  12  12  12  12  12  12  12      13       3                         
  3      13                                                              13       3                         
  3      13  13  13  13  13  13  13  13  13  13  13  13  13  13  13  13  13       3                         
  3                                                                               3                         
  3   3   3   3   3   3   3   3   3   3   3   3   3   3   3   3   3   3   3   3   3                         
