                 12  12  12  12  12  12  12  12  12  12  12  12  12  12  12  12  12 
                 12                                                              12 
                 12       3   3   3   3   3   3   3   3   3   3   3   3   3      12 
                 12       3                                               3      12 
                 12       3                       6   6   6   6   6       3      12 
                 12       3                       6               6       3      12 
                 12       3      13  13  13       6               6       3      12 
                 12       3      13      13       6               6       3      12 
                 12       3   3  -1   4  -2   1  -1   2   2   2  -2   3   3      12 
                 12              12      14       7               5              12 
                 12  12  12  12  12      14       7               5              12 
                                         14       7               5              12 
  8   8   8   8   8   8   8   8   8   8  -1   7   7      11  11  -1  12  12  12  12 
  8                                      15              11      18                 
  8      17  17  17  17  17  17  17      15              11      18                 
  8      17                      17      15              11      18                 
  8   8  -2   9   9   9   9   9  -1  10  -2  11  11  11  11      18                 
         18                      16      16                      18                 
         18                      16  16  16                      18                 
         18                                                      18                 
         18  18  18  18  18  18  18  18  18  18  18  18  18  18  18                 
