                 18  18  18  18  18  18  18  18  18  18  18  18  18  18  18  18  18  18  18                 
                 18                                                                      18                 
                 18      15  15  15  15  15  15  15  15  15  15  15  15  15  15  15      18                 
                 18      15                                                      15      18                 
                 18      15      13  13  13  13  13  13  13  13  13  13  13      15      18                 
                 18      15      13                                      13      15      18                 
                 18      15      13      11  11  11  11  11  11  11      13      15      18                 
                 18      15      13      11                      11      13      15      18                 
                 18      15      13  13  -1  14  14  14  14      11      13      15      18                 
                 18      15              10              14      11      13      15      18                 
                 18      15  15  15  15  -2  14  14  14  14      11      13      15      18                 
                 18                       9                      11      13      15      18                 
                 18  18  18  18  18  18  -1  17  17              11      13      15      18                 
                                          8      17              11      13      15      18                 
 16  16  16  16  16  16  16  16  16  16  -2  17  17              11      13      15  15  -1  16  16  16  16 
 16                                       7                      11      13               5              16 
 16       2   2   2   2   2   2   2   2  -1   1   1   1   1   1  -2   4  -1   3   3   3  -2   2   2      16 
 16       2                               6                      12      12               6       2      16 
 16       2                               6                      12  12  12               6       2      16 
 16       2                               6                                               6       2      16 
 16       2                               6   6   6   6   6   6   6   6   6   6   6   6   6       2      16 
 16       2                                                                                       2      16 
 16       2   2   2   2   2   2   2   2   2   2   2   2   2   2   2   2   2   2   2   2   2   2   2      16 
 16                                                                                                      16 
 16  16  16  16  16  16  16  16  16  16  16  16  16  16  16  16  16  16  16  16  16  16  16  16  16  16  16 
