 10  10  10  10  10  10  10  10  10  10  10  10  10  10  10  10  10  10  10  10  10 
 10                                                                              10 
 10      17  17  17  17  17  17  17  17  17  17  17  17  17  17  17  17  17      10 
 10      17                                                              17      10 
 10      17                               2   2   2                      17      10 
 10      17                               2       2                      17      10 
 10      17      11  11  11  11  11       2       2                      17      10 
 10      17      11              11       2       2                      17      10 
 10      17      11              11       2       2      15  15  15      17      10 
 10      17      11              11       2       2      15      15      17      10 
 10      17  17  -1  18  18  18  -2   5  -1   6  -2   7  -1   8  -2   9  -1  10  10 
 10              10              12       3       1      14      16      16         
 10              10              12       3       1      14      16  16  16         
 10              10              12       3       1      14                         
 10  10  10  10  10              12       3       1      14                         
                                 12       3       1      14                         
                          4   4  -1   3   3       1      14                         
                          4      13               1      14                         
                          4   4  -2   1   1   1   1      14                         
                                 14                      14                         
                                 14  14  14  14  14  14  14                         
