                          1   1   1   1   1   1   1   1   1   1   1   1   1   1   1   1   1   1   1 
                          1                                                                       1 
                          1       3   3   3   3   3   3   3   3   3   3   3   3   3   3   3       1 
                          1       3                                                       3       1 
                          1       3      13  13  13  13  13  13  13  13  13               3       1 
                          1       3      13                              13               3       1 
                          1       3      13                       4   4  -1   3   3   3   3       1 
                          1       3      13                       4      12                       1 
                          1       3      13                       4   4  -2   1   1   1   1   1   1 
                          1       3      13                              11                         
                          1       3      13       9   9   9              11                         
                          1       3      13       9       9              11                         
 15  15  15  15  15       1       3      13       9       9              11                         
 15              15       1       3      13       9       9              11                         
 15       8   8  -1   7  -2   6  -1   5  -2  18  -1  17  -2  16  16  16  -1  15  15                 
 15       8      14       2       2      14       8      10              10      15                 
 15       8      14       2       2      14       8      10  10  10  10  10      15                 
 15       8      14       2       2      14       8                              15                 
 15       8      14       2   2   2      14       8                              15                 
 15       8      14                      14       8                              15                 
 15       8      14  14  14  14  14  14  14       8                              15                 
 15       8                                       8                              15                 
 15       8   8   8   8   8   8   8   8   8   8   8                              15                 
 15                                                                              15                 
 15  15  15  15  15  15  15  15  15  15  15  15  15  15  15  15  15  15  15  15  15                 
