          6   6   6   6   6   6   6   6   6   6   6   6   6   6   6   6   6   6   6   6   6   6   6   6   6   6   6   6   6 
          6                                                                                                               6 
          6                                       1   1   1   1   1   1   1   1   1   1   1   1   1   1   1   1   1       6 
          6                                       1                                                               1       6 
          6                                       1      14  14  14  14  14  14  14  14  14  14  14  14  14       1       6 
          6                                       1      14                                              14       1       6 
          6                                       1      14                               8   8   8      14       1       6 
          6                                       1      14                               8       8      14       1       6 
          6      11  11  11                       1      14                               8       8      14       1       6 
          6      11      11                       1      14                               8       8      14       1       6 
          6   6  -1   5  -2  18  18  18  18  18  -1  17  -2  16  16  16  16  16  16  16  -1  15  -2  14  14       1       6 
                 10      12                       4      13                               9       7               1       6 
                 10      12  12  12  12  12       4      13                               9       7               1       6 
                 10                      12       4      13                               9       7               1       6 
                 10                      12       4      13               9   9   9   9   9       7               1       6 
                 10                      12       4      13               9                       7               1       6 
  2   2   2   2  -2   3   3   3   3      12       4   4  -1   3   3       9       2   2   2   2  -1   1   1   1   1       6 
  2               9               3      12              12       3       9       2               6                       6 
  2               9               3      12  12  12  12  12       3       9       2               6                       6 
  2               9               3                               3       9       2               6                       6 
  2               9               3                               3       9       2               6   6   6   6   6   6   6 
  2               9               3                               3       9       2                                         
  2               9               3   3   3   3   3   3   3   3   3       9       2                                         
  2               9                                                       9       2                                         
  2               9   9   9   9   9   9   9   9   9   9   9   9   9   9   9       2                                         
  2                                                                               2                                         
  2   2   2   2   2   2   2   2   2   2   2   2   2   2   2   2   2   2   2   2   2                                         
