                                  5   5   5   5   5   5   5   5   5                         
                                  5                               5                         
                                  5       2   2   2   2   2       5                         
                                  5       2               2       5                         
                                  5       2               2       5      17  17  17         
                                  5       2               2       5      17      17         
                                  5   5  -1   6   6   6  -2   7  -1   8  -2   9  -1  10  10 
                                          3               1      18      18      16      10 
                                          3               1      18  18  18      16      10 
                                          3               1                      16      10 
         15  15  15  15  15               3               1                      16      10 
         15              15               3               1                      16      10 
 10  10  -2  11  11  11  -1  12  12  12  -2  13  13       1                      16      10 
 10      16              14               4      13       1                      16      10 
 10      16       1   1  -2   4   4   4   4      13       1                      16      10 
 10      16       1      13                      13       1                      16      10 
 10      16       1      13  13  13  13  13  13  13       1                      16      10 
 10      16       1                                       1                      16      10 
 10      16       1   1   1   1   1   1   1   1   1   1   1                      16      10 
 10      16                                                                      16      10 
 10      16  16  16  16  16  16  16  16  16  16  16  16  16  16  16  16  16  16  16      10 
 10                                                                                      10 
 10  10  10  10  10  10  10  10  10  10  10  10  10  10  10  10  10  10  10  10  10  10  10 
