                                         16  16  16  16  16  16  16  16  16  16  16  16  16  16  16  16  16 
                                         16                                                              16 
                                         16       3   3   3   3   3   3   3   3   3   3   3   3   3      16 
                                         16       3                                               3      16 
                                         16       3                       6   6   6   6   6       3      16 
                                         16       3                       6               6       3      16 
                                         16       3      12  12  12       6               6       3      16 
                                         16       3      12      12       6               6       3      16 
                                         16       3   3  -1   4  -2   1  -1   2   2   2  -2   3   3      16 
                                         16              13      11       7               5              16 
 18  18  18  18  18  18  18  18  18      16              13      11       7               5              16 
 18                              18      16              13      11       7               5              16 
 18      15  15  15  15  15      18      16              13      11       7               5              16 
 18      15              15      18      16              13      11       7               5              16 
 18      15       7   7  -1   8  -2   9  -1  10  10  10  -2  11  11       7      15  15  -1  16  16  16  16 
 18      15       7      14      17      17              14               7      15      18                 
 18      15       7      14      17  17  17              14               7      15      18                 
 18      15       7      14                              14               7      15      18                 
 18      15       7      14  14  14  14  14  14  14  14  14               7      15      18                 
 18      15       7                                                       7      15      18                 
 18      15       7   7   7   7   7   7   7   7   7   7   7   7   7   7   7      15      18                 
 18      15                                                                      15      18                 
 18      15  15  15  15  15  15  15  15  15  15  15  15  15  15  15  15  15  15  15      18                 
 18                                                                                      18                 
 18  18  18  18  18  18  18  18  18  18  18  18  18  18  18  18  18  18  18  18  18  18  18                 
