         13  13  13  13  13  13  13  13  13  13  13  13  13  13  13  13  13         
         13                                                              13         
         13      11  11  11  11  11  11  11  11  11  11  11  11  11      13         
         13      11                                              11      13         
         13      11       4   4   4   4   4   4   4   4   4      11      13         
         13      11       4                               4      11      13         
         13      11  11  -2  10  10                       4      11      13         
         13               3      10                       4      11      13         
         13               3      10       8   8   8       4      11      13         
         13               3      10       8       8       4      11      13         
         13  13  13  13  -1  14  -2  15  -1  16  -2  17  -1  18  -2   5  -1   6   6 
                          2       9       9       7       1      12      12       6 
                          2       9       9       7       1      12  12  12       6 
                          2       9       9       7       1                       6 
                          2       9   9   9       7       1                       6 
                          2                       7       1                       6 
  6   6   6   6   6   6  -2   7   7   7   7   7   7       1                       6 
  6                       1                               1                       6 
  6                       1   1   1   1   1   1   1   1   1                       6 
  6                                                                               6 
  6   6   6   6   6   6   6   6   6   6   6   6   6   6   6   6   6   6   6   6   6 
