                         10  10  10  10  10  10  10  10  10  10  10  10  10  10  10  10  10 
                         10                                                              10 
                         10       3   3   3   3   3   3   3   3   3   3   3   3   3      10 
                         10       3                                               3      10 
                         10       3                       6   6   6   6   6       3      10 
                         10       3                       6               6       3      10 
                         10       3      13  13  13       6               6       3      10 
                         10       3      13      13       6               6       3      10 
                         10       3   3  -1   4  -2   1  -1   2   2   2  -2   3   3      10 
                         10              12      14       7               5              10 
          8   8   8      10              12      14       7               5              10 
          8       8      10              12      14       7               5              10 
 18  18  -1  17  -2  16  -1  15  15  15  -2  14  14       7       9   9  -1  10  10  10  10 
 18       9       7      11              11               7       9      18                 
 18       9       7      11  11  11  11  11               7       9      18                 
 18       9       7                                       7       9      18                 
 18       9       7   7   7   7   7   7   7   7   7   7   7       9      18                 
 18       9                                                       9      18                 
 18       9   9   9   9   9   9   9   9   9   9   9   9   9   9   9      18                 
 18                                                                      18                 
 18  18  18  18  18  18  18  18  18  18  18  18  18  18  18  18  18  18  18                 
