         13  13  13  13  13  13  13  13  13  13  13  13  13  13  13  13  13         
         13                                                              13         
         13       9   9   9   9   9   9   9   9   9                      13         
         13       9                               9                      13         
         13       9       4   4   4   4   4       9                      13         
         13       9       4               4       9                      13         
         13       9   9  -2   8   8       4       9                      13         
         13               3       8       4       9                      13         
         13               3       8       4       9      11  11  11      13         
         13               3       8       4       9      11      11      13         
         13  13  13  13  -1  14  -2  15  -1  16  -2  17  -1  18  -2   5  -1   6   6 
                          2       7       1      10      10      12      12       6 
                          2       7       1      10      10      12  12  12       6 
                          2       7       1      10      10                       6 
                          2       7       1      10  10  10                       6 
                          2       7       1                                       6 
  6   6   6   6   6   6  -2   7   7       1                                       6 
  6                       1               1                                       6 
  6                       1   1   1   1   1                                       6 
  6                                                                               6 
  6   6   6   6   6   6   6   6   6   6   6   6   6   6   6   6   6   6   6   6   6 
