  3   3   3   3   3   3   3   3   3   3   3   3   3   3   3   3   3   3   3   3   3 
  3                                                                               3 
  3                                                       8   8   8               3 
  3                                                       8       8               3 
  3      10  10  10  10  10  10  10  10  10               8       8               3 
  3      10                              10               8       8               3 
  3      10              15  15  15      10               8       8               3 
  3      10              15      15      10               8       8               3 
  3   3  -1   4   4   4  -2   5  -1   6  -2   1   1   1  -1   2  -2   3   3   3   3 
         11              16      14       9               9       7                 
         11              16      14       9   9   9   9   9       7                 
         11              16      14                               7                 
         11      13  13  -1  14  14              12  12  12  12  -1  11  11         
         11      13      17                      12              18      11         
         11      13  13  -2  12  12  12  12  12  12              18      11         
         11              18                                      18      11         
         11              18  18  18  18  18  18  18  18  18  18  18      11         
         11                                                              11         
         11  11  11  11  11  11  11  11  11  11  11  11  11  11  11  11  11         
