 12  12  12  12  12  12  12  12  12  12  12  12  12  12  12  12  12  12  12  12  12 
 12                                                                              12 
 12      17  17  17  17  17  17  17  17  17  17  17  17  17  17  17  17  17      12 
 12      17                                                              17      12 
 12      17       3   3   3   3   3   3   3                              17      12 
 12      17       3                       3                              17      12 
 12      17       3       1   1   1       3                              17      12 
 12      17       3       1       1       3                              17      12 
 12      17       3       1       1       3      13  13  13  13  13      17      12 
 12      17       3       1       1       3      13              13      17      12 
 12  12  -1  11  -2  10  -1   9  -2   8  -1   7  -2  18  18  18  -1  17  17      12 
         16       4       6       2       2      14              12              12 
         16       4       6       2       2      14              12  12  12  12  12 
         16       4       6       2       2      14                                 
         16       4       6       2   2   2      14                                 
         16       4       6                      14                                 
         16       4       6   6   6   6   6   6  -1   5   5                         
         16       4                              15       5                         
         16       4   4   4   4   4   4   4   4  -2   5   5                         
         16                                      16                                 
         16  16  16  16  16  16  16  16  16  16  16                                 
