  3   3   3   3   3   3   3   3   3                                         
  3                               3                                         
  3       8   8   8   8   8   8  -1   7   7   7   7   7   7   7   7   7   7 
  3       8                       2                                       7 
  3       8   8   8   8   8   8  -2   9   9   9   9   9   9   9   9       7 
  3                               1                               9       7 
  3              11  11  11  11  -1  12  12  12  12  12  12       9       7 
  3              11               6                      12       9       7 
  3              11               6      17  17  17      12       9       7 
  3              11               6      17      17      12       9       7 
  3              11      15  15  -2  14  -1  13  -2  12  12       9       7 
  3              11      15       5      16      18               9       7 
  3              11      15  15  -1  16  16      18               9       7 
  3              11               4              18               9       7 
  3              11               4      18  18  18               9       7 
  3              11               4      18                       9       7 
  3              11  11  11  11  -2  10  -1   9   9   9   9   9   9       7 
  3                               3       7                               7 
  3                               3       7   7   7   7   7   7   7   7   7 
  3                               3                                         
  3   3   3   3   3   3   3   3   3                                         
