                 17  17  17  17  17  17  17  17  17  17  17  17  17  17  17         
                 17                                                      17         
                 17       4   4   4   4   4   4   4   4   4   4   4      17         
                 17       4                                       4      17         
                 17       4                       2   2   2       4      17         
                 17       4                       2       2       4      17         
                 17       4      14  14  14       2       2       4      17         
                 17       4      14      14       2       2       4      17         
                 17  17  -1  18  -2   7  -1   8  -2   9  -1  10  -2  11  -1  12  12 
                          5      13      15       1       3       3      16      12 
                          5      13      15       1       3   3   3      16      12 
                          5      13      15       1                      16      12 
 12  12  12  12  12  12  -2  13  13      15       1                      16      12 
 12                       6              15       1                      16      12 
 12      16  16  16  16  -1  15  15  15  15       1                      16      12 
 12      16               1                       1                      16      12 
 12      16               1   1   1   1   1   1   1                      16      12 
 12      16                                                              16      12 
 12      16  16  16  16  16  16  16  16  16  16  16  16  16  16  16  16  16      12 
 12                                                                              12 
 12  12  12  12  12  12  12  12  12  12  12  12  12  12  12  12  12  12  12  12  12 
