                         15  15  15  15  15  15  15  15  15  15  15  15  15         
                         15                                              15         
                         15      13  13  13  13  13  13  13  13  13      15         
                         15      13                              13      15         
                         15      13       6   6   6   6   6      13      15         
                         15      13       6               6      13      15         
                         15      13  13  -2  12  12       6      13      15         
                         15               5      12       6      13      15         
                         15  15  15  15  -1  16  -2  17  -1  18  -2   7  -1   8   8 
                                          4      11       1      14      14       8 
                                          4      11       1      14  14  14       8 
                                          4      11       1                       8 
          2   2   2                       4      11       1                       8 
          2       2                       4      11       1                       8 
  8   8  -2   9  -1  10  10  10  10  10  -2  11  11       1                       8 
  8       1       3                       3               1                       8 
  8       1       3   3   3   3   3   3   3               1                       8 
  8       1                                               1                       8 
  8       1   1   1   1   1   1   1   1   1   1   1   1   1                       8 
  8                                                                               8 
  8   8   8   8   8   8   8   8   8   8   8   8   8   8   8   8   8   8   8   8   8 
