  6   6   6   6   6   6   6   6   6   6   6   6   6   6   6   6   6   6   6   6   6   6   6 
  6                                                                                       6 
  6                              15  15  15  15  15  15  15  15  15  15  15  15  15       6 
  6                              15                                              15       6 
  6                              15               8   8   8                      15       6 
  6                              15               8       8                      15       6 
  6                              15               8       8      11  11  11      15       6 
  6                              15               8       8      11      11      15       6 
  6   6   6   6   6   6   6   6  -2   1   1   1  -1   2  -2   3  -1   4  -2   5  -1   6   6 
                                 16               9       7      10      12      14         
         14  14  14  14  14  14  -1  13  13       9       7      10      12      14         
         14                      17      13       9       7      10      12      14         
         14      12  12  12  12  -2  13  13       9       7      10      12      14         
         14      12              18               9       7      10      12      14         
         14      12      10  10  -1   9   9   9   9       7      10      12      14         
         14      12      10       7                       7      10      12      14         
         14      12      10       7   7   7   7   7   7   7      10      12      14         
         14      12      10                                      10      12      14         
         14      12      10  10  10  10  10  10  10  10  10  10  10      12      14         
         14      12                                                      12      14         
         14      12  12  12  12  12  12  12  12  12  12  12  12  12  12  12      14         
         14                                                                      14         
         14  14  14  14  14  14  14  14  14  14  14  14  14  14  14  14  14  14  14         
