         15  15  15  15  15  15  15  15  15  15  15  15  15  15  15  15  15                         
         15                                                              15                         
         15      13  13  13  13  13  13  13  13  13  13  13  13  13      15                         
         15      13                                              13      15                         
         15      13      11  11  11  11  11  11  11  11  11      13      15                         
         15      13      11                              11      13      15                         
         15      13      11      16  16  16  16  16      11      13      15                         
         15      13      11      16              16      11      13      15                         
         15      13      11      16      12  12  -1  11  11      13      15                         
         15      13      11      16      12      17              13      15                         
         15      13      11      16      12  12  -2  13  13  13  13      15                         
         15      13      11      16              18                      15                         
         15      13      11      16  16  16  16  -1  15  15  15  15  15  15                         
         15      13      11                       7                                                 
         15      13      11                       7                               9   9   9         
         15      13      11                       7                               9       9         
  6   6  -1   5  -2   4  -1   3   3   3   3   3  -2   2   2   2   2   2   2   2  -1   1  -2   6   6 
  6      14      14      10                       8                               8      10       6 
  6      14  14  14      10                       8                               8      10       6 
  6                      10                       8                               8      10       6 
  6                      10                       8   8   8   8   8   8   8   8   8      10       6 
  6                      10                                                              10       6 
  6                      10  10  10  10  10  10  10  10  10  10  10  10  10  10  10  10  10       6 
  6                                                                                               6 
  6   6   6   6   6   6   6   6   6   6   6   6   6   6   6   6   6   6   6   6   6   6   6   6   6 
