 13  13  13  13  13  13  13  13  13  13  13  13  13  13  13  13  13  13  13         
 13                                                                      13         
 13      11  11  11  11  11  11  11  11  11  11  11  11  11  11  11      13         
 13      11                                                      11      13         
 13      11       4   4   4   4   4   4   4   4   4   4   4      11      13         
 13      11       4                                       4      11      13         
 13      11       4       8   8   8   8   8   8   8       4      11      13         
 13      11       4       8                       8       4      11      13         
 13      11       4   4  -1   3   3   3   3       8       4      11      13         
 13      11               9               3       8       4      11      13         
 13  13  -1  14  14  14  -2  15  15  15  -1  16  -2  17  -1  18  -2   5  -1   6   6 
         10              10               2       7       1      12      12       6 
         10              10               2       7       1      12  12  12       6 
         10              10               2       7       1                       6 
         10  10  10  10  10               2       7       1                       6 
                                          2       7       1                       6 
                                  6   6  -2   7   7       1                       6 
                                  6       1               1                       6 
                                  6       1   1   1   1   1                       6 
                                  6                                               6 
                                  6   6   6   6   6   6   6   6   6   6   6   6   6 
