  3   3   3   3   3   3   3   3   3   3   3                                         
  3                                       3                                         
  3      10  10  10  10  10  10  10  10  -1   9   9   9   9   9   9   9   9   9   9 
  3      10                               2                                       9 
  3      10  10  10  10  10  10  10  10  -2  11  11  11  11  11  11  11  11       9 
  3                                       1                              11       9 
  3              13  13  13  13  13  13  -1  14  14  14  14              11       9 
  3              13                       8              14              11       9 
  3              13      17  17  17  17  -2  16  16      14              11       9 
  3              13      17               7      16      14              11       9 
  3              13      17      15  15  -1  16  16      14              11       9 
  3              13      17      15       6              14              11       9 
  3              13      17      15  15  -2  14  14  14  14              11       9 
  3              13      17               5                              11       9 
  3              13      17  17  17  17  -1  18  18  18  18  18  18      11       9 
  3              13                       4                      18      11       9 
  3              13  13  13  13  13  13  -2  12  12  12  12  12  -1  11  11       9 
  3                                       3                       9               9 
  3                                       3                       9   9   9   9   9 
  3                                       3                                         
  3   3   3   3   3   3   3   3   3   3   3                                         
