  6   6   6   6   6   6   6   6   6   6   6   6   6   6   6   6   6   6   6   6   6 
  6                                                                               6 
  6      15  15  15  15  15  15  15  15  15  15  15  15  15  15  15  15  15       6 
  6      15                                                              15       6 
  6      15      17  17  17  17  17  17  17  17  17  17  17  17  17      15       6 
  6      15      17                                              17      15       6 
  6      15      17      12  12  12  12  12  12  12  12  12      17      15       6 
  6      15      17      12                              12      17      15       6 
  6      15      17      12      10  10  10  10  10      12      17      15       6 
  6      15      17      12      10              10      12      17      15       6 
  6   6  -2   7  -1   8  -2   1  -1   2   2   2  -2   3  -1   4  -2   5  -1   6   6 
         16      16      11      11               9      13      18      14         
         16  16  16      11      11               9      13      18      14         
                         11      11               9      13      18      14         
                         11  11  11               9      13      18      14         
                                                  9      13      18      14         
                                         14  14  -1  13  13      18      14         
                                         14      18              18      14         
                                         14      18  18  18  18  18      14         
                                         14                              14         
                                         14  14  14  14  14  14  14  14  14         
