         15  15  15  15  15  15  15  15  15  15  15  15  15  15  15  15  15 
         15                                                              15 
         15       1   1   1   1   1   1   1   1   1   1   1   1   1      15 
         15       1                                               1      15 
         15       1       3   3   3   3   3   3   3               1      15 
         15       1       3                       3               1      15 
         15       1       3      13  13  13  13  -2  12  12       1      15 
         15       1       3      13               4      12       1      15 
         15       1       3      13      11  11  -1  12  12       1      15 
         15       1       3      13      11       5               1      15 
 10  10  -1   9  -2   8  -1   7  -2  18  -1  17  -2  16  16  16  -1  15  15 
 10      14       2       2      14      10       6               6         
 10      14       2       2      14      10       6   6   6   6   6         
 10      14       2       2      14      10                                 
 10      14       2   2   2      14      10                                 
 10      14                      14      10                                 
 10      14  14  14  14  14  14  14      10                                 
 10                                      10                                 
 10  10  10  10  10  10  10  10  10  10  10                                 
