  5   5   5   5   5   5   5   5   5   5   5                                         
  5                                       5                                         
  5      10  10  10  10  10  10  10  10  -1   9   9   9   9   9   9   9   9   9   9 
  5      10                               4                                       9 
  5      10      12  12  12  12  12  12  -2  13  13  13  13  13  13  13  13       9 
  5      10      12                       3                              13       9 
  5      10      12  12  12  12  12  12  -1  11  11  11  11              13       9 
  5      10                               2              11              13       9 
  5      10  10  10  10  10  10  10  10  -2  11  11  11  11              13       9 
  5                                       1                              13       9 
  5                              17  17  -1  18  18  18  18  18  18      13       9 
  5                              17       8                      18      13       9 
  5                              17  17  -2  16  16              18      13       9 
  5                                       7      16              18      13       9 
  5                      15  15  15  15  -1  16  16              18      13       9 
  5                      15               6                      18      13       9 
  5                      15  15  15  15  -2  14  14  14  14  14  -1  13  13       9 
  5                                       5                       9               9 
  5                                       5                       9   9   9   9   9 
  5                                       5                                         
  5   5   5   5   5   5   5   5   5   5   5                                         
