  6   6   6   6   6   6   6   6   6   6   6   6   6   6   6   6   6   6   6   6   6 
  6                                                                               6 
  6      15  15  15  15  15  15  15  15  15  15  15  15  15  15  15  15  15       6 
  6      15                                                              15       6 
  6      15                              10  10  10                      15       6 
  6      15                              10      10                      15       6 
  6      15                              10      10      13  13  13      15       6 
  6      15                              10      10      13      13      15       6 
  6      15      17  17  17  17  17      10      10      13      13      15       6 
  6      15      17              17      10      10      13      13      15       6 
  6   6  -2   7  -1   8   8   8  -2   1  -1   2  -2   3  -1   4  -2   5  -1   6   6 
         16      16              18      11       9      12      14      14         
         16  16  16              18      11       9      12      14      14         
                                 18      11       9      12      14      14         
                                 18      11       9      12      14  14  14         
                                 18      11       9      12                         
                         12  12  -1  11  11       9      12                         
                         12       9               9      12                         
                         12       9   9   9   9   9      12                         
                         12                              12                         
                         12  12  12  12  12  12  12  12  12                         
