 11  11  11  11  11  11  11  11  11  11  11  11  11  11  11  11  11  11  11  11  11  11  11  11  11                 
 11                                                                                              11                 
 11      13  13  13  13  13  13  13  13  13  13  13  13  13  13  13  13  13  13  13  13  13      11                 
 11      13                                                                              13      11                 
 11      13       3   3   3   3   3   3   3   3   3   3   3   3   3   3   3   3   3      13      11                 
 11      13       3                                                               3      13      11                 
 11      13       3      12  12  12                                               3      13      11                 
 11      13       3      12      12                                               3      13      11                 
 11      13       3      12      12              16  16  16  16  16  16  16       3      13      11                 
 11      13       3      12      12              16                      16       3      13      11                 
 11      13       3   3  -1   4  -2   5   5   5  -1   6   6   6   6      16       3      13      11                 
 11      13              13      11              17               6      16       3      13      11                 
 11      13  13  13  13  13      11              17               6      16       3      13      11                 
 11                              11              17               6      16       3      13      11                 
 11  11  11  11  11  11  11  11  11              17               6      16       3      13      11                 
                                                 17               6      16       3      13      11                 
                                         14  14  -2  15  15  15  -1  16  16       3      13  13  -1  14  14  14  14 
                                         14      18               1               3              10              14 
                                         14      18       9   9  -2   8   8   8  -1   7   7   7  -2  18  18      14 
                                         14      18       9       2               2               9      18      14 
                                         14      18       9       2   2   2   2   2               9      18      14 
                                         14      18       9                                       9      18      14 
                                         14      18       9   9   9   9   9   9   9   9   9   9   9      18      14 
                                         14      18                                                      18      14 
                                         14      18  18  18  18  18  18  18  18  18  18  18  18  18  18  18      14 
                                         14                                                                      14 
                                         14  14  14  14  14  14  14  14  14  14  14  14  14  14  14  14  14  14  14 
