  6   6   6   6   6   6   6   6   6   6   6   6   6   6   6   6   6   6   6   6   6   6   6 
  6                                                                                       6 
  6               8   8   8   8   8                                                       6 
  6               8               8                                                       6 
  6               8               8      15  15  15  15  15  15  15  15  15  15  15       6 
  6               8               8      15                                      15       6 
  6               8               8      15      11  11  11  11  11              15       6 
  6               8               8      15      11              11              15       6 
  6   6   6   6  -2   1   1   1  -1   2  -2   3  -1   4   4   4  -2   5   5   5  -1   6   6 
                  7               9      16      10              12              14         
         14  14  -1  13  13       9   9  -1  10  10      17  17  -1  18  18      14         
         14      18      13              17              17      13      18      14         
         14      18      13              17  17  17  17  17      13      18      14         
         14      18      13                                      13      18      14         
         14      18      13  13  13  13  13  13  13  13  13  13  13      18      14         
         14      18                                                      18      14         
         14      18  18  18  18  18  18  18  18  18  18  18  18  18  18  18      14         
         14                                                                      14         
         14  14  14  14  14  14  14  14  14  14  14  14  14  14  14  14  14  14  14         
