  8   8   8   8   8   8   8   8   8   8   8   8   8   8   8   8   8   8   8   8   8 
  8                                                                               8 
  8      12  12  12  12  12  12  12  12  12                                       8 
  8      12                              12                                       8 
  8      12      10  10  10  10  10      12                                       8 
  8      12      10              10      12                                       8 
  8      12      10              10      12      14  14  14                       8 
  8      12      10              10      12      14      14                       8 
  8      12      10              10      12      14      14      17  17  17       8 
  8      12      10              10      12      14      14      17      17       8 
  8   8  -2   1  -1   2   2   2  -2   3  -1   4  -2   5  -1   6  -2   7  -1   8   8 
         11      11               9      13      13      15      18      16         
         11      11               9      13  13  13      15      18      16         
         11      11               9                      15      18      16         
         11  11  11               9                      15      18      16         
                                  9                      15      18      16         
                         16  16  -1  15  15  15  15  15  15      18      16         
                         16      18                              18      16         
                         16      18  18  18  18  18  18  18  18  18      16         
                         16                                              16         
                         16  16  16  16  16  16  16  16  16  16  16  16  16         
