 12  12  12  12  12  12  12  12  12  12  12  12  12  12  12  12  12  12  12  12  12  12  12  12  12 
 12                                                                                              12 
 12      17  17  17  17  17  17  17  17  17  17  17  17  17  17  17  17  17  17  17  17  17      12 
 12      17                                                                              17      12 
 12      17                                       4   4   4                              17      12 
 12      17                                       4       4                              17      12 
 12      17      13  13  13  13  13               4       4                              17      12 
 12      17      13              13               4       4                              17      12 
 12      17  17  -1  18  18  18  -2   9   9   9  -1  10  -2  11  11  11  11  11  11  11  -1  12  12 
 12              12              14               1       3                              16         
 12  12  12  12  12              14               1       3                              16         
                                 14               1       3                              16         
                          8   8  -1   7   7       1       3                              16         
                          8      15       7       1       3                              16         
                          8      15       7       1       3   3   3   3   3   3   3      16         
                          8      15       7       1                               3      16         
                          8      15       7       1   1   1   1   1   1   1       3      16         
                          8      15       7                               1       3      16         
                          8      15       7   7   7   7   7   7   7       1       3      16         
                          8      15                               7       1       3      16         
                          8      15               2   2   2       7       1       3      16         
                          8      15               2       2       7       1       3      16         
                          8   8  -2   5   5   5  -1   6  -2   7   7       1       3      16         
                                 16               3       1               1       3      16         
                                 16               3       1   1   1   1   1       3      16         
                                 16               3                               3      16         
                                 16               3   3   3   3   3   3   3   3   3      16         
                                 16                                                      16         
                                 16  16  16  16  16  16  16  16  16  16  16  16  16  16  16         
