                                                          3   3   3   3   3   3   3   3   3 
                                                          3                               3 
 13  13  13  13  13  13  13  13  13  13  13  13  13  13  -1  14  14  14  14  14  14       3 
 13                                                       2                      14       3 
 13       6   6   6   6   6   6   6   6   6   6   6   6  -2   7   7   7   7      14       3 
 13       6                                               1               7      14       3 
 13       6      16  16  16  16  16  16  16  16  16       1               7      14       3 
 13       6      16                              16       1               7      14       3 
 13       6      16      11  11  11  11  11      16       1               7      14       3 
 13       6      16      11              11      16       1               7      14       3 
 13       6      16  16  -2  17  17      11      16  16  -1  15  15       7      14       3 
 13       6              12      17      11               4      15       7      14       3 
 13       6   6   6   6  -1   5  -2  10  -1   9   9   9  -2   8  -1   7   7      14       3 
 13                      13      18      18               3      14              14       3 
 13                      13      18  18  18               3      14              14       3 
 13                      13                               3      14              14       3 
 13                      13                               3      14  14  14  14  14       3 
 13                      13                               3                               3 
 13  13  13  13  13  13  13                               3                               3 
                                                          3                               3 
                                                          3   3   3   3   3   3   3   3   3 
