                         16  16  16  16  16  16  16  16  16  16  16  16  16  16  16  16  16  16  16  16  16 
                         16                                                                              16 
                         16      14  14  14  14  14  14  14  14  14  14  14  14  14  14  14  14  14      16 
                         16      14                                                              14      16 
                         16      14       9   9   9   9   9   9   9   9   9                      14      16 
                         16      14       9                               9                      14      16 
                         16      14       9       4   4   4   4   4       9                      14      16 
                         16      14       9       4               4       9                      14      16 
                         16      14       9       4               4       9      17  17  17      14      16 
                         16      14       9       4               4       9      17      17      14      16 
                         16      14       9   9  -1  10  10  10  -2  11  -1  12  -2  13  -1  14  14      16 
                         16      14               1               3      18      18      16              16 
                         16      14               1               3      18  18  18      16              16 
                         16      14               1               3                      16              16 
                         16      14               1               3                      16  16  16  16  16 
                         16      14               1               3                                         
  3   3   3   3   3      16      14               1               3                                         
  3               3      16      14               1               3                                         
  3       6   6  -1   5  -2   8  -1   7   7   7  -2   6   6       3                                         
  3       6       2      15      15               2       6       3                                         
  3       6       2      15  15  15               2       6       3                                         
  3       6       2                               2       6       3                                         
  3       6       2   2   2   2   2   2   2   2   2       6       3                                         
  3       6                                               6       3                                         
  3       6   6   6   6   6   6   6   6   6   6   6   6   6       3                                         
  3                                                               3                                         
  3   3   3   3   3   3   3   3   3   3   3   3   3   3   3   3   3                                         
