 16  16  16  16  16  16  16  16  16  16  16  16  16  16  16  16  16                                         
 16                                                              16                                         
 16       4   4   4   4   4   4   4   4   4   4   4   4   4      16                                         
 16       4                                               4      16                                         
 16       4      12  12  12  12  12  12  12  12  12       4      16                                         
 16       4      12                              12       4      16                                         
 16       4      12               6   6   6      12       4      16                                         
 16       4      12               6       6      12       4      16                                         
 16       4   4  -2   1   1   1  -1   2  -2   3  -1   4   4      16                                         
 16              11               7       5      13              16                                         
 16              11               7       5      13              16      18  18  18  18  18  18  18  18  18 
 16              11               7       5      13              16      18                              18 
 16              11               7       5      13              16      18      15  15  15  15  15      18 
 16              11               7       5      13              16      18      15              15      18 
 16  16  16  16  -1  15  15       7       5   5  -2  10  10  10  -1   9  -2   8  -1   7   7      15      18 
                 18      15       7              14              17      17      14       7      15      18 
                 18      15       7              14              17  17  17      14       7      15      18 
                 18      15       7              14                              14       7      15      18 
                 18      15       7              14  14  14  14  14  14  14  14  14       7      15      18 
                 18      15       7                                                       7      15      18 
                 18      15       7   7   7   7   7   7   7   7   7   7   7   7   7   7   7      15      18 
                 18      15                                                                      15      18 
                 18      15  15  15  15  15  15  15  15  15  15  15  15  15  15  15  15  15  15  15      18 
                 18                                                                                      18 
                 18  18  18  18  18  18  18  18  18  18  18  18  18  18  18  18  18  18  18  18  18  18  18 
