  8   8   8   8   8   8   8   8   8   8   8                                         
  8                                       8                                         
  8                                       8                       9   9   9   9   9 
  8                                       8                       9               9 
  8                      15  15  15  15  -2  14  14  14  14  14  -1  13  13       9 
  8                      15               7                      18      13       9 
  8                      15  15  15  15  -1  16  16              18      13       9 
  8                                       6      16              18      13       9 
  8                              17  17  -2  16  16              18      13       9 
  8                              17       5                      18      13       9 
  8                              17  17  -1  18  18  18  18  18  18      13       9 
  8                                       4                              13       9 
  8              12  12  12  12  12  12  -2  13  13  13  13  13  13  13  13       9 
  8              12                       3                                       9 
  8              12  12  12  12  12  12  -1  11  11  11  11                       9 
  8                                       2              11                       9 
  8      10  10  10  10  10  10  10  10  -2  11  11  11  11                       9 
  8      10                               1                                       9 
  8      10  10  10  10  10  10  10  10  -1   9   9   9   9   9   9   9   9   9   9 
  8                                       8                                         
  8   8   8   8   8   8   8   8   8   8   8                                         
