                 14  14  14  14  14  14  14  14  14  14  14  14  14  14  14  14  14  14  14  14  14  14  14 
                 14                                                                                      14 
                 14       8   8   8   8   8   8   8   8   8   8   8   8   8   8   8   8   8   8   8      14 
                 14       8                                                                       8      14 
                 14       8                                      15  15  15  15  15  15  15       8      14 
                 14       8                                      15                      15       8      14 
                 14       8                                      15       2   2   2      15       8      14 
                 14       8                                      15       2       2      15       8      14 
                 14       8      17  17  17  17  17  17  17      15       2       2      15       8      14 
                 14       8      17                      17      15       2       2      15       8      14 
                 14       8   8  -2   9   9   9   9   9  -1  10  -2   5  -1   6  -2   7  -1   8   8      14 
                 14              18                      16      16       3       1      14              14 
                 14              18                      16  16  16       3       1      14              14 
                 14              18                                       3       1      14              14 
                 14              18                                       3       1      14  14  14  14  14 
                 14              18                                       3       1                         
                 14  14  14  14  -1  13  13  13  13                       3       1                         
                                 11              13                       3       1                         
  1   1   1   1   1   1   1   1  -2   4   4      13                       3       1                         
  1                              12       4      13                       3       1                         
  1       3   3   3   3   3   3  -1   4   4      13                       3       1                         
  1       3                      13              13                       3       1                         
  1       3                      13  13  13  13  13                       3       1                         
  1       3                                                               3       1                         
  1       3   3   3   3   3   3   3   3   3   3   3   3   3   3   3   3   3       1                         
  1                                                                               1                         
  1   1   1   1   1   1   1   1   1   1   1   1   1   1   1   1   1   1   1   1   1                         
