                  9   9   9   9   9   9   9   9   9   9   9   9   9   9   9   9   9 
                  9                                                               9 
         15  15  -1  16  16  16  16  16  16  16  16  16  16  16  16  16  16       9 
         15       8                                                      16       9 
         15       8                              10  10  10  10  10      16       9 
         15       8                              10              10      16       9 
         15       8      14  14  14  14  14      10              10      16       9 
         15       8      14              14      10              10      16       9 
         15  15  -2  14  14      11  11  -2  18  -1  17  17  17  -2  16  16       9 
                  7              11      13       5               9               9 
                  7              11      13       5               9   9   9   9   9 
                  7              11      13       5                                 
  2   2   2   2  -1   1   1   1  -2   4  -1   3  -2   2   2                         
  2               6              12      12       6       2                         
  2               6              12  12  12       6       2                         
  2               6                               6       2                         
  2               6   6   6   6   6   6   6   6   6       2                         
  2                                                       2                         
  2   2   2   2   2   2   2   2   2   2   2   2   2   2   2                         
