         15  15  15  15  15  15  15  15  15  15  15  15  15  15  15  15  15         
         15                                                              15         
         15      18  18  18  18  18  18  18  18  18                      15         
         15      18                              18                      15         
         15  15  -1  16  16  16  16  16  16      18                      15         
                 13                      16      18                      15         
                 13                      16      18       2   2   2      15         
                 13                      16      18       2       2      15         
                 13       4   4   4      16      18       2       2      15         
                 13       4       4      16      18       2       2      15         
  8   8   8   8  -2   9  -1  10  -2  11  -1  12  -2   5  -1   6  -2   7  -1   8   8 
  8              14       1       3      17      17       3       1      14       8 
  8              14       1       3      17  17  17       3       1      14       8 
  8              14       1       3                       3       1      14       8 
  8              14       1       3   3   3   3   3   3   3       1      14       8 
  8              14       1                                       1      14       8 
  8              14       1   1   1   1   1   1   1   1   1   1   1      14       8 
  8              14                                                      14       8 
  8              14  14  14  14  14  14  14  14  14  14  14  14  14  14  14       8 
  8                                                                               8 
  8   8   8   8   8   8   8   8   8   8   8   8   8   8   8   8   8   8   8   8   8 
