                         18  18  18  18  18  18  18  18  18  18  18  18  18  18  18  18  18  18  18  18  18  18  18 
                         18                                                                                      18 
                         18      16  16  16  16  16  16  16  16  16  16  16  16  16  16  16  16  16  16  16      18 
                         18      16                                                                      16      18 
                         18      16       3   3   3   3   3   3   3   3   3   3   3   3   3   3   3      16      18 
                         18      16       3                                                       3      16      18 
                         18      16       3                               6   6   6   6   6       3      16      18 
                         18      16       3                               6               6       3      16      18 
                         18      16       3      10  10  10  10  10       6               6       3      16      18 
                         18      16       3      10              10       6               6       3      16      18 
                         18      16       3   3  -1   4   4   4  -2   1  -1   2   2   2  -2   3   3      16      18 
                         18      16              11               9       7               5              16      18 
                         18      16  16  16  16  -2  17  17       9       7      15  15  -1  16  16  16  16      18 
                         18                      12      17       9       7      15      18                      18 
                         18                      12      17       9       7      15      18  18  18  18  18  18  18 
                         18                      12      17       9       7      15                                 
                         18  18  18  18  18  18  -1  17  17       9       7      15                                 
                                                 13               9       7      15                                 
 15  15  15  15  15                              13               9       7      15                                 
 15              15                              13               9       7      15                                 
 15       7   7  -1   8   8   8   8   8   8   8  -2   9   9   9   9       7      15                                 
 15       7      14                              14                       7      15                                 
 15       7      14  14  14  14  14  14  14  14  14                       7      15                                 
 15       7                                                               7      15                                 
 15       7   7   7   7   7   7   7   7   7   7   7   7   7   7   7   7   7      15                                 
 15                                                                              15                                 
 15  15  15  15  15  15  15  15  15  15  15  15  15  15  15  15  15  15  15  15  15                                 
