                          5   5   5   5   5   5   5   5   5   5   5   5   5   5   5   5   5         
                          5                                                               5         
                          5       7   7   7   7   7   7   7   7   7   7   7   7   7       5         
                          5       7                                               7       5         
                          5       7      18  18  18  18  18  18  18  18  18       7       5         
                          5       7      18                              18       7       5         
                          5       7      18      12  12  12  12  12      18       7       5         
                          5       7      18      12              12      18       7       5         
                          5       7      18  18  -1  17  17  17  -2  16  -1  15  -2  14  -1  13  13 
                          5       7               9              11      13       8       8      13 
                          5       7               9              11      13       8   8   8      13 
                          5       7               9              11      13                      13 
                          5       7               9              11      13  13  13  13  13  13  13 
                          5       7               9              11                                 
 11  11  11  11  11       5       7               9              11                                 
 11              11       5       7               9              11                                 
 11       4   4  -1   3  -2   2  -1   1   1   1  -2   4   4      11                                 
 11       4      10       6       6              10       4      11                                 
 11       4      10       6   6   6              10       4      11                                 
 11       4      10                              10       4      11                                 
 11       4      10  10  10  10  10  10  10  10  10       4      11                                 
 11       4                                               4      11                                 
 11       4   4   4   4   4   4   4   4   4   4   4   4   4      11                                 
 11                                                              11                                 
 11  11  11  11  11  11  11  11  11  11  11  11  11  11  11  11  11                                 
