         15  15  15  15  15  15  15  15  15  15  15  15  15  15  15         
         15                                                      15         
         15      11  11  11  11  11  11  11                      15         
         15      11                      11                      15         
         15  15  -1  16  16              11                      15         
                 18      16              11                      15         
                 18      16              11       2   2   2      15         
                 18      16              11       2       2      15         
  8   8   8   8  -2   9  -1  10  10  10  -2   5  -1   6  -2   7  -1   8   8 
  8              17      17              12       3       1      14       8 
  8              17  17  17              12       3       1      14       8 
  8                                      12       3       1      14       8 
  8                               4   4  -1   3   3       1      14       8 
  8                               4      13               1      14       8 
  8                               4   4  -2   1   1   1   1      14       8 
  8                                      14                      14       8 
  8                                      14  14  14  14  14  14  14       8 
  8                                                                       8 
  8   8   8   8   8   8   8   8   8   8   8   8   8   8   8   8   8   8   8 
