                 18  18  18  18  18  18  18  18  18  18  18  18  18  18  18  18  18  18  18 
                 18                                                                      18 
                 18       8   8   8   8   8   8   8   8   8   8   8   8   8   8   8      18 
                 18       8                                                       8      18 
                 18       8      11  11  11  11  11  11  11  11  11  11  11       8      18 
                 18       8      11                                      11       8      18 
                 18       8      11       2   2   2   2   2   2   2      11       8      18 
                 18       8      11       2                       2      11       8      18 
                 18       8      11       2      15  15  15       2      11       8      18 
                 18       8      11       2      15      15       2      11       8      18 
                 18       8   8  -2   9  -1  10  -2   5  -1   6  -2   7  -1   8   8      18 
                 18              12       3      16      14       1      18              18 
                 18              12       3      16      14       1      18  18  18  18  18 
                 18              12       3      16      14       1                         
  1   1   1   1  -2   4   4   4  -1   3   3      16      14       1                         
  1              17              13              16      14       1                         
  1      14  14  -1  13  13  13  13              16      14       1                         
  1      14      16                              16      14       1                         
  1      14      16  16  16  16  16  16  16  16  16      14       1                         
  1      14                                              14       1                         
  1      14  14  14  14  14  14  14  14  14  14  14  14  14       1                         
  1                                                               1                         
  1   1   1   1   1   1   1   1   1   1   1   1   1   1   1   1   1                         
