         15  15  15  15  15  15  15  15  15  15  15  15  15  15  15  15  15  15  15  15  15  15  15 
         15                                                                                      15 
         15       8   8   8   8   8   8   8   8   8   8   8   8   8   8   8   8   8   8   8      15 
         15       8                                                                       8      15 
         15       8               4   4   4   4   4                                       8      15 
         15       8               4               4                                       8      15 
         15       8               4               4              16  16  16  16  16       8      15 
         15       8               4               4              16              16       8      15 
 14  14  -1  13  -2  12  12  12  -1  11  11  11  -2  10  10  10  -1   9   9   9  -2   8   8      15 
 14      18       7               1               3              17              15              15 
 14      18       7               1               3              17              15  15  15  15  15 
 14      18       7               1               3              17                                 
 14      18       7   7   7   7  -2   6   6       3       5   5  -2  14  14                         
 14      18                       2       6       3       5      18      14                         
 14      18               5   5  -1   6   6       3       5      18      14                         
 14      18               5       3               3       5      18      14                         
 14      18               5       3   3   3   3   3       5      18      14                         
 14      18               5                               5      18      14                         
 14      18               5   5   5   5   5   5   5   5   5      18      14                         
 14      18                                                      18      14                         
 14      18  18  18  18  18  18  18  18  18  18  18  18  18  18  18      14                         
 14                                                                      14                         
 14  14  14  14  14  14  14  14  14  14  14  14  14  14  14  14  14  14  14                         
