                          1   1   1   1   1   1   1   1   1   1   1   1   1   1   1   1   1   1   1 
                          1                                                                       1 
                          1       3   3   3   3   3   3   3   3   3   3   3   3   3   3   3       1 
                          1       3                                                       3       1 
                          1       3      11  11  11  11  11  11  11  11  11               3       1 
                          1       3      11                              11               3       1 
                          1       3      11                       4   4  -1   3   3   3   3       1 
                          1       3      11                       4      10                       1 
                          1       3      11                       4   4  -2   1   1   1   1   1   1 
                          1       3      11                               9                         
                          1       3      11      13  13  13               9                         
                          1       3      11      13      13               9                         
 15  15  15  15  15       1       3      11      13      13               9                         
 15              15       1       3      11      13      13               9                         
 15       8   8  -1   7  -2   6  -1   5  -2  18  -1  17  -2  16  16  16  -1  15  15                 
 15       8      14       2       2      12      12      14               8      15                 
 15       8      14       2       2      12  12  12      14               8      15                 
 15       8      14       2       2                      14               8      15                 
 15       8      14       2   2   2                      14               8      15                 
 15       8      14                                      14               8      15                 
 15       8      14  14  14  14  14  14  14  14  14  14  14               8      15                 
 15       8                                                               8      15                 
 15       8   8   8   8   8   8   8   8   8   8   8   8   8   8   8   8   8      15                 
 15                                                                              15                 
 15  15  15  15  15  15  15  15  15  15  15  15  15  15  15  15  15  15  15  15  15                 
