                                 13  13  13  13  13  13  13  13  13  13  13  13  13  13  13  13  13  13  13 
                                 13                                                                      13 
                                 13       3   3   3   3   3   3   3   3   3   3   3   3   3   3   3      13 
                                 13       3                                                       3      13 
                                 13       3                               6   6   6   6   6       3      13 
                                 13       3                               6               6       3      13 
                                 13       3      11  11  11  11  11       6               6       3      13 
                                 13       3      11              11       6               6       3      13 
                                 13       3   3  -1   4   4   4  -2   1  -1   2   2   2  -2   3   3      13 
                                 13              10              12       7               5              13 
                                 13  13  13  13  -2  12  12  12  12       7      14  14  -1  13  13  13  13 
                                                  9                       7      14      18                 
 18  18  18  18  18  18  18                       9                       7      14      18                 
 18                      18                       9                       7      14      18                 
 18      14  14  14  14  -2  15  15  15  15  15  -1  16  16               7      14      18                 
 18      14              17                       8      16               7      14      18                 
 18      14       7   7  -1   8   8   8   8   8   8      16               7      14      18                 
 18      14       7      16                              16               7      14      18                 
 18      14       7      16  16  16  16  16  16  16  16  16               7      14      18                 
 18      14       7                                                       7      14      18                 
 18      14       7   7   7   7   7   7   7   7   7   7   7   7   7   7   7      14      18                 
 18      14                                                                      14      18                 
 18      14  14  14  14  14  14  14  14  14  14  14  14  14  14  14  14  14  14  14      18                 
 18                                                                                      18                 
 18  18  18  18  18  18  18  18  18  18  18  18  18  18  18  18  18  18  18  18  18  18  18                 
