  2   2   2   2   2   2   2   2   2   2   2   2   2   2   2   2   2   2   2   2   2   2   2   2   2 
  2                                                                                               2 
  2      14  14  14  14  14  14  14  14  14  14  14  14  14  14  14  14  14                       2 
  2      14                                                              14                       2 
  2      14      16  16  16  16  16  16  16  16  16  16  16              14                       2 
  2      14      16                                      16              14                       2 
  2      14      16       9   9   9   9   9   9   9      16              14                       2 
  2      14      16       9                       9      16              14                       2 
  2      14      16  16  -1  15  15               9      16              14                       2 
  2      14               8      15               9      16              14                       2 
  2      14  14  14  14  -2  15  15      17  17  -2  16  16              14                       2 
  2                       7              17      10                      14                       2 
  2   2   2   2   2   2  -1   1   1   1  -2   4  -1   3   3   3   3   3  -2   2   2   2   2   2   2 
                          6              18      11                      13                         
                          6              18      11               5   5  -1   6   6   6   6         
                          6              18      11               5      12               6         
                          6              18      11               5   5  -2  18  18       6         
                          6              18      11                      11      18       6         
                          6              18      11  11  11  11  11  11  11      18       6         
                          6              18                                      18       6         
                          6              18  18  18  18  18  18  18  18  18  18  18       6         
                          6                                                               6         
                          6   6   6   6   6   6   6   6   6   6   6   6   6   6   6   6   6         
