                 16  16  16  16  16  16  16  16  16  16  16  16  16  16  16  16  16  16  16  16  16  16  16 
                 16                                                                                      16 
                 16       9   9   9   9   9                                                              16 
                 16       9               9                                                              16 
                 16       9               9      11  11  11  11  11  11  11  11  11  11  11  11  11      16 
                 16       9               9      11                                              11      16 
                 16       9               9      11              17  17  17  17  17  17  17      11      16 
                 16       9               9      11              17                      17      11      16 
                 16  16  -2  15  15       9      11      13  13  -1  12  12  12  12  12  -2  11  11      16 
                          8      15       9      11      13      18                      16              16 
                          8      15       9      11      13      18                      16  16  16  16  16 
                          8      15       9      11      13      18                                         
 14  14  14  14  14  14  -1  15  15       9      11      13  13  -2  14  14  14  14                         
 14                       7               9      11               5              14                         
 14       2   2   2   2  -1   1   1   1  -2   4  -1   3   3   3  -2   2   2      14                         
 14       2               6              10      10               6       2      14                         
 14       2               6              10  10  10               6       2      14                         
 14       2               6                                       6       2      14                         
 14       2               6   6   6   6   6   6   6   6   6   6   6       2      14                         
 14       2                                                               2      14                         
 14       2   2   2   2   2   2   2   2   2   2   2   2   2   2   2   2   2      14                         
 14                                                                              14                         
 14  14  14  14  14  14  14  14  14  14  14  14  14  14  14  14  14  14  14  14  14                         
