  3   3   3   3   3   3   3   3   3   3   3   3   3   3   3   3   3   3   3   3   3   3   3 
  3                                                                                       3 
  3              16  16  16  16  16  16  16  16  16  16  16  16  16  16  16  16  16       3 
  3              16                                                              16       3 
  3              16      12  12  12  12  12  12  12  12  12                      16       3 
  3              16      12                              12                      16       3 
  3              16  16  -1  17  17                      12                      16       3 
  3                      11      17                      12                      16       3 
  3                      11      17                      12       8   8   8      16       3 
  3                      11      17                      12       8       8      16       3 
  3   3   3   3   3   3  -2   4  -1   5   5   5   5   5  -2   6  -2   1  -1   2  -1   3   3 
                         10      18                      13       7       9      15         
                         10      18  18  18  18  18      13       7       9      15         
                         10                      18      13       7       9      15         
         15  15  15  15  -2  14  14  14  14      18  18  -2   7   7       9      15         
         15               9              14              14               9      15         
         15               9              14  14  14  14  14               9      15         
         15               9                                               9      15         
         15               9   9   9   9   9   9   9   9   9   9   9   9   9      15         
         15                                                                      15         
         15  15  15  15  15  15  15  15  15  15  15  15  15  15  15  15  15  15  15         
