          9   9   9   9   9   9   9   9   9   9   9   9   9   9   9   9   9         
          9                                                               9         
          9      17  17  17  17  17  17  17  17  17  17  17  17  17       9         
          9      17                                              17       9         
          9      17      13  13  13  13  13  13  13  13  13      17       9         
          9      17      13                              13      17       9         
          9      17      13                      16  16  -1  17  17       9         
          9      17      13                      16      14               9         
          9      17      13      11  11  11      16      14               9         
          9      17      13      11      11      16      14               9         
  6   6  -1   5  -2   4  -1   3  -2   2  -1   1  -1   8  -2   7   7   7  -2   6   6 
  6      18      18      12      12      10      15      15              10       6 
  6      18  18  18      12      12      10      15      15              10       6 
  6                      12      12      10      15      15              10       6 
  6                      12      12      10      15  15  15              10       6 
  6                      12      12      10                              10       6 
  6                      12  12  12      10                              10       6 
  6                                      10                              10       6 
  6                                      10  10  10  10  10  10  10  10  10       6 
  6                                                                               6 
  6   6   6   6   6   6   6   6   6   6   6   6   6   6   6   6   6   6   6   6   6 
