  7   7   7   7   7   7   7   7   7   7   7                                         
  7                                       7                                         
  7      10  10  10  10  10  10  10  10  -1   9   9                                 
  7      10                               6       9                                 
  7      10      18  18  18  18  18  18  -2   9   9                                 
  7      10      18                       5                                         
  7      10      18      13  13  13  13  -2  14  14  14  14  14  14  14  14  14  14 
  7      10      18      13               4                                      14 
  7      10      18      13  13  13  13  -1  12  12  12  12  12  12  12  12      14 
  7      10      18                       3                              12      14 
  7      10      18  18  18  18  18  18  -1  17  17  17  17  17  17      12      14 
  7      10                               2                      17      12      14 
  7      10  10  10  10  10  10  10  10  -2  11  11  11  11      17      12      14 
  7                                       1              11      17      12      14 
  7                              15  15  -2  16  16  16  -2  17  17      12      14 
  7                              15       8              12              12      14 
  7                              15       8              12  12  12  12  12      14 
  7                              15       8                                      14 
  7                              15  15  -1  14  14  14  14  14  14  14  14  14  14 
  7                                       7                                         
  7   7   7   7   7   7   7   7   7   7   7                                         
