  8   8   8   8   8   8   8   8   8   8   8   8   8   8   8   8   8   8   8         
  8                                                                       8         
  8                              15  15  15  15  15  15  15  15  15       8         
  8                              15                              15       8         
  8                              15       5   5   5   5   5      15       8         
  8                              15       5               5      15       8         
  8                              15  15  -1  16  16       5      15  15  -1  14  14 
  8                                       4      16       5               7      14 
  8               2   2   2               4      16       5               7      14 
  8               2       2               4      16       5               7      14 
  8   8   8   8  -2   9  -1  10  10  10  -2  11  -1  12  -1  13  13  13  -2  14  14 
                  1       3               3      17       6              18         
                  1       3   3   3   3   3      17       6              18         
                  1                              17       6              18         
         18  18  -2  17  17  17  17  17  17  17  17       6              18         
         18       6                                       6              18         
         18       6   6   6   6   6   6   6   6   6   6   6              18         
         18                                                              18         
         18  18  18  18  18  18  18  18  18  18  18  18  18  18  18  18  18         
