  3   3   3   3   3   3   3   3   3   3   3                                         
  3                                       3                                         
  3      16  16  16  16  16  16  16  16  -1  15  15  15  15  15  15  15  15  15  15 
  3      16                               2                                      15 
  3      16                       8   8  -2   9   9   9   9   9   9   9   9      15 
  3      16                       8       1                               9      15 
  3      16                       8   8  -1   7   7   7   7               9      15 
  3      16                               6               7               9      15 
  3      16      12  12  12  12  12  12  -2  13  13  13  -2  14  14       9      15 
  3      16      12                       5              18      14       9      15 
  3      16      12                       5      18  18  18      14       9      15 
  3      16      12                       5      18              14       9      15 
  3      16      12                       5      18      14  14  14       9      15 
  3      16      12                       5      18      14               9      15 
  3      16      12      17  17  17  17  -2  18  18      14               9      15 
  3      16      12      17               4              14               9      15 
  3      16      12  12  -1  11  11  11  -1  10  10  10  -2   9   9   9   9      15 
  3      16              16               3              15                      15 
  3      16  16  16  16  16               3              15                      15 
  3                                       3              15                      15 
  3                                       3              15  15  15  15  15  15  15 
  3                                       3                                         
  3   3   3   3   3   3   3   3   3   3   3                                         
