 13  13  13  13  13  13  13  13  13  13  13  13  13  13  13  13  13  13  13  13  13                 
 13                                                                              13                 
 13       3   3   3   3   3   3   3   3   3   3   3   3   3   3   3              13                 
 13       3                                                       3              13                 
 13       3      14  14  14  14  14  14  14  14  14  14  14       3              13                 
 13       3      14                                      14       3              13                 
 13       3      14       7   7   7   7   7   7   7      14       3              13                 
 13       3      14       7                       7      14       3              13                 
 13       3      14       7      15  15  15  15  -2  14  14       3              13                 
 13       3      14       7      15               8               3              13                 
 13       3   3  -1   2  -1   1  -2   4   4   4  -2   3   3   3   3       5   5  -2   6   6   6   6 
 13              13       6      16               9                       5      12               6 
 13  13  13  13  13       6      16               9                       5      12               6 
                          6      16               9                       5      12               6 
                          6      16      11  11  -1  18  18  18  18  18  -2  17  -1  16  16       6 
                          6      16      11      10                      10      11      16       6 
                          6      16      11      10  10  10  10  10  10  10      11      16       6 
                          6      16      11                                      11      16       6 
                          6      16      11  11  11  11  11  11  11  11  11  11  11      16       6 
                          6      16                                                      16       6 
                          6      16  16  16  16  16  16  16  16  16  16  16  16  16  16  16       6 
                          6                                                                       6 
                          6   6   6   6   6   6   6   6   6   6   6   6   6   6   6   6   6   6   6 
