                         18  18  18  18  18  18  18  18  18  18  18  18  18  18  18  18  18  18  18 
                         18                                                                      18 
                         18      10  10  10  10  10  10  10  10  10  10  10  10  10  10  10      18 
                         18      10                                                      10      18 
                         18      10      15  15  15  15  15  15  15  15  15  15  15      10      18 
                         18      10      15                                      15      10      18 
                         18      10      15      11  11  11  11  11              15      10      18 
                         18      10      15      11              11              15      10      18 
                         18      10  10  -2  11  11       2   2  -2   3   3      15      10      18 
                         18              16               2      12       3      15      10      18 
  4   4   4   4   4      18              16               2      12       3      15      10      18 
  4               4      18              16               2      12       3      15      10      18 
  4      13  13  -1  14  -1   5   5   5  -2   6   6   6  -2   7  -1   8  -2   9  -1  10  10      18 
  4      13       1      17              17               1      13       4      18              18 
  4      13       1      17              17               1      13       4      18  18  18  18  18 
  4      13       1      17              17               1      13       4                         
  4      13       1      17  17  17  17  17               1      13       4                         
  4      13       1                                       1      13       4                         
  4      13       1   1   1   1   1   1   1   1   1   1   1      13       4                         
  4      13                                                      13       4                         
  4      13  13  13  13  13  13  13  13  13  13  13  13  13  13  13       4                         
  4                                                                       4                         
  4   4   4   4   4   4   4   4   4   4   4   4   4   4   4   4   4   4   4                         
