                                 10  10  10  10  10  10  10  10  10  10  10  10  10  10  10  10  10  10  10 
                                 10                                                                      10 
                                 10      17  17  17  17  17  17  17  17  17  17  17  17  17  17  17      10 
                                 10      17                                                      17      10 
                                 10      17       3   3   3   3   3   3   3   3   3   3   3      17      10 
                                 10      17       3                                       3      17      10 
  6   6   6   6   6              10      17       3                                       3      17      10 
  6               6              10      17       3                                       3      17      10 
  6               6              10      17       3       8   8   8   8   8   8   8       3      17      10 
  6               6              10      17       3       8                       8       3      17      10 
  6      11  11  -1  10  10  10  10      17       3       8       4   4   4   4  -2   3   3      17      10 
  6      11       5                      17       3       8       4               9              17      10 
  6      11       5      17  17  17  17  17       3       8       4               9              17      10 
  6      11       5      17                       3       8       4               9              17      10 
  6      11  11  -2  12  -1  13  13  13  13  13  -1  14  -2  15  -2  16  16  16  -1  17  17  17  17      10 
  6              18      18                       2       7       1              10                      10 
  6              18  18  18                       2       7       1              10                      10 
  6                                               2       7       1              10                      10 
  6                                               2       7       1              10  10  10  10  10  10  10 
  6                                               2       7       1                                         
  6                                               2       7   7  -2   6   6                                 
  6                                               2               2       6                                 
  6                                               2   2   2   2   2       6                                 
  6                                                                       6                                 
  6   6   6   6   6   6   6   6   6   6   6   6   6   6   6   6   6   6   6                                 
