  3   3   3   3   3   3   3   3   3   3   3   3   3   3   3   3   3   3   3   3   3                                 
  3                                                                               3                                 
  3      13  13  13  13  13  13  13  13  13  13  13  13  13  13  13  13  13       3                                 
  3      13                                                              13       3                                 
  3      13       8   8   8   8   8   8   8   8   8   8   8   8   8      13       3                                 
  3      13       8                                               8      13       3                                 
  3      13       8      14  14  14  14  14  14  14  14  14       8      13       3                                 
  3      13       8      14                              14       8      13       3                                 
  3      13       8      14       2   2   2              14       8      13       3                                 
  3      13       8      14       2       2              14       8      13       3                                 
  3      13       8      14       2       2              14       8      13       3      10  10  10  10  10         
  3      13       8      14       2       2              14       8      13       3      10              10         
  3      13       8   8  -1   5  -1   6  -2   7   7   7  -2   8   8      13       3   3  -2   4   4   4  -1   1   1 
  3      13              13       3       1              15              13              11               9       1 
  3      13  13  13  13  13       3       1              15              13              11               9       1 
  3                               3       1              15              13              11               9       1 
  3   3   3   3   3   3   3   3   3       1              15              13              11               9       1 
                                          1              15              13              11               9       1 
                                          1       9   9  -2  18  18  18  -1  17  17  17  -2  16  16       9       1 
                                          1       9      16              12              12      16       9       1 
                                          1       9      16              12  12  12  12  12      16       9       1 
                                          1       9      16                                      16       9       1 
                                          1       9      16  16  16  16  16  16  16  16  16  16  16       9       1 
                                          1       9                                                       9       1 
                                          1       9   9   9   9   9   9   9   9   9   9   9   9   9   9   9       1 
                                          1                                                                       1 
                                          1   1   1   1   1   1   1   1   1   1   1   1   1   1   1   1   1   1   1 
