                  8   8   8   8   8   8   8   8   8   8   8   8   8   8   8   8   8   8   8   8   8   8   8 
                  8                                                                                       8 
                  8      14  14  14  14  14  14  14  14  14  14  14  14  14  14  14  14  14  14  14       8 
                  8      14                                                                      14       8 
                  8      14       9   9   9   9   9   9   9   9   9   9   9   9   9   9   9      14       8 
                  8      14       9                                                       9      14       8 
                  8      14       9      11  11  11  11  11  11  11  11  11  11  11       9      14       8 
                  8      14       9      11                                      11       9      14       8 
                  8      14       9      11      17  17  17  17  17  17  17      11       9      14       8 
                  8      14       9      11      17                      17      11       9      14       8 
                  8      14       9      11      17      12  12  12  12  -2  11  11       9      14       8 
                  8      14       9      11      17      12              16               9      14       8 
 15  15  15  15  -1  14  14       9      11      17  17  -2  18  18  18  -1  13  13  13  -2  14  14       8 
 15               7               9      11               5              15               8               8 
 15               7               9      11               5              15               8   8   8   8   8 
 15               7               9      11               5              15                                 
 15       2   2  -1   1   1   1  -2   4  -1   3   3   3  -2   2   2      15                                 
 15       2       6              10      10               6       2      15                                 
 15       2       6              10  10  10               6       2      15                                 
 15       2       6                                       6       2      15                                 
 15       2       6   6   6   6   6   6   6   6   6   6   6       2      15                                 
 15       2                                                       2      15                                 
 15       2   2   2   2   2   2   2   2   2   2   2   2   2   2   2      15                                 
 15                                                                      15                                 
 15  15  15  15  15  15  15  15  15  15  15  15  15  15  15  15  15  15  15                                 
