 10  10  10  10  10  10  10  10  10  10  10  10  10  10  10  10  10  10  10  10  10  10  10                 
 10                                                                                      10                 
 10      15  15  15  15  15  15  15  15  15  15  15  15  15  15  15  15  15  15  15      10                 
 10      15                                                                      15      10                 
 10      15      11  11  11  11  11  11  11  11  11  11  11  11  11  11  11      15      10                 
 10      15      11                                                      11      15      10                 
 10      15      11                               6   6   6   6   6      11      15      10                 
 10      15      11                               6               6      11      15      10                 
 10      15  15  -2  16  16  16  16  16  16  16  -1  17  17       6      11      15      10                 
 10              10                               5      17       6      11      15      10                 
 10  10  10  10  10                               5      17       6      11      15      10                 
                                                  5      17       6      11      15      10                 
                         18  18  18  18  18  18  -2  17  17       6      11      15  15  -1  18  18  18  18 
                         18                      14               6      11               9              18 
                         18       4   4   4   4  -2   1   1   1  -1   2  -2   3   3   3  -1   4   4      18 
                         18       4              13               7      12               8       4      18 
                         18       4       8   8  -1   7   7   7   7      12               8       4      18 
                         18       4       8      12                      12               8       4      18 
                         18       4       8      12  12  12  12  12  12  12               8       4      18 
                         18       4       8                                               8       4      18 
                         18       4       8   8   8   8   8   8   8   8   8   8   8   8   8       4      18 
                         18       4                                                               4      18 
                         18       4   4   4   4   4   4   4   4   4   4   4   4   4   4   4   4   4      18 
                         18                                                                              18 
                         18  18  18  18  18  18  18  18  18  18  18  18  18  18  18  18  18  18  18  18  18 
