  6   6   6   6   6   6   6   6   6   6   6   6   6   6   6   6   6   6   6         
  6                                                                       6         
  6      13  13  13  13  13  13  13  13  13  13  13  13  13               6         
  6      13                                              13               6         
  6      13               3   3   3   3   3              13               6         
  6      13               3               3              13               6         
  6      13  13  13  13  -1  14  14       3              13  13  13  13  -1  12  12 
  6                       2      14       3                               5      12 
  6                       2      14       3      17  17  17  17  17       5      12 
  6                       2      14       3      17              17       5      12 
  6   6   6   6   6   6  -2   7  -1   8  -2   9  -2  10  10  10  -1  11  -2  12  12 
                          1      15       4      16              18      18         
                          1      15       4      16              18  18  18         
                          1      15       4      16                                 
                 16  16  -1  15  15       4      16                                 
                 16       4               4      16                                 
                 16       4   4   4   4   4      16                                 
                 16                              16                                 
                 16  16  16  16  16  16  16  16  16                                 
