  6   6   6   6   6   6   6   6   6   6   6   6   6   6   6   6   6         
  6                                                               6         
  6      15  15  15  15  15  15  15  15  15  15  15               6         
  6      15                                      15               6         
  6      15               3   3   3   3   3      15               6         
  6      15               3               3      15               6         
  6      15  15  15  15  -2  16  16       3      15      13  13  -1  12  12 
  6                       2      16       3      15      13       5      12 
  6   6   6   6   6   6  -2   7  -1   8  -1   9  -2  10  -1  11  -2  12  12 
                          1      17       4      14      14      18         
                          1      17       4      14  14  14      18         
                          1      17       4                      18         
                 18  18  -1  17  17       4                      18         
                 18       4               4                      18         
                 18       4   4   4   4   4                      18         
                 18                                              18         
                 18  18  18  18  18  18  18  18  18  18  18  18  18         
