         18  18  18  18  18  18  18  18  18  18  18  18  18  18  18  18  18  18  18 
         18                                                                      18 
         18      16  16  16  16  16  16  16  16  16  16  16  16  16  16  16      18 
         18      16                                                      16      18 
         18      16       3   3   3   3   3   3   3   3   3   3   3      16      18 
         18      16       3                                       3      16      18 
         18      16       3       1   1   1   1   1   1   1       3      16      18 
         18      16       3       1                       1       3      16      18 
         18      16       3       1      14  14  14       1       3      16      18 
         18      16       3       1      14      14       1       3      16      18 
 13  13  -1  12  -2  11  -2  10  -1   9  -1   8  -2   7  -2   6  -1   5  -1  18  18 
 13      17      17       4       4      13      15       2       2      15         
 13      17  17  17       4       4      13      15       2       2      15         
 13                       4       4      13      15       2       2      15         
 13                       4   4   4      13      15       2       2      15         
 13                                      13      15       2       2      15         
 13  13  13  13  13  13  13  13  13  13  13      15       2       2      15         
                                                 15       2       2      15         
                                                 15       2   2   2      15         
                                                 15                      15         
                                                 15  15  15  15  15  15  15         
